ozone_datasets/Ebas_221019_1549/US1200R.20140101000000.20180129171638.uv_abs.ozone.air.1y.1h.US06L_Thermo_49C_MLO.US06L_AM.lev2.nas
86 1001
McClure-Begley, Audra; Petropavlovskikh, Irina
US06L, National Oceanic and Atmospheric Administration, NOAA/ESRL/GMD, "Earth System Research Laboratory, Global Monitoring Division", 325 Broadway, , CO 80305-3, Boulder, U.S.A.
McClure-Begley, Audra
GAW-WDCRG NOAA-ESRL
1 1
2014 01 01 2018 01 29
0.041667
days from file reference point
10
1 1 1 1 1 1 1 1 1 1
999.999999 9999.999 999.99 9999.999 999.99 9999.999 999.99 999.999 999.99 9.999999999999999
end_time of measurement, days from the file reference point
ozone, ug/m3, Statistics=arithmetic mean, Volume std. temperature=293.15 K, Volume std. pressure=1013.25 hPa, Detection limit=1.995 ug/m3, Measurement uncertainty=1.995 ug/m3, Measurement uncertainty expl.=includes statistical uncertainty of individual sample and calibration uncertainty, "Comment=Data converted on import into EBAS from 'nmol/mol' to 'ug/m3' at 293.15 K, 1013.25 hPa, conversion factor 1.99534."
ozone, nmol/mol, Statistics=arithmetic mean, Detection limit=1.0 nmol/mol, Measurement uncertainty=1.0 nmol/mol, Measurement uncertainty expl.=includes statistical uncertainty of individual sample and calibration uncertainty, "Comment=Data converted on import into EBAS from 'nmol/mol' to 'ug/m3' at 293.15 K, 1013.25 hPa, conversion factor 1.99534. -- Data converted on export from EBAS from 'ug/m3' at 293.15 K, 1013.25 hPa to 'nmol/mol', conversion factor 0.5012. Measurement uncertainty converted from '1.995 ug/m3' at 293.15 K, 1013.25 hPa to '1.0 nmol/mol', conversion factor 0.5012. Detection limit converted from '1.995 ug/m3' at 293.15 K, 1013.25 hPa to '1.0 nmol/mol', conversion factor 0.5012."
ozone, ug/m3, Statistics=maximum, Volume std. temperature=293.15 K, Volume std. pressure=1013.25 hPa, Detection limit=1.995 ug/m3, "Comment=Data converted on import into EBAS from 'nmol/mol' to 'ug/m3' at 293.15 K, 1013.25 hPa, conversion factor 1.99534. Detection limit converted from '1.0 nmol/mol' to '1.995 ug/m3' at 293.15 K, 1013.25 hPa, conversion factor 1.99534."
ozone, nmol/mol, Statistics=maximum, Detection limit=1.0 nmol/mol, "Comment=Data converted on import into EBAS from 'nmol/mol' to 'ug/m3' at 293.15 K, 1013.25 hPa, conversion factor 1.99534. Detection limit converted from '1.0 nmol/mol' to '1.995 ug/m3' at 293.15 K, 1013.25 hPa, conversion factor 1.99534. -- Data converted on export from EBAS from 'ug/m3' at 293.15 K, 1013.25 hPa to 'nmol/mol', conversion factor 0.5012. Detection limit converted from '1.995 ug/m3' at 293.15 K, 1013.25 hPa to '1.0 nmol/mol', conversion factor 0.5012."
ozone, ug/m3, Statistics=minimum, Volume std. temperature=293.15 K, Volume std. pressure=1013.25 hPa, Detection limit=1.995 ug/m3, "Comment=Data converted on import into EBAS from 'nmol/mol' to 'ug/m3' at 293.15 K, 1013.25 hPa, conversion factor 1.99534. Detection limit converted from '1.0 nmol/mol' to '1.995 ug/m3' at 293.15 K, 1013.25 hPa, conversion factor 1.99534."
[...]
Inlet type:                   Hat or hood
Inlet description:            Downward Facing, teflon inlet bell
Inlet tube material:          Teflon
Inlet tube outer diameter:    6.35 mm
Inlet tube inner diameter:    4.76 mm
Inlet tube length:            7.0 m
Flow rate:                    1.0 l/min
Humidity/temperature control description: Automatic
Zero/negative values code:    Zero/negative possible
Zero/negative values:         Zero and neg. values may appear due to statistical variations at very low concentrations
Absorption cross section:     Hearn, 1961 cm2
QA1 measure ID:               US06L_reference_calibration_20070630
QA1 date:                     20100101
QA1 outcome:                  pass
Originator:                   "McClure-Begley, Audra, Audra.mcclure@noaa.gov, National Oceanic and Atmospheric Administration/Earth System Research Laboratory/Global Monitoring Division, NOAA/ESRL/GMD, , 325 Broadway, , 80305, ""Boulder, CO"", USA"
Originator:                   "Petropavlovskikh, Irina, Irina.petro@noaa.gov, National Oceanic and Atmospheric Administration/Earth System Research Laboratory/Global Monitoring Division, NOAA/ESRL/GMD, , 325 Broadway, , 80305, ""Boulder, CO"", USA"
Submitter:                    "McClure-Begley, Audra, Audra.mcclure@noaa.gov, National Oceanic and Atmospheric Administration/Earth System Research Laboratory/Global Monitoring Division, NOAA/ESRL/GMD, , 325 Broadway, , 80305, ""Boulder, CO"", USA"
Acknowledgement:              "Request Acknowledgement details from data originator. http://dx.doi.org/10.7289/V57P8WBF"
starttime endtime O3 O3 O3 O3 O3 O3 O3 O3 flag
[from data line 156]
  6.500000   6.541667   99.588  49.91  102.860  51.55   96.575  48.40   2.115   1.06 0.189188000000000
  6.541667   6.583333   95.477  47.85   96.315  48.27   94.479  47.35   0.599   0.30 0.189188000000000
  6.583333   6.625000   94.659  47.44   95.018  47.62   94.340  47.28   0.219   0.11 0.189188000000000
  6.625000   6.666667   94.699  47.46   95.497  47.86   94.080  47.15   0.479   0.24 0.188189000000000
  6.666667   6.708333   95.717  47.97   96.076  48.15   95.138  47.68   0.299   0.15 0.188189000000000
  6.708333   6.750000   96.295  48.26   97.353  48.79   95.717  47.97   0.499   0.25 0.189188000000000
  6.750000   6.791667  102.082  51.16  104.835  52.54   99.029  49.63   1.935   0.97 0.188189000000000
  6.791667   6.833333 9999.999 999.99 9999.999 999.99 9999.999 999.99 999.999 999.99 0.456188189000000
  6.833333   6.875000  107.130  53.69  107.888  54.07  106.272  53.26   0.439   0.22 0.188189000000000
  6.875000   6.916667  109.225  54.74  111.041  55.65  107.549  53.90   1.157   0.58 0.189000000000000
  6.916667   6.958333  107.928  54.09  109.065  54.66  106.013  53.13   0.918   0.46 0.189188000000000
  6.958333   7.000000  104.197  52.22  110.781  55.52   97.073  48.65   4.889   2.45 0.188189000000000
  7.000000   7.041667   94.260  47.24   99.228  49.73   90.728  45.47   2.853   1.43 0.188189000000000
  7.041667   7.083333   96.016  48.12  105.973  53.11   87.456  43.83   6.345   3.18 0.189000000000000
  7.083333   7.125000  105.713  52.98  107.230  53.74  102.620  51.43   1.237   0.62 0.189000000000000
  7.125000   7.166667  106.771  53.51  108.227  54.24  105.713  52.98   0.738   0.37 0.189000000000000
  7.166667   7.208333  103.718  51.98  107.509  53.88   98.949  49.59   2.793   1.40 0.000000000000000
  7.208333   7.250000  102.201  51.22  105.534  52.89   98.650  49.44   2.115   1.06 0.000000000000000
  7.250000   7.291667   98.031  49.13   99.747  49.99   96.654  48.44   0.958   0.48 0.000000000000000
  7.291667   7.333333   98.091  49.16  102.142  51.19   92.225  46.22   3.512   1.76 0.000000000000000
  7.333333   7.375000   97.373  48.80  100.366  50.30   95.397  47.81   1.417   0.71 0.000000000000000
  7.375000   7.416667   92.744  46.48   94.899  47.56   91.646  45.93   1.038   0.52 0.000000000000000
  7.416667   7.458333   91.387  45.80   91.965  46.09   90.748  45.48   0.439   0.22 0.189000000000000
  7.458333   7.500000   93.322  46.77   94.639  47.43   92.065  46.14   0.818   0.41 0.189000000000000
  7.500000   7.541667   94.400  47.31   95.158  47.69   93.781  47.00   0.399   0.20 0.189000000000000
  7.541667   7.583333   93.602  46.91   94.041  47.13   93.043  46.63   0.259   0.13 0.189000000000000
  7.583333   7.625000   94.819  47.52   96.295  48.26   93.721  46.97   0.738   0.37 0.188189000000000
  7.625000   7.666667   99.528  49.88  100.326  50.28   98.570  49.40   0.579   0.29 0.188189000000000
  7.666667   7.708333   95.298  47.76   96.894  48.56   93.362  46.79   0.878   0.44 0.189000000000000
  7.708333   7.750000   96.235  48.23  100.466  50.35   91.646  45.93   3.173   1.59 0.188189000000000
  7.750000   7.791667   94.001  47.11   97.712  48.97   87.795  44.00   3.272   1.64 0.188189000000000
  7.791667   7.833333   85.341  42.77   85.880  43.04   84.363  42.28   0.838   0.42 0.390189000000000
  7.833333   7.875000 9999.999 999.99 9999.999 999.99 9999.999 999.99 999.999 999.99 0.999000000000000
  7.875000   7.916667 9999.999 999.99 9999.999 999.99 9999.999 999.99 999.999 999.99 0.999000000000000
  7.916667   7.958333   83.306  41.75   85.141  42.67   81.530  40.86   0.958   0.48 0.189000000000000
  7.958333   8.000000   78.996  39.59   80.452  40.32   76.342  38.26   1.097   0.55 0.189000000000000
  8.000000   8.041667   77.519  38.85   78.936  39.56   76.102  38.14   0.878   0.44 0.189000000000000
  8.041667   8.083333   75.524  37.85   76.462  38.32   74.785  37.48   0.499   0.25 0.188189000000000
  8.083333   8.125000   73.808  36.99   74.566  37.37   73.149  36.66   0.399   0.20 0.188189000000000
  8.125000   8.166667   72.411  36.29   73.309  36.74   71.753  35.96   0.479   0.24 0.189188000000000
  8.166667   8.208333   72.231  36.20   72.730  36.45   71.932  36.05   0.259   0.13 0.188189000000000
  8.208333   8.250000   76.202  38.19   86.997  43.60   70.416  35.29   5.926   2.97 0.188189000000000
  8.250000   8.291667   85.002  42.60   87.456  43.83   81.171  40.68   2.235   1.12 0.189000000000000
  8.291667   8.333333   87.057  43.63   89.192  44.70   85.680  42.94   0.998   0.50 0.000000000000000
  8.333333   8.375000   92.524  46.37  100.186  50.21   89.511  44.86   3.252   1.63 0.000000000000000
  8.375000   8.416667   97.692  48.96  100.885  50.56   93.222  46.72   2.235   1.12 0.000000000000000
  8.416667   8.458333   92.763  46.49   94.699  47.46   91.586  45.90   0.938   0.47 0.000000000000000
  8.458333   8.500000  100.366  50.30  106.871  53.56   94.799  47.51   3.332   1.67 0.000000000000000
  8.500000   8.541667  110.722  55.49  113.036  56.65  107.928  54.09   1.576   0.79 0.000000000000000
  8.541667   8.583333  108.906  54.58  117.526  58.90  103.698  51.97   4.090   2.05 0.000000000000000
  8.583333   8.625000  103.937  52.09  105.953  53.10  101.802  51.02   1.357   0.68 0.000000000000000
  8.625000   8.666667  110.283  55.27  113.475  56.87  107.449  53.85   1.716   0.86 0.189188000000000
  8.666667   8.708333  111.141  55.70  112.477  56.37  109.963  55.11   0.918   0.46 0.188000000000000
  8.708333   8.750000  111.639  55.95  113.256  56.76  109.903  55.08   0.838   0.42 0.000000000000000
  8.750000   8.791667  108.746  54.50  110.402  55.33  107.329  53.79   0.858   0.43 0.188189000000000
  8.791667   8.833333  108.946  54.60  112.817  56.54  105.893  53.07   2.115   1.06 0.189188000000000
  8.833333   8.875000  103.399  51.82  107.230  53.74   95.078  47.65   3.272   1.64 0.188189000000000
  8.875000   8.916667   83.585  41.89   91.786  46.00   75.105  37.64   5.747   2.88 0.189188000000000
  8.916667   8.958333   76.262  38.22   77.499  38.84   75.105  37.64   0.718   0.36 0.188189000000000
  8.958333   9.000000   80.931  40.56   82.487  41.34   79.694  39.94   0.918   0.46 0.188189000000000
  9.000000   9.041667   82.088  41.14   85.620  42.91   80.233  40.21   1.756   0.88 0.188189000000000
  9.041667   9.083333   79.834  40.01   80.831  40.51   77.759  38.97   0.838   0.42 0.188189000000000
  9.083333   9.125000   79.295  39.74   84.144  42.17   77.200  38.69   2.015   1.01 0.188189000000000
  9.125000   9.166667   94.479  47.35  103.558  51.90   85.520  42.86   5.627   2.82 0.189188000000000
  9.166667   9.208333   96.076  48.15  105.514  52.88   93.123  46.67   3.691   1.85 0.188189000000000
  9.208333   9.250000  107.070  53.66  109.365  54.81  103.738  51.99   1.716   0.86 0.000000000000000
  9.250000   9.291667  109.145  54.70  111.400  55.83  107.329  53.79   1.556   0.78 0.188000000000000
  9.291667   9.333333  107.768  54.01  109.724  54.99  106.132  53.19   0.978   0.49 0.188000000000000
  9.333333   9.375000  109.285  54.77  112.637  56.45  107.609  53.93   1.357   0.68 0.188000000000000
  9.375000   9.416667  107.609  53.93  109.405  54.83  106.092  53.17   0.958   0.48 0.000000000000000
  9.416667   9.458333  107.529  53.89  108.487  54.37  106.352  53.30   0.718   0.36 0.000000000000000
  9.458333   9.500000  108.427  54.34  109.604  54.93  107.290  53.77   0.738   0.37 0.188000000000000
  9.500000   9.541667  106.372  53.31  108.048  54.15  103.578  51.91   1.257   0.63 0.188000000000000
  9.541667   9.583333  106.072  53.16  107.589  53.92  104.835  52.54   0.838   0.42 0.000000000000000
  9.583333   9.625000  102.361  51.30  104.556  52.40   99.069  49.65   1.656   0.83 0.000000000000000
  9.625000   9.666667  103.159  51.70  104.636  52.44  101.782  51.01   0.798   0.40 0.000000000000000
  9.666667   9.708333   97.991  49.11  102.221  51.23   92.025  46.12   3.193   1.60 0.000000000000000
  9.708333   9.750000   96.974  48.60  100.525  50.38   95.058  47.64   1.756   0.88 0.000000000000000
  9.750000   9.791667   95.357  47.79  102.301  51.27   89.591  44.90   4.230   2.12 0.188189000000000
  9.791667   9.833333 9999.999 999.99 9999.999 999.99 9999.999 999.99 999.999 999.99 0.456188189000000
  9.833333   9.875000  100.805  50.52  103.738  51.99   97.492  48.86   1.556   0.78 0.189188000000000
  9.875000   9.916667   89.112  44.66   99.608  49.92   80.771  40.48   5.008   2.51 0.188189000000000
  9.916667   9.958333   75.763  37.97   80.432  40.31   71.314  35.74   3.193   1.60 0.188189000000000
  9.958333  10.000000   70.675  35.42   73.688  36.93   67.662  33.91   1.995   1.00 0.188189000000000
 10.000000  10.041667   66.605  33.38   67.283  33.72   65.148  32.65   0.658   0.33 0.188189000000000
 10.041667  10.083333   65.387  32.77   67.183  33.67   63.013  31.58   1.337   0.67 0.189188000000000
 10.083333  10.125000   65.028  32.59   66.225  33.19   63.552  31.85   0.778   0.39 0.189188000000000
 10.125000  10.166667   63.771  31.96   67.263  33.71   60.938  30.54   1.975   0.99 0.188189000000000
 10.166667  10.208333   69.677  34.92   72.231  36.20   66.445  33.30   1.676   0.84 0.188189000000000
 10.208333  10.250000   72.890  36.53   75.244  37.71   71.274  35.72   1.377   0.69 0.189000000000000
 10.250000  10.291667   81.530  40.86   84.543  42.37   79.634  39.91   1.676   0.84 0.000000000000000
 10.291667  10.333333   87.576  43.89   90.010  45.11   84.902  42.55   1.377   0.69 0.188189000000000
 10.333333  10.375000   86.917  43.56   90.150  45.18   85.680  42.94   1.277   0.64 0.189188000000000
 10.375000  10.416667   86.139  43.17   86.498  43.35   85.421  42.81   0.439   0.22 0.188000000000000
 10.416667  10.458333   84.104  42.15   85.580  42.89   81.829  41.01   1.018   0.51 0.188000000000000
 10.458333  10.500000   83.306  41.75   83.864  42.03   82.507  41.35   0.379   0.19 0.000000000000000
 10.500000  10.541667   81.789  40.99   83.525  41.86   80.013  40.10   1.117   0.56 0.189000000000000
 10.541667  10.583333   83.625  41.91   84.742  42.47   83.166  41.68   0.419   0.21 0.188189000000000
 10.583333  10.625000   83.585  41.89   84.742  42.47   82.527  41.36   0.619   0.31 0.000000000000000
 10.625000  10.666667   81.769  40.98   82.747  41.47   80.851  40.52   0.599   0.30 0.000000000000000
 10.666667  10.708333   82.308  41.25   83.266  41.73   81.290  40.74   0.639   0.32 0.000000000000000
 10.708333  10.750000   83.206  41.70   84.303  42.25   82.288  41.24   0.519   0.26 0.000000000000000
 10.750000  10.791667   83.365  41.78   86.578  43.39   79.834  40.01   1.536   0.77 0.189000000000000
 10.791667  10.833333   87.576  43.89   91.087  45.65   82.308  41.25   2.694   1.35 0.188189000000000
 10.833333  10.875000   89.411  44.81   91.127  45.67   88.713  44.46   0.698   0.35 0.189188000000000
 10.875000  10.916667   90.668  45.44   91.606  45.91   89.371  44.79   0.619   0.31 0.188189000000000
 10.916667  10.958333   84.642  42.42   90.269  45.24   75.663  37.92   4.968   2.49 0.188189000000000
 10.958333  11.000000   52.517  26.32   53.535  26.83   50.941  25.53   0.878   0.44 0.188189000000000
 11.000000  11.041667   55.411  27.77   56.947  28.54   54.313  27.22   0.778   0.39 0.188189000000000
 11.041667  11.083333   52.976  26.55   53.735  26.93   51.719  25.92   0.619   0.31 0.188189000000000
 11.083333  11.125000   56.488  28.31   57.665  28.90   55.291  27.71   0.758   0.38 0.188189000000000
 11.125000  11.166667   58.005  29.07   58.783  29.46   57.147  28.64   0.499   0.25 0.189188000000000
 11.166667  11.208333   57.446  28.79   58.683  29.41   55.391  27.76   1.038   0.52 0.188189000000000
 11.208333  11.250000   58.064  29.10   59.361  29.75   56.329  28.23   0.858   0.43 0.188189000000000
 11.250000  11.291667   62.115  31.13   73.349  36.76   55.151  27.64   6.265   3.14 0.188189000000000
 11.291667  11.333333   85.620  42.91   87.436  43.82   84.084  42.14   1.018   0.51 0.000000000000000
 11.333333  11.375000 9999.999 999.99 9999.999 999.99 9999.999 999.99 999.999 999.99 0.456000000000000
 11.375000  11.416667 9999.999 999.99 9999.999 999.99 9999.999 999.99 999.999 999.99 0.456000000000000
 11.416667  11.458333   82.627  41.41   88.493  44.35   72.830  36.50   5.168   2.59 0.000000000000000
 11.458333  11.500000   87.157  43.68   89.531  44.87   84.323  42.26   1.776   0.89 0.000000000000000
 11.500000  11.541667   83.784  41.99   87.436  43.82   79.654  39.92   2.534   1.27 0.000000000000000
 11.541667  11.583333   79.235  39.71   80.991  40.59   75.524  37.85   1.457   0.73 0.000000000000000
 11.583333  11.625000   80.013  40.10   81.590  40.89   78.716  39.45   0.858   0.43 0.189000000000000
 11.625000  11.666667   81.470  40.83   82.887  41.54   80.133  40.16   0.758   0.38 0.189188000000000
 11.666667  11.708333   83.425  41.81   84.782  42.49   81.011  40.60   1.038   0.52 0.188000000000000
 11.708333  11.750000   83.625  41.91   85.900  43.05   82.029  41.11   1.157   0.58 0.188000000000000
 11.750000  11.791667   84.722  42.46   85.860  43.03   82.787  41.49   0.898   0.45 0.189188000000000
 11.791667  11.833333   79.993  40.09   87.396  43.80   73.189  36.68   4.849   2.43 0.188189000000000
 11.833333  11.875000   78.916  39.55   81.450  40.82   75.464  37.82   1.417   0.71 0.189188000000000
 11.875000  11.916667   79.494  39.84   82.747  41.47   74.386  37.28   2.634   1.32 0.188189000000000
 11.916667  11.958333   68.301  34.23   74.107  37.14   63.951  32.05   3.592   1.80 0.189000000000000
 11.958333  12.000000   61.377  30.76   63.911  32.03   59.621  29.88   1.297   0.65 0.189188000000000
 12.000000  12.041667   63.532  31.84   69.378  34.77   60.000  30.07   2.973   1.49 0.189188000000000
 12.041667  12.083333   64.011  32.08   66.046  33.10   62.195  31.17   1.217   0.61 0.188189000000000
 12.083333  12.125000   68.460  34.31   78.597  39.39   62.574  31.36   4.190   2.10 0.188189000000000
 12.125000  12.166667   73.648  36.91   79.973  40.08   70.555  35.36   2.973   1.49 0.189000000000000
 12.166667  12.208333   71.473  35.82   72.531  36.35   69.717  34.94   0.958   0.48 0.189188000000000
 12.208333  12.250000   70.735  35.45   72.112  36.14   69.558  34.86   0.698   0.35 0.189188000000000
 12.250000  12.291667   71.254  35.71   73.588  36.88   68.500  34.33   1.457   0.73 0.189000000000000
 12.291667  12.333333   72.231  36.20   75.484  37.83   68.939  34.55   1.736   0.87 0.189000000000000
 12.333333  12.375000   71.294  35.73   72.291  36.23   69.458  34.81   0.938   0.47 0.189188000000000
 12.375000  12.416667   71.733  35.95   72.670  36.42   70.495  35.33   0.758   0.38 0.188000000000000
 12.416667  12.458333   69.757  34.96   71.733  35.95   68.081  34.12   1.217   0.61 0.189188000000000
 12.458333  12.500000   70.715  35.44   71.653  35.91   69.398  34.78   0.678   0.34 0.189188000000000
 12.500000  12.541667   70.875  35.52   72.072  36.12   69.697  34.93   0.678   0.34 0.189188000000000
 12.541667  12.583333   70.396  35.28   71.254  35.71   69.458  34.81   0.539   0.27 0.188000000000000
 12.583333  12.625000   73.708  36.94   76.003  38.09   71.573  35.87   1.437   0.72 0.188000000000000
 12.625000  12.666667   72.331  36.25   74.606  37.39   70.256  35.21   1.317   0.66 0.000000000000000
 12.666667  12.708333   73.548  36.86   74.865  37.52   72.730  36.45   0.559   0.28 0.000000000000000
 12.708333  12.750000   74.087  37.13   75.045  37.61   73.488  36.83   0.499   0.25 0.188000000000000
 12.750000  12.791667   73.149  36.66   74.267  37.22   72.112  36.14   0.698   0.35 0.188189000000000
 12.791667  12.833333   72.790  36.48   73.907  37.04   71.772  35.97   0.718   0.36 0.188189000000000
 12.833333  12.875000   67.443  33.80   71.473  35.82   61.776  30.96   3.173   1.59 0.188189000000000
 12.875000  12.916667   61.377  30.76   61.876  31.01   60.938  30.54   0.319   0.16 0.189392000000000
