ozone_datasets/Ebas_221019_1549/US1200R.20160101000000.20181119131618.uv_abs.ozone.air.1y.1h.US06L_Thermo_49C_MLO.US06L_AM.lev2.nas
86 1001
McClure-Begley, Audra; Petropavlovskikh, Irina
US06L, National Oceanic and Atmospheric Administration, NOAA/ESRL/GMD, "Earth System Research Laboratory, Global Monitoring Division", 325 Broadway, , CO 80305-3, Boulder, U.S.A.
McClure-Begley, Audra
GAW-WDCRG NOAA-ESRL
1 1
2016 01 01 2018 11 19
0.041667
days from file reference point
10
1 1 1 1 1 1 1 1 1 1
999.999999 9999.999 999.99 9999.999 999.99 9999.999 999.99 999.999 999.99 9.999999999999999
end_time of measurement, days from the file reference point
ozone, ug/m3, Statistics=arithmetic mean, Volume std. temperature=293.15 K, Volume std. pressure=1013.25 hPa, Detection limit=1.995 ug/m3, Measurement uncertainty=1.995 ug/m3, Measurement uncertainty expl.=includes statistical uncertainty of individual sample and calibration uncertainty, "Comment=Data converted on import into EBAS from 'nmol/mol' to 'ug/m3' at 293.15 K, 1013.25 hPa, conversion factor 1.99534."
ozone, nmol/mol, Statistics=arithmetic mean, Detection limit=1.0 nmol/mol, Measurement uncertainty=1.0 nmol/mol, Measurement uncertainty expl.=includes statistical uncertainty of individual sample and calibration uncertainty, "Comment=Data converted on import into EBAS from 'nmol/mol' to 'ug/m3' at 293.15 K, 1013.25 hPa, conversion factor 1.99534. -- Data converted on export from EBAS from 'ug/m3' at 293.15 K, 1013.25 hPa to 'nmol/mol', conversion factor 0.5012. Measurement uncertainty converted from '1.995 ug/m3' at 293.15 K, 1013.25 hPa to '1.0 nmol/mol', conversion factor 0.5012. Detection limit converted from '1.995 ug/m3' at 293.15 K, 1013.25 hPa to '1.0 nmol/mol', conversion factor 0.5012."
ozone, ug/m3, Statistics=maximum, Volume std. temperature=293.15 K, Volume std. pressure=1013.25 hPa, Detection limit=1.995 ug/m3, "Comment=Data converted on import into EBAS from 'nmol/mol' to 'ug/m3' at 293.15 K, 1013.25 hPa, conversion factor 1.99534. Detection limit converted from '1.0 nmol/mol' to '1.995 ug/m3' at 293.15 K, 1013.25 hPa, conversion factor 1.99534."
ozone, nmol/mol, Statistics=maximum, Detection limit=1.0 nmol/mol, "Comment=Data converted on import into EBAS from 'nmol/mol' to 'ug/m3' at 293.15 K, 1013.25 hPa, conversion factor 1.99534. Detection limit converted from '1.0 nmol/mol' to '1.995 ug/m3' at 293.15 K, 1013.25 hPa, conversion factor 1.99534. -- Data converted on export from EBAS from 'ug/m3' at 293.15 K, 1013.25 hPa to 'nmol/mol', conversion factor 0.5012. Detection limit converted from '1.995 ug/m3' at 293.15 K, 1013.25 hPa to '1.0 nmol/mol', conversion factor 0.5012."
ozone, ug/m3, Statistics=minimum, Volume std. temperature=293.15 K, Volume std. pressure=1013.25 hPa, Detection limit=1.995 ug/m3, "Comment=Data converted on import into EBAS from 'nmol/mol' to 'ug/m3' at 293.15 K, 1013.25 hPa, conversion factor 1.99534. Detection limit converted from '1.0 nmol/mol' to '1.995 ug/m3' at 293.15 K, 1013.25 hPa, conversion factor 1.99534."
[...]
Inlet type:                   Hat or hood
Inlet description:            Downward Facing, teflon inlet bell
Inlet tube material:          Teflon
Inlet tube outer diameter:    6.35 mm
Inlet tube inner diameter:    4.76 mm
Inlet tube length:            7.0 m
Flow rate:                    1.0 l/min
Humidity/temperature control description: Automatic
Zero/negative values code:    Zero/negative possible
Zero/negative values:         Zero and neg. values may appear due to statistical variations at very low concentrations
Absorption cross section:     Hearn, 1961 cm2
QA1 measure ID:               US06L_reference_calibration_20070630
QA1 date:                     20100101
QA1 outcome:                  pass
Originator:                   "McClure-Begley, Audra, Audra.mcclure@noaa.gov, National Oceanic and Atmospheric Administration/Earth System Research Laboratory/Global Monitoring Division, NOAA/ESRL/GMD, , 325 Broadway, , 80305, ""Boulder, CO"", USA"
Originator:                   "Petropavlovskikh, Irina, Irina.petro@noaa.gov, National Oceanic and Atmospheric Administration/Earth System Research Laboratory/Global Monitoring Division, NOAA/ESRL/GMD, , 325 Broadway, , 80305, ""Boulder, CO"", USA"
Submitter:                    "McClure-Begley, Audra, Audra.mcclure@noaa.gov, National Oceanic and Atmospheric Administration/Earth System Research Laboratory/Global Monitoring Division, NOAA/ESRL/GMD, , 325 Broadway, , 80305, ""Boulder, CO"", USA"
Acknowledgement:              "Request Acknowledgement details from data originator. http://dx.doi.org/10.7289/V57P8WBF"
starttime endtime O3 O3 O3 O3 O3 O3 O3 O3 flag
[from data line 8078]
336.583333 336.625000   75.484  37.83   79.195  39.69   73.927  37.05   1.716   0.86 0.188189000000000
336.625000 336.666667   75.823  38.00   77.579  38.88   73.069  36.62   1.337   0.67 0.189188000000000
336.666667 336.708333   73.149  36.66   74.666  37.42   71.513  35.84   0.998   0.50 0.189188000000000
336.708333 336.750000   77.599  38.89   93.582  46.90   72.152  36.16   7.463   3.74 0.189188000000000
336.750000 336.791667   96.016  48.12  101.862  51.05   92.823  46.52   2.913   1.46 0.189000000000000
336.791667 336.833333   97.113  48.67   99.548  49.89   95.018  47.62   1.217   0.61 0.188189000000000
336.833333 336.875000  100.186  50.21  102.620  51.43   96.176  48.20   1.876   0.94 0.188189000000000
336.875000 336.916667   88.633  44.42   98.490  49.36   75.683  37.93   9.598   4.81 0.188189000000000
336.916667 336.958333   76.641  38.41   77.619  38.90   74.726  37.45   0.978   0.49 0.000000000000000
336.958333 337.000000   73.010  36.59   74.187  37.18   71.134  35.65   0.958   0.48 0.000000000000000
337.000000 337.041667   71.014  35.59   71.493  35.83   70.635  35.40   0.259   0.13 0.000000000000000
337.041667 337.083333   73.548  36.86   74.506  37.34   71.713  35.94   0.998   0.50 0.000000000000000
337.083333 337.125000   74.805  37.49   75.803  37.99   74.227  37.20   0.599   0.30 0.000000000000000
337.125000 337.166667   78.537  39.36   85.101  42.65   74.446  37.31   3.731   1.87 0.000000000000000
337.166667 337.208333   85.900  43.05   88.214  44.21   83.725  41.96   1.277   0.64 0.000000000000000
337.208333 337.250000   81.510  40.85   84.363  42.28   78.916  39.55   1.896   0.95 0.000000000000000
337.250000 337.291667   79.375  39.78   80.113  40.15   77.260  38.72   0.818   0.41 0.000000000000000
337.291667 337.333333   74.726  37.45   76.621  38.40   72.770  36.47   1.097   0.55 0.000000000000000
337.333333 337.375000   73.249  36.71   74.626  37.40   71.733  35.95   0.898   0.45 0.000000000000000
337.375000 337.416667   65.866  33.01   69.817  34.99   59.840  29.99   3.691   1.85 0.000000000000000
337.416667 337.458333   59.820  29.98   60.858  30.50   58.164  29.15   0.898   0.45 0.000000000000000
337.458333 337.500000   58.144  29.14   59.302  29.72   55.830  27.98   0.938   0.47 0.000000000000000
337.500000 337.541667   58.244  29.19   58.663  29.40   57.845  28.99   0.259   0.13 0.000000000000000
337.541667 337.583333   58.863  29.50   60.599  30.37   57.865  29.00   0.978   0.49 0.188189000000000
337.583333 337.625000   61.097  30.62   63.512  31.83   58.903  29.52   1.576   0.79 0.189188000000000
337.625000 337.666667   69.498  34.83   77.459  38.82   62.354  31.25   4.669   2.34 0.189000000000000
337.666667 337.708333   63.193  31.67   65.607  32.88   60.180  30.16   1.556   0.78 0.189188000000000
337.708333 337.750000   68.241  34.20   71.194  35.68   67.024  33.59   1.317   0.66 0.188189000000000
337.750000 337.791667   64.190  32.17   70.396  35.28   61.836  30.99   2.315   1.16 0.000000000000000
337.791667 337.833333   63.811  31.98   65.387  32.77   62.354  31.25   0.798   0.40 0.189188000000000
337.833333 337.875000   58.224  29.18   61.696  30.92   54.453  27.29   2.614   1.31 0.188189000000000
337.875000 337.916667   53.336  26.73   56.149  28.14   51.759  25.94   1.397   0.70 0.188189000000000
337.916667 337.958333   55.710  27.92   57.586  28.86   51.979  26.05   1.417   0.71 0.188189000000000
337.958333 338.000000   60.678  30.41   62.135  31.14   58.224  29.18   0.978   0.49 0.188189000000000
338.000000 338.041667   61.836  30.99   62.614  31.38   60.579  30.36   0.619   0.31 0.189188000000000
338.041667 338.083333   61.077  30.61   62.634  31.39   59.042  29.59   1.038   0.52 0.188189000000000
338.083333 338.125000   64.270  32.21   66.844  33.50   58.264  29.20   2.514   1.26 0.189000000000000
338.125000 338.166667   73.648  36.91   74.865  37.52   72.531  36.35   0.698   0.35 0.000000000000000
338.166667 338.208333   76.980  38.58   79.674  39.93   74.606  37.39   1.836   0.92 0.189000000000000
338.208333 338.250000   76.122  38.15   77.739  38.96   74.127  37.15   1.038   0.52 0.189188000000000
338.250000 338.291667   77.499  38.84   78.936  39.56   75.703  37.94   0.938   0.47 0.188189000000000
338.291667 338.333333   77.719  38.95   84.922  42.56   75.244  37.71   2.714   1.36 0.188189000000000
338.333333 338.375000   79.295  39.74   80.452  40.32   74.785  37.48   1.776   0.89 0.188189000000000
338.375000 338.416667   81.111  40.65   82.587  41.39   79.455  39.82   0.918   0.46 0.188189000000000
338.416667 338.458333   80.452  40.32   82.248  41.22   79.095  39.64   0.958   0.48 0.188189000000000
338.458333 338.500000   71.673  35.92   81.629  40.91   59.282  29.71   7.882   3.95 0.188189000000000
338.500000 338.541667   67.283  33.72   77.838  39.01   55.530  27.83   7.243   3.63 0.189188000000000
338.541667 338.583333   70.555  35.36   79.415  39.80   62.195  31.17   4.290   2.15 0.188189000000000
338.583333 338.625000   58.284  29.21   62.973  31.56   54.712  27.42   2.275   1.14 0.188189000000000
338.625000 338.666667   56.348  28.24   58.124  29.13   54.433  27.28   1.077   0.54 0.188189000000000
338.666667 338.708333   53.116  26.62   54.852  27.49   51.580  25.85   1.117   0.56 0.188189000000000
338.708333 338.750000   51.560  25.84   52.757  26.44   48.387  24.25   1.277   0.64 0.189188000000000
338.750000 338.791667   46.711  23.41   49.604  24.86   40.984  20.54   3.213   1.61 0.188189000000000
338.791667 338.833333   42.281  21.19   44.476  22.29   40.585  20.34   1.257   0.63 0.000000000000000
338.833333 338.875000   45.195  22.65   48.666  24.39   43.339  21.72   1.676   0.84 0.000000000000000
338.875000 338.916667   41.802  20.95   44.815  22.46   38.410  19.25   1.935   0.97 0.000000000000000
338.916667 338.958333   37.313  18.70   39.288  19.69   33.841  16.96   1.636   0.82 0.000000000000000
338.958333 339.000000   51.141  25.63   60.778  30.46   36.036  18.06   8.281   4.15 0.000000000000000
339.000000 339.041667   48.407  24.26   50.023  25.07   45.873  22.99   1.277   0.64 0.000000000000000
339.041667 339.083333   42.800  21.45   44.636  22.37   37.512  18.80   2.275   1.14 0.000000000000000
339.083333 339.125000   37.093  18.59   38.111  19.10   36.395  18.24   0.619   0.31 0.000000000000000
339.125000 339.166667   36.375  18.23   38.770  19.43   32.165  16.12   1.935   0.97 0.189000000000000
339.166667 339.208333   35.118  17.60   36.375  18.23   32.783  16.43   1.018   0.51 0.189000000000000
339.208333 339.250000   33.262  16.67   34.819  17.45   32.005  16.04   0.778   0.39 0.000000000000000
339.250000 339.291667   35.657  17.87   39.428  19.76   32.245  16.16   2.654   1.33 0.000000000000000
339.291667 339.333333   32.364  16.22   34.041  17.06   30.309  15.19   1.077   0.54 0.000000000000000
339.333333 339.375000   29.052  14.56   33.522  16.80   27.017  13.54   1.955   0.98 0.000000000000000
339.375000 339.416667   25.700  12.88   25.700  12.88   25.321  12.69   0.180   0.09 0.390000000000000
339.416667 339.458333 9999.999 999.99 9999.999 999.99 9999.999 999.99 999.999 999.99 0.999000000000000
339.458333 339.500000 9999.999 999.99 9999.999 999.99 9999.999 999.99 999.999 999.99 0.999000000000000
339.500000 339.541667 9999.999 999.99 9999.999 999.99 9999.999 999.99 999.999 999.99 0.999000000000000
339.541667 339.583333 9999.999 999.99 9999.999 999.99 9999.999 999.99 999.999 999.99 0.999000000000000
339.583333 339.625000 9999.999 999.99 9999.999 999.99 9999.999 999.99 999.999 999.99 0.999000000000000
339.625000 339.666667 9999.999 999.99 9999.999 999.99 9999.999 999.99 999.999 999.99 0.999000000000000
339.666667 339.708333 9999.999 999.99 9999.999 999.99 9999.999 999.99 999.999 999.99 0.999000000000000
339.708333 339.750000 9999.999 999.99 9999.999 999.99 9999.999 999.99 999.999 999.99 0.999000000000000
339.750000 339.791667 9999.999 999.99 9999.999 999.99 9999.999 999.99 999.999 999.99 0.999000000000000
339.791667 339.833333 9999.999 999.99 9999.999 999.99 9999.999 999.99 999.999 999.99 0.999000000000000
339.833333 339.875000 9999.999 999.99 9999.999 999.99 9999.999 999.99 999.999 999.99 0.999000000000000
339.875000 339.916667 9999.999 999.99 9999.999 999.99 9999.999 999.99 999.999 999.99 0.999000000000000
339.916667 339.958333 9999.999 999.99 9999.999 999.99 9999.999 999.99 999.999 999.99 0.999999999999999
339.958333 340.000000 9999.999 999.99 9999.999 999.99 9999.999 999.99 999.999 999.99 0.999999999999999
340.000000 340.041667 9999.999 999.99 9999.999 999.99 9999.999 999.99 999.999 999.99 0.999000000000000
340.041667 340.083333   40.525  20.31   41.922  21.01   39.348  19.72   0.818   0.41 0.189188392000000
340.083333 340.125000   38.490  19.29   39.508  19.80   36.674  18.38   0.758   0.38 0.188189000000000
340.125000 340.166667   38.370  19.23   39.408  19.75   37.532  18.81   0.559   0.28 0.188189000000000
340.166667 340.208333   38.909  19.50   40.186  20.14   36.734  18.41   0.898   0.45 0.189188000000000
340.208333 340.250000   37.991  19.04   38.829  19.46   37.054  18.57   0.539   0.27 0.189188000000000
340.250000 340.291667   38.889  19.49   40.246  20.17   37.971  19.03   0.718   0.36 0.188189000000000
340.291667 340.333333   37.872  18.98   38.570  19.33   37.014  18.55   0.519   0.26 0.189188000000000
340.333333 340.375000   37.054  18.57   37.892  18.99   36.176  18.13   0.499   0.25 0.188189000000000
340.375000 340.416667   36.295  18.19   37.333  18.71   34.839  17.46   0.758   0.38 0.189188000000000
340.416667 340.458333   34.420  17.25   35.677  17.88   31.427  15.75   1.097   0.55 0.188189000000000
340.458333 340.500000   31.287  15.68   33.242  16.66   29.790  14.93   0.938   0.47 0.188189000000000
340.500000 340.541667   30.928  15.50   32.704  16.39   28.893  14.48   1.257   0.63 0.188189000000000
340.541667 340.583333   31.247  15.66   31.806  15.94   31.008  15.54   0.259   0.13 0.189188000000000
340.583333 340.625000   29.611  14.84   30.908  15.49   28.613  14.34   0.818   0.41 0.188189000000000
340.625000 340.666667   27.955  14.01   28.693  14.38   27.376  13.72   0.439   0.22 0.000000000000000
340.666667 340.708333   27.735  13.90   28.414  14.24   27.157  13.61   0.379   0.19 0.000000000000000
340.708333 340.750000   27.835  13.95   30.130  15.10   26.797  13.43   1.077   0.54 0.189000000000000
340.750000 340.791667   29.411  14.74   29.990  15.03   28.653  14.36   0.379   0.19 0.189188000000000
340.791667 340.833333   27.536  13.80   28.952  14.51   24.343  12.20   1.497   0.75 0.189188000000000
340.833333 340.875000   25.560  12.81   26.578  13.32   24.543  12.30   0.579   0.29 0.189188000000000
340.875000 340.916667   25.481  12.77   27.376  13.72   24.184  12.12   1.018   0.51 0.188189000000000
340.916667 340.958333   25.401  12.73   26.578  13.32   24.742  12.40   0.599   0.30 0.189000000000000
340.958333 341.000000   27.755  13.91   28.873  14.47   26.339  13.20   0.778   0.39 0.188189000000000
341.000000 341.041667   28.474  14.27   29.052  14.56   27.236  13.65   0.579   0.29 0.189000000000000
341.041667 341.083333   29.312  14.69   31.766  15.92   26.857  13.46   1.516   0.76 0.189000000000000
341.083333 341.125000   28.394  14.23   29.292  14.68   27.436  13.75   0.499   0.25 0.188189000000000
341.125000 341.166667   26.698  13.38   27.596  13.83   25.939  13.00   0.499   0.25 0.189188000000000
341.166667 341.208333   27.935  14.00   29.012  14.54   26.219  13.14   0.758   0.38 0.188189000000000
341.208333 341.250000   27.895  13.98   28.793  14.43   27.177  13.62   0.519   0.26 0.189188000000000
341.250000 341.291667   27.536  13.80   28.174  14.12   26.538  13.30   0.459   0.23 0.189188000000000
341.291667 341.333333   27.396  13.73   28.074  14.07   26.578  13.32   0.499   0.25 0.188189000000000
341.333333 341.375000   27.755  13.91   28.653  14.36   27.137  13.60   0.479   0.24 0.188189000000000
341.375000 341.416667   27.476  13.77   28.194  14.13   26.179  13.12   0.499   0.25 0.189188000000000
341.416667 341.458333   28.294  14.18   30.349  15.21   27.436  13.75   0.738   0.37 0.189188000000000
341.458333 341.500000   27.276  13.67   27.655  13.86   26.698  13.38   0.299   0.15 0.189000000000000
341.500000 341.541667   27.735  13.90   28.394  14.23   25.860  12.96   0.738   0.37 0.189188000000000
341.541667 341.583333   30.549  15.31   33.163  16.62   29.870  14.97   0.898   0.45 0.189188000000000
341.583333 341.625000   29.192  14.63   35.737  17.91   26.618  13.34   2.674   1.34 0.188189000000000
341.625000 341.666667   28.693  14.38   29.232  14.65   27.975  14.02   0.419   0.21 0.189188000000000
341.666667 341.708333   37.034  18.56   44.975  22.54   29.631  14.85   5.048   2.53 0.189188000000000
341.708333 341.750000   35.757  17.92   37.912  19.00   32.764  16.42   1.975   0.99 0.189188000000000
341.750000 341.791667   29.411  14.74   32.345  16.21   27.137  13.60   1.776   0.89 0.189188000000000
341.791667 341.833333   30.110  15.09   33.183  16.63   28.254  14.16   1.576   0.79 0.188189000000000
341.833333 341.875000   24.563  12.31   26.478  13.27   23.246  11.65   0.998   0.50 0.188189000000000
341.875000 341.916667   24.263  12.16   24.962  12.51   23.206  11.63   0.639   0.32 0.188189000000000
341.916667 341.958333   26.498  13.28   28.094  14.08   25.042  12.55   1.077   0.54 0.188189000000000
341.958333 342.000000   27.895  13.98   29.890  14.98   24.742  12.40   1.497   0.75 0.188189000000000
342.000000 342.041667   28.613  14.34   33.083  16.58   24.563  12.31   2.993   1.50 0.189188000000000
342.041667 342.083333   33.941  17.01   35.916  18.00   30.110  15.09   1.636   0.82 0.188189000000000
342.083333 342.125000   37.532  18.81   39.049  19.57   35.936  18.01   0.938   0.47 0.188189000000000
342.125000 342.166667   36.156  18.12   38.610  19.35   33.542  16.81   1.776   0.89 0.188189000000000
342.166667 342.208333   37.552  18.82   39.368  19.73   35.597  17.84   1.058   0.53 0.189000000000000
342.208333 342.250000   38.670  19.38   41.703  20.90   36.415  18.25   1.257   0.63 0.188189000000000
342.250000 342.291667   38.710  19.40   43.878  21.99   33.641  16.86   2.634   1.32 0.189188000000000
342.291667 342.333333   35.936  18.01   37.353  18.72   33.322  16.70   1.117   0.56 0.000000000000000
342.333333 342.375000   34.659  17.37   36.654  18.37   32.803  16.44   1.357   0.68 0.188000000000000
342.375000 342.416667   35.956  18.02   38.770  19.43   33.462  16.77   1.836   0.92 0.000000000000000
342.416667 342.458333   36.994  18.54   38.909  19.50   35.996  18.04   0.958   0.48 0.188189000000000
342.458333 342.500000   34.180  17.13   36.255  18.17   32.644  16.36   1.197   0.60 0.188189000000000
342.500000 342.541667   32.883  16.48   33.981  17.03   31.506  15.79   0.619   0.31 0.189188000000000
342.541667 342.583333   32.963  16.52   33.741  16.91   31.387  15.73   0.658   0.33 0.188189000000000
342.583333 342.625000   30.968  15.52   33.083  16.58   28.035  14.05   1.796   0.90 0.188189000000000
342.625000 342.666667   31.985  16.03   33.542  16.81   28.932  14.50   1.137   0.57 0.188189000000000
342.666667 342.708333   28.653  14.36   29.970  15.02   27.117  13.59   0.778   0.39 0.188189000000000
342.708333 342.750000   27.775  13.92   28.394  14.23   27.117  13.59   0.479   0.24 0.000000000000000
342.750000 342.791667   27.795  13.93   29.092  14.58   26.199  13.13   0.798   0.40 0.000000000000000
342.791667 342.833333   27.496  13.78   28.274  14.17   26.319  13.19   0.599   0.30 0.000000000000000
342.833333 342.875000 9999.999 999.99 9999.999 999.99 9999.999 999.99 999.999 999.99 0.999000000000000
342.875000 342.916667   28.434  14.25   28.793  14.43   27.935  14.00   0.359   0.18 0.390000000000000
342.916667 342.958333   29.391  14.73   30.449  15.26   28.693  14.38   0.499   0.25 0.000000000000000
342.958333 343.000000   29.232  14.65   29.731  14.90   28.733  14.40   0.239   0.12 0.000000000000000
343.000000 343.041667   28.673  14.37   29.012  14.54   28.214  14.14   0.239   0.12 0.000000000000000
