ozone_datasets/Ebas_221019_1549/US1200R.20130101000000.20181119131326.uv_abs.ozone.air.1y.1h.US06L_Thermo_49C_MLO.US06L_AM.lev2.nas
86 1001
McClure-Begley, Audra; Petropavlovskikh, Irina
US06L, National Oceanic and Atmospheric Administration, NOAA/ESRL/GMD, "Earth System Research Laboratory, Global Monitoring Division", 325 Broadway, , CO 80305-3, Boulder, U.S.A.
McClure-Begley, Audra
GAW-WDCRG NOAA-ESRL
1 1
2013 01 01 2018 11 19
0.041667
days from file reference point
10
1 1 1 1 1 1 1 1 1 1
999.999999 9999.999 999.99 9999.999 999.99 9999.999 999.99 999.999 999.99 9.999999999999999
end_time of measurement, days from the file reference point
ozone, ug/m3, Statistics=arithmetic mean, Volume std. temperature=293.15 K, Volume std. pressure=1013.25 hPa, Detection limit=1.995 ug/m3, Measurement uncertainty=1.995 ug/m3, Measurement uncertainty expl.=includes statistical uncertainty of individual sample and calibration uncertainty, "Comment=Data converted on import into EBAS from 'nmol/mol' to 'ug/m3' at 293.15 K, 1013.25 hPa, conversion factor 1.99534."
ozone, nmol/mol, Statistics=arithmetic mean, Detection limit=1.0 nmol/mol, Measurement uncertainty=1.0 nmol/mol, Measurement uncertainty expl.=includes statistical uncertainty of individual sample and calibration uncertainty, "Comment=Data converted on import into EBAS from 'nmol/mol' to 'ug/m3' at 293.15 K, 1013.25 hPa, conversion factor 1.99534. -- Data converted on export from EBAS from 'ug/m3' at 293.15 K, 1013.25 hPa to 'nmol/mol', conversion factor 0.5012. Measurement uncertainty converted from '1.995 ug/m3' at 293.15 K, 1013.25 hPa to '1.0 nmol/mol', conversion factor 0.5012. Detection limit converted from '1.995 ug/m3' at 293.15 K, 1013.25 hPa to '1.0 nmol/mol', conversion factor 0.5012."
ozone, ug/m3, Statistics=maximum, Volume std. temperature=293.15 K, Volume std. pressure=1013.25 hPa, Detection limit=1.995 ug/m3, "Comment=Data converted on import into EBAS from 'nmol/mol' to 'ug/m3' at 293.15 K, 1013.25 hPa, conversion factor 1.99534. Detection limit converted from '1.0 nmol/mol' to '1.995 ug/m3' at 293.15 K, 1013.25 hPa, conversion factor 1.99534."
ozone, nmol/mol, Statistics=maximum, Detection limit=1.0 nmol/mol, "Comment=Data converted on import into EBAS from 'nmol/mol' to 'ug/m3' at 293.15 K, 1013.25 hPa, conversion factor 1.99534. Detection limit converted from '1.0 nmol/mol' to '1.995 ug/m3' at 293.15 K, 1013.25 hPa, conversion factor 1.99534. -- Data converted on export from EBAS from 'ug/m3' at 293.15 K, 1013.25 hPa to 'nmol/mol', conversion factor 0.5012. Detection limit converted from '1.995 ug/m3' at 293.15 K, 1013.25 hPa to '1.0 nmol/mol', conversion factor 0.5012."
ozone, ug/m3, Statistics=minimum, Volume std. temperature=293.15 K, Volume std. pressure=1013.25 hPa, Detection limit=1.995 ug/m3, "Comment=Data converted on import into EBAS from 'nmol/mol' to 'ug/m3' at 293.15 K, 1013.25 hPa, conversion factor 1.99534. Detection limit converted from '1.0 nmol/mol' to '1.995 ug/m3' at 293.15 K, 1013.25 hPa, conversion factor 1.99534."
[...]
Inlet type:                   Hat or hood
Inlet description:            Downward Facing, teflon inlet bell
Inlet tube material:          Teflon
Inlet tube outer diameter:    6.35 mm
Inlet tube inner diameter:    4.76 mm
Inlet tube length:            7.0 m
Flow rate:                    1.0 l/min
Humidity/temperature control description: Automatic
Zero/negative values code:    Zero/negative possible
Zero/negative values:         Zero and neg. values may appear due to statistical variations at very low concentrations
Absorption cross section:     Hearn, 1961 cm2
QA1 measure ID:               US06L_reference_calibration_20070630
QA1 date:                     20100101
QA1 outcome:                  pass
Originator:                   "McClure-Begley, Audra, Audra.mcclure@noaa.gov, National Oceanic and Atmospheric Administration/Earth System Research Laboratory/Global Monitoring Division, NOAA/ESRL/GMD, , 325 Broadway, , 80305, ""Boulder, CO"", USA"
Originator:                   "Petropavlovskikh, Irina, Irina.petro@noaa.gov, National Oceanic and Atmospheric Administration/Earth System Research Laboratory/Global Monitoring Division, NOAA/ESRL/GMD, , 325 Broadway, , 80305, ""Boulder, CO"", USA"
Submitter:                    "McClure-Begley, Audra, Audra.mcclure@noaa.gov, National Oceanic and Atmospheric Administration/Earth System Research Laboratory/Global Monitoring Division, NOAA/ESRL/GMD, , 325 Broadway, , 80305, ""Boulder, CO"", USA"
Acknowledgement:              "Request Acknowledgement details from data originator. http://dx.doi.org/10.7289/V57P8WBF"
starttime endtime O3 O3 O3 O3 O3 O3 O3 O3 flag
[from data line 8544]
356.000000 356.041667   64.569  32.36   70.096  35.13   61.018  30.58   2.813   1.41 0.189000000000000
356.041667 356.083333   64.330  32.24   66.285  33.22   61.836  30.99   1.237   0.62 0.189000000000000
356.083333 356.125000   63.412  31.78   65.647  32.90   62.155  31.15   0.898   0.45 0.189188000000000
356.125000 356.166667   63.971  32.06   65.627  32.89   62.574  31.36   0.998   0.50 0.188189000000000
356.166667 356.208333   62.813  31.48   67.742  33.95   58.523  29.33   3.133   1.57 0.189188000000000
356.208333 356.250000   68.879  34.52   74.187  37.18   59.920  30.03   4.031   2.02 0.189188000000000
356.250000 356.291667   71.174  35.67   72.970  36.57   66.285  33.22   1.896   0.95 0.189188000000000
356.291667 356.333333   79.055  39.62   81.929  41.06   72.870  36.52   2.754   1.38 0.188189000000000
356.333333 356.375000   79.055  39.62   81.190  40.69   77.938  39.06   1.038   0.52 0.188189000000000
356.375000 356.416667   77.778  38.98   79.475  39.83   75.903  38.04   1.516   0.76 0.000000000000000
356.416667 356.458333   76.142  38.16   77.659  38.92   74.686  37.43   0.878   0.44 0.000000000000000
356.458333 356.500000   74.746  37.46   76.462  38.32   72.132  36.15   1.097   0.55 0.000000000000000
356.500000 356.541667   72.670  36.42   73.728  36.95   71.713  35.94   0.658   0.33 0.188000000000000
356.541667 356.583333   73.209  36.69   74.127  37.15   71.992  36.08   0.658   0.33 0.000000000000000
356.583333 356.625000   71.972  36.07   74.506  37.34   69.937  35.05   1.437   0.72 0.189188000000000
356.625000 356.666667   73.548  36.86   75.604  37.89   72.331  36.25   1.097   0.55 0.000000000000000
356.666667 356.708333   71.772  35.97   73.728  36.95   70.436  35.30   1.377   0.69 0.188000000000000
356.708333 356.750000   73.648  36.91   74.805  37.49   72.670  36.42   0.738   0.37 0.000000000000000
356.750000 356.791667   73.389  36.78   74.346  37.26   71.792  35.98   0.778   0.39 0.189000000000000
356.791667 356.833333   71.294  35.73   72.471  36.32   65.248  32.70   2.015   1.01 0.189000000000000
356.833333 356.875000 9999.999 999.99 9999.999 999.99 9999.999 999.99 999.999 999.99 0.999000000000000
356.875000 356.916667 9999.999 999.99 9999.999 999.99 9999.999 999.99 999.999 999.99 0.999000000000000
356.916667 356.958333   64.470  32.31   64.849  32.50   63.352  31.75   0.519   0.26 0.188392189000000
356.958333 357.000000   63.452  31.80   66.525  33.34   61.297  30.72   1.457   0.73 0.189000000000000
357.000000 357.041667   67.243  33.70   69.598  34.88   64.609  32.38   1.736   0.87 0.189000000000000
357.041667 357.083333   64.310  32.23   66.984  33.57   62.075  31.11   1.497   0.75 0.189000000000000
357.083333 357.125000   69.578  34.87   70.017  35.09   69.119  34.64   0.259   0.13 0.188189000000000
357.125000 357.166667 9999.999 999.99 9999.999 999.99 9999.999 999.99 999.999 999.99 0.394189456000000
357.166667 357.208333 9999.999 999.99 9999.999 999.99 9999.999 999.99 999.999 999.99 0.456000000000000
357.208333 357.250000   82.408  41.30   83.924  42.06   79.574  39.88   1.077   0.54 0.000000000000000
357.250000 357.291667 9999.999 999.99 9999.999 999.99 9999.999 999.99 999.999 999.99 0.456000000000000
357.291667 357.333333 9999.999 999.99 9999.999 999.99 9999.999 999.99 999.999 999.99 0.456000000000000
357.333333 357.375000   85.441  42.82   86.159  43.18   84.862  42.53   0.439   0.22 0.000000000000000
357.375000 357.416667   85.081  42.64   86.338  43.27   80.712  40.45   1.576   0.79 0.000000000000000
357.416667 357.458333   76.082  38.13   77.240  38.71   73.987  37.08   0.978   0.49 0.000000000000000
357.458333 357.500000   72.451  36.31   74.865  37.52   70.116  35.14   1.596   0.80 0.000000000000000
357.500000 357.541667   78.996  39.59   83.126  41.66   72.411  36.29   3.332   1.67 0.000000000000000
357.541667 357.583333   85.820  43.01   86.917  43.56   84.443  42.32   0.698   0.35 0.000000000000000
357.583333 357.625000   87.336  43.77   87.975  44.09   86.558  43.38   0.439   0.22 0.000000000000000
357.625000 357.666667   84.164  42.18   87.177  43.69   82.388  41.29   1.317   0.66 0.000000000000000
357.666667 357.708333   84.064  42.13   85.600  42.90   82.667  41.43   0.838   0.42 0.000000000000000
357.708333 357.750000   82.687  41.44   84.124  42.16   81.450  40.82   0.878   0.44 0.000000000000000
357.750000 357.791667   79.794  39.99   82.188  41.19   78.178  39.18   1.177   0.59 0.000000000000000
357.791667 357.833333   83.345  41.77   85.880  43.04   80.732  40.46   1.636   0.82 0.189000000000000
357.833333 357.875000   86.279  43.24   87.356  43.78   85.201  42.70   0.678   0.34 0.189188000000000
357.875000 357.916667   85.161  42.68   87.815  44.01   83.425  41.81   1.157   0.58 0.188189000000000
357.916667 357.958333   83.764  41.98   86.498  43.35   81.151  40.67   1.955   0.98 0.189000000000000
357.958333 358.000000   80.752  40.47   85.081  42.64   76.681  38.43   2.734   1.37 0.189000000000000
358.000000 358.041667   74.765  37.47   75.963  38.07   72.770  36.47   0.838   0.42 0.189000000000000
358.041667 358.083333   72.132  36.15   73.329  36.75   70.555  35.36   0.838   0.42 0.188189000000000
358.083333 358.125000   70.755  35.46   72.611  36.39   69.338  34.75   1.097   0.55 0.189000000000000
358.125000 358.166667   74.686  37.43   86.019  43.11   70.096  35.13   6.365   3.19 0.189000000000000
358.166667 358.208333   84.882  42.54   87.516  43.86   83.345  41.77   1.477   0.74 0.000000000000000
358.208333 358.250000   83.525  41.86   86.019  43.11   81.929  41.06   1.357   0.68 0.000000000000000
358.250000 358.291667   84.603  42.40   86.279  43.24   82.687  41.44   1.097   0.55 0.000000000000000
358.291667 358.333333   82.587  41.39   83.685  41.94   81.210  40.70   0.838   0.42 0.000000000000000
358.333333 358.375000   84.762  42.48   85.959  43.08   84.064  42.13   0.639   0.32 0.000000000000000
358.375000 358.416667   83.365  41.78   86.817  43.51   79.155  39.67   2.694   1.35 0.000000000000000
358.416667 358.458333   81.849  41.02   83.345  41.77   80.532  40.36   0.858   0.43 0.000000000000000
358.458333 358.500000   83.984  42.09   85.959  43.08   82.228  41.21   1.417   0.71 0.000000000000000
358.500000 358.541667   87.236  43.72   87.895  44.05   86.698  43.45   0.399   0.20 0.000000000000000
358.541667 358.583333   88.154  44.18   89.192  44.70   86.758  43.48   0.898   0.45 0.000000000000000
358.583333 358.625000   87.935  44.07   88.952  44.58   87.256  43.73   0.439   0.22 0.000000000000000
358.625000 358.666667   87.496  43.85   88.434  44.32   86.817  43.51   0.439   0.22 0.000000000000000
358.666667 358.708333   88.114  44.16   89.072  44.64   87.416  43.81   0.499   0.25 0.000000000000000
358.708333 358.750000   88.873  44.54   90.189  45.20   87.795  44.00   0.778   0.39 0.000000000000000
358.750000 358.791667   89.331  44.77   89.910  45.06   88.673  44.44   0.419   0.21 0.000000000000000
358.791667 358.833333   88.992  44.60   89.930  45.07   87.436  43.82   0.698   0.35 0.189000000000000
358.833333 358.875000   85.600  42.90   87.256  43.73   83.625  41.91   1.157   0.58 0.189000000000000
358.875000 358.916667   80.093  40.14   83.046  41.62   76.162  38.17   2.374   1.19 0.189000000000000
358.916667 358.958333   78.397  39.29   82.587  41.39   74.706  37.44   2.813   1.41 0.189000000000000
358.958333 359.000000   82.048  41.12   84.942  42.57   80.512  40.35   1.297   0.65 0.189000000000000
359.000000 359.041667   78.477  39.33   82.468  41.33   76.202  38.19   1.856   0.93 0.189000000000000
359.041667 359.083333   76.761  38.47   78.956  39.57   74.207  37.19   1.337   0.67 0.189000000000000
359.083333 359.125000   71.433  35.80   73.548  36.86   69.378  34.77   1.317   0.66 0.189000000000000
359.125000 359.166667 9999.999 999.99 9999.999 999.99 9999.999 999.99 999.999 999.99 0.456189000000000
359.166667 359.208333 9999.999 999.99 9999.999 999.99 9999.999 999.99 999.999 999.99 0.189456000000000
359.208333 359.250000 9999.999 999.99 9999.999 999.99 9999.999 999.99 999.999 999.99 0.456000000000000
359.250000 359.291667 9999.999 999.99 9999.999 999.99 9999.999 999.99 999.999 999.99 0.456000000000000
359.291667 359.333333 9999.999 999.99 9999.999 999.99 9999.999 999.99 999.999 999.99 0.456000000000000
359.333333 359.375000 9999.999 999.99 9999.999 999.99 9999.999 999.99 999.999 999.99 0.456000000000000
359.375000 359.416667   90.589  45.40   92.005  46.11   90.010  45.11   0.599   0.30 0.000000000000000
359.416667 359.458333   92.484  46.35   93.721  46.97   90.828  45.52   0.938   0.47 0.000000000000000
359.458333 359.500000   91.267  45.74   94.100  47.16   87.356  43.78   2.634   1.32 0.000000000000000
359.500000 359.541667   94.499  47.36   98.949  49.59   89.770  44.99   3.053   1.53 0.000000000000000
359.541667 359.583333   98.330  49.28   99.428  49.83   96.714  48.47   0.678   0.34 0.000000000000000
359.583333 359.625000   98.031  49.13  100.106  50.17   96.056  48.14   1.357   0.68 0.189000000000000
359.625000 359.666667   92.564  46.39   95.916  48.07   90.628  45.42   1.377   0.69 0.000000000000000
359.666667 359.708333   90.768  45.49   91.506  45.86   89.711  44.96   0.559   0.28 0.000000000000000
359.708333 359.750000   89.711  44.96   91.726  45.97   86.538  43.37   1.796   0.90 0.000000000000000
359.750000 359.791667   88.773  44.49   89.611  44.91   88.194  44.20   0.479   0.24 0.189000000000000
359.791667 359.833333   89.611  44.91   90.529  45.37   88.893  44.55   0.539   0.27 0.189000000000000
359.833333 359.875000   88.234  44.22   89.451  44.83   87.296  43.75   0.619   0.31 0.189000000000000
359.875000 359.916667   87.436  43.82   88.314  44.26   86.578  43.39   0.459   0.23 0.189000000000000
359.916667 359.958333   87.496  43.85   88.074  44.14   86.897  43.55   0.379   0.19 0.189000000000000
359.958333 360.000000   87.496  43.85   88.294  44.25   86.438  43.32   0.619   0.31 0.189000000000000
360.000000 360.041667   87.655  43.93   88.234  44.22   87.097  43.65   0.379   0.19 0.189000000000000
360.041667 360.083333   88.114  44.16   88.713  44.46   87.596  43.90   0.439   0.22 0.189000000000000
360.083333 360.125000   87.436  43.82   89.351  44.78   85.141  42.67   1.237   0.62 0.189000000000000
360.125000 360.166667   90.289  45.25   91.666  45.94   89.491  44.85   0.698   0.35 0.189000000000000
360.166667 360.208333   80.712  40.45   82.847  41.52   78.636  39.41   1.058   0.53 0.189000000000000
360.208333 360.250000   81.450  40.82   85.381  42.79   78.577  39.38   2.414   1.21 0.000000000000000
360.250000 360.291667   86.418  43.31   89.651  44.93   83.006  41.60   2.434   1.22 0.000000000000000
360.291667 360.333333   89.850  45.03   90.928  45.57   88.733  44.47   0.678   0.34 0.000000000000000
360.333333 360.375000   88.813  44.51   90.309  45.26   86.797  43.50   1.177   0.59 0.000000000000000
360.375000 360.416667   87.496  43.85   89.571  44.89   85.979  43.09   1.117   0.56 0.000000000000000
360.416667 360.458333   89.790  45.00   91.028  45.62   87.755  43.98   0.938   0.47 0.000000000000000
360.458333 360.500000   84.263  42.23   85.820  43.01   81.171  40.68   1.417   0.71 0.000000000000000
360.500000 360.541667   86.299  43.25   87.955  44.08   85.421  42.81   0.838   0.42 0.000000000000000
360.541667 360.583333   90.409  45.31   93.721  46.97   88.015  44.11   2.295   1.15 0.000000000000000
360.583333 360.625000   90.648  45.43   97.353  48.79   86.219  43.21   3.512   1.76 0.000000000000000
360.625000 360.666667   88.074  44.14   95.138  47.68   80.652  40.42   4.031   2.02 0.000000000000000
360.666667 360.708333   88.473  44.34   91.047  45.63   83.804  42.00   2.235   1.12 0.000000000000000
360.708333 360.750000   91.746  45.98   93.123  46.67   90.209  45.21   0.718   0.36 0.000000000000000
360.750000 360.791667   89.172  44.69   93.562  46.89   84.762  42.48   2.694   1.35 0.000000000000000
360.791667 360.833333   91.606  45.91   95.038  47.63   89.611  44.91   1.497   0.75 0.000000000000000
360.833333 360.875000   84.563  42.38   89.152  44.68   81.171  40.68   2.654   1.33 0.000000000000000
360.875000 360.916667   83.365  41.78   87.436  43.82   79.654  39.92   2.714   1.36 0.000000000000000
360.916667 360.958333   82.228  41.21   84.343  42.27   80.632  40.41   1.217   0.61 0.000000000000000
360.958333 361.000000   75.883  38.03   80.492  40.34   70.895  35.53   2.873   1.44 0.000000000000000
361.000000 361.041667   74.765  37.47   78.577  39.38   71.254  35.71   2.015   1.01 0.000000000000000
361.041667 361.083333   72.990  36.58   75.843  38.01   71.493  35.83   1.257   0.63 0.189000000000000
361.083333 361.125000   74.067  37.12   76.102  38.14   71.573  35.87   1.297   0.65 0.000000000000000
361.125000 361.166667   69.458  34.81   74.586  37.38   65.068  32.61   2.933   1.47 0.000000000000000
361.166667 361.208333   63.612  31.88   65.487  32.82   61.796  30.97   1.137   0.57 0.189000000000000
361.208333 361.250000   63.931  32.04   67.183  33.67   62.714  31.43   1.058   0.53 0.189000000000000
361.250000 361.291667   66.465  33.31   67.542  33.85   65.587  32.87   0.539   0.27 0.000000000000000
361.291667 361.333333   68.620  34.39   71.094  35.63   66.984  33.57   1.177   0.59 0.000000000000000
361.333333 361.375000   68.799  34.48   71.114  35.64   66.166  33.16   1.816   0.91 0.000000000000000
361.375000 361.416667   65.587  32.87   66.325  33.24   64.769  32.46   0.519   0.26 0.000000000000000
361.416667 361.458333   64.968  32.56   65.806  32.98   63.771  31.96   0.579   0.29 0.000000000000000
361.458333 361.500000   63.412  31.78   64.210  32.18   62.714  31.43   0.479   0.24 0.000000000000000
361.500000 361.541667   64.968  32.56   65.407  32.78   64.230  32.19   0.319   0.16 0.000000000000000
361.541667 361.583333   64.948  32.55   65.507  32.83   64.130  32.14   0.439   0.22 0.000000000000000
361.583333 361.625000   64.170  32.16   64.908  32.53   63.352  31.75   0.459   0.23 0.000000000000000
361.625000 361.666667   61.736  30.94   62.953  31.55   61.018  30.58   0.658   0.33 0.000000000000000
361.666667 361.708333   60.239  30.19   60.798  30.47   59.561  29.85   0.379   0.19 0.000000000000000
361.708333 361.750000   60.678  30.41   61.257  30.70   60.060  30.10   0.319   0.16 0.188189000000000
361.750000 361.791667   60.818  30.48   61.736  30.94   59.322  29.73   0.818   0.41 0.188189000000000
361.791667 361.833333   61.995  31.07   63.771  31.96   60.758  30.45   0.858   0.43 0.189188000000000
361.833333 361.875000   64.669  32.41   66.046  33.10   63.252  31.70   0.938   0.47 0.188189000000000
361.875000 361.916667   63.592  31.87   65.886  33.02   61.776  30.96   1.297   0.65 0.188189000000000
361.916667 361.958333   64.529  32.34   66.624  33.39   63.552  31.85   0.918   0.46 0.189000000000000
361.958333 362.000000   67.363  33.76   68.740  34.45   65.208  32.68   1.058   0.53 0.189000000000000
362.000000 362.041667   63.472  31.81   65.806  32.98   59.681  29.91   2.075   1.04 0.189000000000000
362.041667 362.083333   58.763  29.45   61.018  30.58   57.326  28.73   1.058   0.53 0.189000000000000
362.083333 362.125000   58.982  29.56   61.876  31.01   57.147  28.64   1.836   0.92 0.189000000000000
362.125000 362.166667   63.532  31.84   67.223  33.69   59.022  29.58   2.195   1.10 0.188189000000000
362.166667 362.208333   69.538  34.85   74.426  37.30   65.048  32.60   2.414   1.21 0.189188000000000
362.208333 362.250000   76.342  38.26   78.676  39.43   74.945  37.56   1.397   0.70 0.189188000000000
362.250000 362.291667   74.666  37.42   81.131  40.66   70.256  35.21   3.532   1.77 0.188189000000000
362.291667 362.333333   71.733  35.95   76.442  38.31   69.558  34.86   2.015   1.01 0.000000000000000
362.333333 362.375000   75.005  37.59   79.514  39.85   72.311  36.24   2.594   1.30 0.000000000000000
362.375000 362.416667   72.052  36.11   73.768  36.97   70.755  35.46   1.038   0.52 0.000000000000000
362.416667 362.458333   89.431  44.82   96.076  48.15   85.540  42.87   3.113   1.56 0.000000000000000
