ozone_datasets/Ebas_221019_1549/US1200R.20130101000000.20181119131326.uv_abs.ozone.air.1y.1h.US06L_Thermo_49C_MLO.US06L_AM.lev2.nas
86 1001
McClure-Begley, Audra; Petropavlovskikh, Irina
US06L, National Oceanic and Atmospheric Administration, NOAA/ESRL/GMD, "Earth System Research Laboratory, Global Monitoring Division", 325 Broadway, , CO 80305-3, Boulder, U.S.A.
McClure-Begley, Audra
GAW-WDCRG NOAA-ESRL
1 1
2013 01 01 2018 11 19
0.041667
days from file reference point
10
1 1 1 1 1 1 1 1 1 1
999.999999 9999.999 999.99 9999.999 999.99 9999.999 999.99 999.999 999.99 9.999999999999999
end_time of measurement, days from the file reference point
ozone, ug/m3, Statistics=arithmetic mean, Volume std. temperature=293.15 K, Volume std. pressure=1013.25 hPa, Detection limit=1.995 ug/m3, Measurement uncertainty=1.995 ug/m3, Measurement uncertainty expl.=includes statistical uncertainty of individual sample and calibration uncertainty, "Comment=Data converted on import into EBAS from 'nmol/mol' to 'ug/m3' at 293.15 K, 1013.25 hPa, conversion factor 1.99534."
ozone, nmol/mol, Statistics=arithmetic mean, Detection limit=1.0 nmol/mol, Measurement uncertainty=1.0 nmol/mol, Measurement uncertainty expl.=includes statistical uncertainty of individual sample and calibration uncertainty, "Comment=Data converted on import into EBAS from 'nmol/mol' to 'ug/m3' at 293.15 K, 1013.25 hPa, conversion factor 1.99534. -- Data converted on export from EBAS from 'ug/m3' at 293.15 K, 1013.25 hPa to 'nmol/mol', conversion factor 0.5012. Measurement uncertainty converted from '1.995 ug/m3' at 293.15 K, 1013.25 hPa to '1.0 nmol/mol', conversion factor 0.5012. Detection limit converted from '1.995 ug/m3' at 293.15 K, 1013.25 hPa to '1.0 nmol/mol', conversion factor 0.5012."
ozone, ug/m3, Statistics=maximum, Volume std. temperature=293.15 K, Volume std. pressure=1013.25 hPa, Detection limit=1.995 ug/m3, "Comment=Data converted on import into EBAS from 'nmol/mol' to 'ug/m3' at 293.15 K, 1013.25 hPa, conversion factor 1.99534. Detection limit converted from '1.0 nmol/mol' to '1.995 ug/m3' at 293.15 K, 1013.25 hPa, conversion factor 1.99534."
ozone, nmol/mol, Statistics=maximum, Detection limit=1.0 nmol/mol, "Comment=Data converted on import into EBAS from 'nmol/mol' to 'ug/m3' at 293.15 K, 1013.25 hPa, conversion factor 1.99534. Detection limit converted from '1.0 nmol/mol' to '1.995 ug/m3' at 293.15 K, 1013.25 hPa, conversion factor 1.99534. -- Data converted on export from EBAS from 'ug/m3' at 293.15 K, 1013.25 hPa to 'nmol/mol', conversion factor 0.5012. Detection limit converted from '1.995 ug/m3' at 293.15 K, 1013.25 hPa to '1.0 nmol/mol', conversion factor 0.5012."
ozone, ug/m3, Statistics=minimum, Volume std. temperature=293.15 K, Volume std. pressure=1013.25 hPa, Detection limit=1.995 ug/m3, "Comment=Data converted on import into EBAS from 'nmol/mol' to 'ug/m3' at 293.15 K, 1013.25 hPa, conversion factor 1.99534. Detection limit converted from '1.0 nmol/mol' to '1.995 ug/m3' at 293.15 K, 1013.25 hPa, conversion factor 1.99534."
[...]
Inlet type:                   Hat or hood
Inlet description:            Downward Facing, teflon inlet bell
Inlet tube material:          Teflon
Inlet tube outer diameter:    6.35 mm
Inlet tube inner diameter:    4.76 mm
Inlet tube length:            7.0 m
Flow rate:                    1.0 l/min
Humidity/temperature control description: Automatic
Zero/negative values code:    Zero/negative possible
Zero/negative values:         Zero and neg. values may appear due to statistical variations at very low concentrations
Absorption cross section:     Hearn, 1961 cm2
QA1 measure ID:               US06L_reference_calibration_20070630
QA1 date:                     20100101
QA1 outcome:                  pass
Originator:                   "McClure-Begley, Audra, Audra.mcclure@noaa.gov, National Oceanic and Atmospheric Administration/Earth System Research Laboratory/Global Monitoring Division, NOAA/ESRL/GMD, , 325 Broadway, , 80305, ""Boulder, CO"", USA"
Originator:                   "Petropavlovskikh, Irina, Irina.petro@noaa.gov, National Oceanic and Atmospheric Administration/Earth System Research Laboratory/Global Monitoring Division, NOAA/ESRL/GMD, , 325 Broadway, , 80305, ""Boulder, CO"", USA"
Submitter:                    "McClure-Begley, Audra, Audra.mcclure@noaa.gov, National Oceanic and Atmospheric Administration/Earth System Research Laboratory/Global Monitoring Division, NOAA/ESRL/GMD, , 325 Broadway, , 80305, ""Boulder, CO"", USA"
Acknowledgement:              "Request Acknowledgement details from data originator. http://dx.doi.org/10.7289/V57P8WBF"
starttime endtime O3 O3 O3 O3 O3 O3 O3 O3 flag
[from data line 1709]
 71.208333  71.250000   68.081  34.12   69.358  34.76   67.044  33.60   0.838   0.42 0.189000000000000
 71.250000  71.291667   69.278  34.72   72.331  36.25   65.766  32.96   1.876   0.94 0.189000000000000
 71.291667  71.333333   79.295  39.74   82.029  41.11   75.085  37.63   2.255   1.13 0.189000000000000
 71.333333  71.375000   77.699  38.94   79.475  39.83   75.544  37.86   1.317   0.66 0.000000000000000
 71.375000  71.416667   76.222  38.20   77.798  38.99   75.165  37.67   0.798   0.40 0.000000000000000
 71.416667  71.458333   82.328  41.26   90.609  45.41   76.980  38.58   5.128   2.57 0.000000000000000
 71.458333  71.500000   91.626  45.92   93.482  46.85   89.770  44.99   0.958   0.48 0.000000000000000
 71.500000  71.541667   86.199  43.20   91.407  45.81   80.871  40.53   3.532   1.77 0.000000000000000
 71.541667  71.583333   81.330  40.76   83.525  41.86   79.475  39.83   1.257   0.63 0.000000000000000
 71.583333  71.625000   84.722  42.46   85.680  42.94   84.263  42.23   0.439   0.22 0.000000000000000
 71.625000  71.666667   82.527  41.36   83.425  41.81   81.450  40.82   0.619   0.31 0.000000000000000
 71.666667  71.708333   81.051  40.62   82.388  41.29   79.953  40.07   0.658   0.33 0.000000000000000
 71.708333  71.750000   85.081  42.64   92.404  46.31   81.390  40.79   3.452   1.73 0.000000000000000
 71.750000  71.791667   93.462  46.84   96.495  48.36   89.870  45.04   2.295   1.15 0.000000000000000
 71.791667  71.833333   95.497  47.86  106.891  53.57   86.378  43.29   6.186   3.10 0.189000000000000
 71.833333  71.875000   86.338  43.27   89.212  44.71   82.468  41.33   1.796   0.90 0.189000000000000
 71.875000  71.916667   88.473  44.34   92.085  46.15   83.844  42.02   2.275   1.14 0.189000000000000
 71.916667  71.958333   75.384  37.78   83.166  41.68   65.308  32.73   6.704   3.36 0.189000000000000
 71.958333  72.000000   67.762  33.96   69.877  35.02   65.367  32.76   1.397   0.70 0.189000000000000
 72.000000  72.041667   65.826  32.99   69.039  34.60   63.113  31.63   2.295   1.15 0.189000000000000
 72.041667  72.083333   64.210  32.18   65.168  32.66   63.232  31.69   0.579   0.29 0.189000000000000
 72.083333  72.125000   64.330  32.24   64.948  32.55   63.592  31.87   0.499   0.25 0.189000000000000
 72.125000  72.166667   62.913  31.53   63.711  31.93   62.055  31.10   0.519   0.26 0.189000000000000
 72.166667  72.208333   66.046  33.10   69.737  34.95   62.654  31.40   2.295   1.15 0.189000000000000
 72.208333  72.250000 9999.999 999.99 9999.999 999.99 9999.999 999.99 999.999 999.99 0.456189000000000
 72.250000  72.291667  109.205  54.73  110.263  55.26  106.871  53.56   1.097   0.55 0.000000000000000
 72.291667  72.333333  105.474  52.86  107.090  53.67  103.399  51.82   1.157   0.58 0.000000000000000
 72.333333  72.375000  105.294  52.77  107.150  53.70  103.059  51.65   1.237   0.62 0.000000000000000
 72.375000  72.416667 9999.999 999.99 9999.999 999.99 9999.999 999.99 999.999 999.99 0.456000000000000
 72.416667  72.458333  104.736  52.49  105.713  52.98  103.498  51.87   0.619   0.31 0.000000000000000
 72.458333  72.500000  107.449  53.85  109.724  54.99  104.576  52.41   1.576   0.79 0.000000000000000
 72.500000  72.541667  105.653  52.95  109.305  54.78  104.157  52.20   1.457   0.73 0.000000000000000
 72.541667  72.583333  107.369  53.81  109.564  54.91  105.853  53.05   1.197   0.60 0.000000000000000
 72.583333  72.625000  103.897  52.07  105.294  52.77  102.780  51.51   0.798   0.40 0.000000000000000
 72.625000  72.666667  103.239  51.74  104.057  52.15  102.501  51.37   0.459   0.23 0.000000000000000
 72.666667  72.708333  104.855  52.55  106.072  53.16  103.518  51.88   0.918   0.46 0.000000000000000
 72.708333  72.750000  105.294  52.77  106.671  53.46  104.077  52.16   0.818   0.41 0.000000000000000
 72.750000  72.791667   95.178  47.70  102.581  51.41   89.890  45.05   4.150   2.08 0.189000000000000
 72.791667  72.833333   88.513  44.36   97.812  49.02   74.805  37.49   7.323   3.67 0.189000000000000
 72.833333  72.875000   92.704  46.46   92.843  46.53   91.866  46.04   0.459   0.23 0.189390000000000
 72.875000  72.916667 9999.999 999.99 9999.999 999.99 9999.999 999.99 999.999 999.99 0.999000000000000
 72.916667  72.958333 9999.999 999.99 9999.999 999.99 9999.999 999.99 999.999 999.99 0.999000000000000
 72.958333  73.000000   93.861  47.04   96.535  48.38   91.726  45.97   2.414   1.21 0.390189000000000
 73.000000  73.041667   92.604  46.41   98.650  49.44   82.627  41.41   5.188   2.60 0.189000000000000
 73.041667  73.083333   80.811  40.50   86.199  43.20   74.805  37.49   3.552   1.78 0.189000000000000
 73.083333  73.125000   78.776  39.48   83.266  41.73   75.224  37.70   2.574   1.29 0.189000000000000
 73.125000  73.166667   77.639  38.91   83.266  41.73   73.289  36.73   3.572   1.79 0.189000000000000
 73.166667  73.208333   75.244  37.71   79.215  39.70   71.673  35.92   1.916   0.96 0.189000000000000
 73.208333  73.250000   75.324  37.75   78.876  39.53   70.934  35.55   2.953   1.48 0.189000000000000
 73.250000  73.291667   70.515  35.34   77.260  38.72   66.225  33.19   2.734   1.37 0.189000000000000
 73.291667  73.333333   71.673  35.92   72.670  36.42   69.538  34.85   0.918   0.46 0.000000000000000
 73.333333  73.375000   73.868  37.02   76.561  38.37   71.733  35.95   1.317   0.66 0.000000000000000
 73.375000  73.416667 9999.999 999.99 9999.999 999.99 9999.999 999.99 999.999 999.99 0.456000000000000
 73.416667  73.458333   96.136  48.18   97.153  48.69   93.861  47.04   0.958   0.48 0.000000000000000
 73.458333  73.500000   97.472  48.85   98.510  49.37   96.355  48.29   0.718   0.36 0.000000000000000
 73.500000  73.541667   93.522  46.87   96.994  48.61   90.509  45.36   2.255   1.13 0.000000000000000
 73.541667  73.583333   89.511  44.86   92.783  46.50   85.221  42.71   2.255   1.13 0.000000000000000
 73.583333  73.625000   89.551  44.88   93.542  46.88   84.543  42.37   2.235   1.12 0.000000000000000
 73.625000  73.666667   84.164  42.18   90.050  45.13   80.572  40.38   2.873   1.44 0.000000000000000
 73.666667  73.708333   80.113  40.15   83.725  41.96   73.209  36.69   3.292   1.65 0.000000000000000
 73.708333  73.750000   73.628  36.90   77.838  39.01   66.445  33.30   3.392   1.70 0.000000000000000
 73.750000  73.791667 9999.999 999.99 9999.999 999.99 9999.999 999.99 999.999 999.99 0.456000000000000
 73.791667  73.833333 9999.999 999.99 9999.999 999.99 9999.999 999.99 999.999 999.99 0.189456000000000
 73.833333  73.875000 9999.999 999.99 9999.999 999.99 9999.999 999.99 999.999 999.99 0.456189000000000
 73.875000  73.916667 9999.999 999.99 9999.999 999.99 9999.999 999.99 999.999 999.99 0.456189000000000
 73.916667  73.958333 9999.999 999.99 9999.999 999.99 9999.999 999.99 999.999 999.99 0.189456000000000
 73.958333  74.000000 9999.999 999.99 9999.999 999.99 9999.999 999.99 999.999 999.99 0.456189000000000
 74.000000  74.041667 9999.999 999.99 9999.999 999.99 9999.999 999.99 999.999 999.99 0.189456000000000
 74.041667  74.083333 9999.999 999.99 9999.999 999.99 9999.999 999.99 999.999 999.99 0.456189000000000
 74.083333  74.125000 9999.999 999.99 9999.999 999.99 9999.999 999.99 999.999 999.99 0.189456000000000
 74.125000  74.166667 9999.999 999.99 9999.999 999.99 9999.999 999.99 999.999 999.99 0.189456000000000
 74.166667  74.208333 9999.999 999.99 9999.999 999.99 9999.999 999.99 999.999 999.99 0.189456000000000
 74.208333  74.250000 9999.999 999.99 9999.999 999.99 9999.999 999.99 999.999 999.99 0.456000000000000
 74.250000  74.291667 9999.999 999.99 9999.999 999.99 9999.999 999.99 999.999 999.99 0.394456000000000
 74.291667  74.333333 9999.999 999.99 9999.999 999.99 9999.999 999.99 999.999 999.99 0.456000000000000
 74.333333  74.375000 9999.999 999.99 9999.999 999.99 9999.999 999.99 999.999 999.99 0.456000000000000
 74.375000  74.416667 9999.999 999.99 9999.999 999.99 9999.999 999.99 999.999 999.99 0.456000000000000
 74.416667  74.458333 9999.999 999.99 9999.999 999.99 9999.999 999.99 999.999 999.99 0.456000000000000
 74.458333  74.500000 9999.999 999.99 9999.999 999.99 9999.999 999.99 999.999 999.99 0.456000000000000
 74.500000  74.541667 9999.999 999.99 9999.999 999.99 9999.999 999.99 999.999 999.99 0.456000000000000
 74.541667  74.583333 9999.999 999.99 9999.999 999.99 9999.999 999.99 999.999 999.99 0.456000000000000
 74.583333  74.625000 9999.999 999.99 9999.999 999.99 9999.999 999.99 999.999 999.99 0.456000000000000
 74.625000  74.666667 9999.999 999.99 9999.999 999.99 9999.999 999.99 999.999 999.99 0.456000000000000
 74.666667  74.708333 9999.999 999.99 9999.999 999.99 9999.999 999.99 999.999 999.99 0.456000000000000
 74.708333  74.750000 9999.999 999.99 9999.999 999.99 9999.999 999.99 999.999 999.99 0.456000000000000
 74.750000  74.791667 9999.999 999.99 9999.999 999.99 9999.999 999.99 999.999 999.99 0.456000000000000
 74.791667  74.833333 9999.999 999.99 9999.999 999.99 9999.999 999.99 999.999 999.99 0.456000000000000
 74.833333  74.875000 9999.999 999.99 9999.999 999.99 9999.999 999.99 999.999 999.99 0.394456000000000
 74.875000  74.916667 9999.999 999.99 9999.999 999.99 9999.999 999.99 999.999 999.99 0.189456000000000
 74.916667  74.958333 9999.999 999.99 9999.999 999.99 9999.999 999.99 999.999 999.99 0.189456000000000
 74.958333  75.000000 9999.999 999.99 9999.999 999.99 9999.999 999.99 999.999 999.99 0.456189000000000
 75.000000  75.041667 9999.999 999.99 9999.999 999.99 9999.999 999.99 999.999 999.99 0.189456000000000
 75.041667  75.083333 9999.999 999.99 9999.999 999.99 9999.999 999.99 999.999 999.99 0.456189000000000
 75.083333  75.125000 9999.999 999.99 9999.999 999.99 9999.999 999.99 999.999 999.99 0.456000000000000
 75.125000  75.166667 9999.999 999.99 9999.999 999.99 9999.999 999.99 999.999 999.99 0.456000000000000
 75.166667  75.208333 9999.999 999.99 9999.999 999.99 9999.999 999.99 999.999 999.99 0.456000000000000
 75.208333  75.250000 9999.999 999.99 9999.999 999.99 9999.999 999.99 999.999 999.99 0.456000000000000
 75.250000  75.291667 9999.999 999.99 9999.999 999.99 9999.999 999.99 999.999 999.99 0.456000000000000
 75.291667  75.333333 9999.999 999.99 9999.999 999.99 9999.999 999.99 999.999 999.99 0.456000000000000
 75.333333  75.375000 9999.999 999.99 9999.999 999.99 9999.999 999.99 999.999 999.99 0.456000000000000
 75.375000  75.416667 9999.999 999.99 9999.999 999.99 9999.999 999.99 999.999 999.99 0.456000000000000
 75.416667  75.458333 9999.999 999.99 9999.999 999.99 9999.999 999.99 999.999 999.99 0.456000000000000
 75.458333  75.500000 9999.999 999.99 9999.999 999.99 9999.999 999.99 999.999 999.99 0.456000000000000
 75.500000  75.541667 9999.999 999.99 9999.999 999.99 9999.999 999.99 999.999 999.99 0.456000000000000
 75.541667  75.583333 9999.999 999.99 9999.999 999.99 9999.999 999.99 999.999 999.99 0.456000000000000
 75.583333  75.625000 9999.999 999.99 9999.999 999.99 9999.999 999.99 999.999 999.99 0.456000000000000
 75.625000  75.666667 9999.999 999.99 9999.999 999.99 9999.999 999.99 999.999 999.99 0.456000000000000
 75.666667  75.708333 9999.999 999.99 9999.999 999.99 9999.999 999.99 999.999 999.99 0.456000000000000
 75.708333  75.750000 9999.999 999.99 9999.999 999.99 9999.999 999.99 999.999 999.99 0.456000000000000
 75.750000  75.791667 9999.999 999.99 9999.999 999.99 9999.999 999.99 999.999 999.99 0.456000000000000
 75.791667  75.833333 9999.999 999.99 9999.999 999.99 9999.999 999.99 999.999 999.99 0.456000000000000
 75.833333  75.875000 9999.999 999.99 9999.999 999.99 9999.999 999.99 999.999 999.99 0.456000000000000
 75.875000  75.916667 9999.999 999.99 9999.999 999.99 9999.999 999.99 999.999 999.99 0.456000000000000
 75.916667  75.958333 9999.999 999.99 9999.999 999.99 9999.999 999.99 999.999 999.99 0.456000000000000
 75.958333  76.000000 9999.999 999.99 9999.999 999.99 9999.999 999.99 999.999 999.99 0.456000000000000
 76.000000  76.041667 9999.999 999.99 9999.999 999.99 9999.999 999.99 999.999 999.99 0.456000000000000
 76.041667  76.083333 9999.999 999.99 9999.999 999.99 9999.999 999.99 999.999 999.99 0.456000000000000
 76.083333  76.125000 9999.999 999.99 9999.999 999.99 9999.999 999.99 999.999 999.99 0.456000000000000
 76.125000  76.166667 9999.999 999.99 9999.999 999.99 9999.999 999.99 999.999 999.99 0.456000000000000
 76.166667  76.208333 9999.999 999.99 9999.999 999.99 9999.999 999.99 999.999 999.99 0.456000000000000
 76.208333  76.250000 9999.999 999.99 9999.999 999.99 9999.999 999.99 999.999 999.99 0.456189000000000
 76.250000  76.291667 9999.999 999.99 9999.999 999.99 9999.999 999.99 999.999 999.99 0.188189456000000
 76.291667  76.333333 9999.999 999.99 9999.999 999.99 9999.999 999.99 999.999 999.99 0.189188456000000
 76.333333  76.375000 9999.999 999.99 9999.999 999.99 9999.999 999.99 999.999 999.99 0.456188189000000
 76.375000  76.416667 9999.999 999.99 9999.999 999.99 9999.999 999.99 999.999 999.99 0.456000000000000
 76.416667  76.458333 9999.999 999.99 9999.999 999.99 9999.999 999.99 999.999 999.99 0.456000000000000
 76.458333  76.500000 9999.999 999.99 9999.999 999.99 9999.999 999.99 999.999 999.99 0.456000000000000
 76.500000  76.541667 9999.999 999.99 9999.999 999.99 9999.999 999.99 999.999 999.99 0.456000000000000
 76.541667  76.583333 9999.999 999.99 9999.999 999.99 9999.999 999.99 999.999 999.99 0.456000000000000
 76.583333  76.625000 9999.999 999.99 9999.999 999.99 9999.999 999.99 999.999 999.99 0.456000000000000
 76.625000  76.666667 9999.999 999.99 9999.999 999.99 9999.999 999.99 999.999 999.99 0.456000000000000
 76.666667  76.708333 9999.999 999.99 9999.999 999.99 9999.999 999.99 999.999 999.99 0.456000000000000
 76.708333  76.750000 9999.999 999.99 9999.999 999.99 9999.999 999.99 999.999 999.99 0.456000000000000
 76.750000  76.791667 9999.999 999.99 9999.999 999.99 9999.999 999.99 999.999 999.99 0.456000000000000
 76.791667  76.833333 9999.999 999.99 9999.999 999.99 9999.999 999.99 999.999 999.99 0.456189392000000
 76.833333  76.875000 9999.999 999.99 9999.999 999.99 9999.999 999.99 999.999 999.99 0.999000000000000
 76.875000  76.916667 9999.999 999.99 9999.999 999.99 9999.999 999.99 999.999 999.99 0.456392000000000
 76.916667  76.958333 9999.999 999.99 9999.999 999.99 9999.999 999.99 999.999 999.99 0.188189456000000
 76.958333  77.000000 9999.999 999.99 9999.999 999.99 9999.999 999.99 999.999 999.99 0.456189000000000
 77.000000  77.041667 9999.999 999.99 9999.999 999.99 9999.999 999.99 999.999 999.99 0.456189000000000
 77.041667  77.083333 9999.999 999.99 9999.999 999.99 9999.999 999.99 999.999 999.99 0.456189000000000
 77.083333  77.125000 9999.999 999.99 9999.999 999.99 9999.999 999.99 999.999 999.99 0.189456000000000
 77.125000  77.166667 9999.999 999.99 9999.999 999.99 9999.999 999.99 999.999 999.99 0.189456000000000
 77.166667  77.208333 9999.999 999.99 9999.999 999.99 9999.999 999.99 999.999 999.99 0.456189000000000
 77.208333  77.250000 9999.999 999.99 9999.999 999.99 9999.999 999.99 999.999 999.99 0.189456000000000
 77.250000  77.291667  111.460  55.86  112.857  56.56  110.402  55.33   0.798   0.40 0.000000000000000
 77.291667  77.333333  113.176  56.72  114.413  57.34  112.577  56.42   0.519   0.26 0.000000000000000
 77.333333  77.375000  121.097  60.69  130.136  65.22  112.218  56.24   7.123   3.57 0.000000000000000
 77.375000  77.416667 9999.999 999.99 9999.999 999.99 9999.999 999.99 999.999 999.99 0.456000000000000
 77.416667  77.458333  121.257  60.77  129.977  65.14  112.118  56.19   6.445   3.23 0.000000000000000
 77.458333  77.500000  126.664  63.48  131.134  65.72  119.561  59.92   4.589   2.30 0.000000000000000
 77.500000  77.541667  126.904  63.60  131.812  66.06  122.674  61.48   3.232   1.62 0.000000000000000
 77.541667  77.583333  118.384  59.33  118.942  59.61  117.107  58.69   0.619   0.31 0.000000000000000
 77.583333  77.625000  114.952  57.61  119.002  59.64  110.422  55.34   2.933   1.47 0.000000000000000
 77.625000  77.666667  111.460  55.86  112.178  56.22  110.602  55.43   0.579   0.29 0.000000000000000
