ozone_datasets/Ebas_221019_1549/US1200R.20170101000000.20180131180300.uv_abs.ozone.air.1y.1h.US06L_Thermo_49C_MLO.US06L_AM.lev2.nas
86 1001
McClure-Begley, Audra; Petropavlovskikh, Irina
US06L, National Oceanic and Atmospheric Administration, NOAA/ESRL/GMD, "Earth System Research Laboratory, Global Monitoring Division", 325 Broadway, , CO 80305-3, Boulder, U.S.A.
McClure-Begley, Audra
GAW-WDCRG NOAA-ESRL
1 1
2017 01 01 2018 01 31
0.041667
days from file reference point
10
1 1 1 1 1 1 1 1 1 1
999.999999 9999.999 999.99 9999.999 9999.99 9999.999 999.99 999.999 999.99 9.999999999999999
end_time of measurement, days from the file reference point
ozone, ug/m3, Statistics=arithmetic mean, Volume std. temperature=293.15 K, Volume std. pressure=1013.25 hPa, Detection limit=1.995 ug/m3, Measurement uncertainty=1.995 ug/m3, Measurement uncertainty expl.=includes statistical uncertainty of individual sample and calibration uncertainty, "Comment=Data converted on import into EBAS from 'nmol/mol' to 'ug/m3' at 293.15 K, 1013.25 hPa, conversion factor 1.99534."
ozone, nmol/mol, Statistics=arithmetic mean, Detection limit=1.0 nmol/mol, Measurement uncertainty=1.0 nmol/mol, Measurement uncertainty expl.=includes statistical uncertainty of individual sample and calibration uncertainty, "Comment=Data converted on import into EBAS from 'nmol/mol' to 'ug/m3' at 293.15 K, 1013.25 hPa, conversion factor 1.99534. -- Data converted on export from EBAS from 'ug/m3' at 293.15 K, 1013.25 hPa to 'nmol/mol', conversion factor 0.5012. Measurement uncertainty converted from '1.995 ug/m3' at 293.15 K, 1013.25 hPa to '1.0 nmol/mol', conversion factor 0.5012. Detection limit converted from '1.995 ug/m3' at 293.15 K, 1013.25 hPa to '1.0 nmol/mol', conversion factor 0.5012."
ozone, ug/m3, Statistics=maximum, Volume std. temperature=293.15 K, Volume std. pressure=1013.25 hPa, Detection limit=1.995 ug/m3, "Comment=Data converted on import into EBAS from 'nmol/mol' to 'ug/m3' at 293.15 K, 1013.25 hPa, conversion factor 1.99534. Detection limit converted from '1.0 nmol/mol' to '1.995 ug/m3' at 293.15 K, 1013.25 hPa, conversion factor 1.99534."
ozone, nmol/mol, Statistics=maximum, Detection limit=1.0 nmol/mol, "Comment=Data converted on import into EBAS from 'nmol/mol' to 'ug/m3' at 293.15 K, 1013.25 hPa, conversion factor 1.99534. Detection limit converted from '1.0 nmol/mol' to '1.995 ug/m3' at 293.15 K, 1013.25 hPa, conversion factor 1.99534. -- Data converted on export from EBAS from 'ug/m3' at 293.15 K, 1013.25 hPa to 'nmol/mol', conversion factor 0.5012. Detection limit converted from '1.995 ug/m3' at 293.15 K, 1013.25 hPa to '1.0 nmol/mol', conversion factor 0.5012."
ozone, ug/m3, Statistics=minimum, Volume std. temperature=293.15 K, Volume std. pressure=1013.25 hPa, Detection limit=1.995 ug/m3, "Comment=Data converted on import into EBAS from 'nmol/mol' to 'ug/m3' at 293.15 K, 1013.25 hPa, conversion factor 1.99534. Detection limit converted from '1.0 nmol/mol' to '1.995 ug/m3' at 293.15 K, 1013.25 hPa, conversion factor 1.99534."
[...]
Inlet type:                   Hat or hood
Inlet description:            Downward Facing, teflon inlet bell
Inlet tube material:          Teflon
Inlet tube outer diameter:    6.35 mm
Inlet tube inner diameter:    4.76 mm
Inlet tube length:            7.0 m
Flow rate:                    1.0 l/min
Humidity/temperature control description: Automatic
Zero/negative values code:    Zero/negative possible
Zero/negative values:         Zero and neg. values may appear due to statistical variations at very low concentrations
Absorption cross section:     Hearn, 1961 cm2
QA1 measure ID:               US06L_reference_calibration_20070630
QA1 date:                     20100101
QA1 outcome:                  pass
Originator:                   "McClure-Begley, Audra, Audra.mcclure@noaa.gov, National Oceanic and Atmospheric Administration/Earth System Research Laboratory/Global Monitoring Division, NOAA/ESRL/GMD, , 325 Broadway, , 80305, ""Boulder, CO"", USA"
Originator:                   "Petropavlovskikh, Irina, Irina.petro@noaa.gov, National Oceanic and Atmospheric Administration/Earth System Research Laboratory/Global Monitoring Division, NOAA/ESRL/GMD, , 325 Broadway, , 80305, ""Boulder, CO"", USA"
Submitter:                    "McClure-Begley, Audra, Audra.mcclure@noaa.gov, National Oceanic and Atmospheric Administration/Earth System Research Laboratory/Global Monitoring Division, NOAA/ESRL/GMD, , 325 Broadway, , 80305, ""Boulder, CO"", USA"
Acknowledgement:              "Request Acknowledgement details from data originator. http://dx.doi.org/10.7289/V57P8WBF"
starttime endtime O3 O3 O3 O3 O3 O3 O3 O3 flag
[from data line 616]
 25.666667  25.708333  101.922  51.08  102.241   51.24  101.104  50.67   0.319   0.16 0.000000000000000
 25.708333  25.750000  101.563  50.90  101.842   51.04  101.264  50.75   0.200   0.10 0.000000000000000
 25.750000  25.791667  101.104  50.67  101.543   50.89  100.685  50.46   0.239   0.12 0.000000000000000
 25.791667  25.833333  100.825  50.53  101.363   50.80  100.605  50.42   0.219   0.11 0.000000000000000
 25.833333  25.875000  100.645  50.44  101.024   50.63  100.366  50.30   0.219   0.11 0.189000000000000
 25.875000  25.916667   99.169  49.70  100.166   50.20   98.071  49.15   0.559   0.28 0.189000000000000
 25.916667  25.958333   97.492  48.86   98.909   49.57   96.116  48.17   0.818   0.41 0.189000000000000
 25.958333  26.000000   98.849  49.54   99.867   50.05   98.131  49.18   0.519   0.26 0.189000000000000
 26.000000  26.041667   99.727  49.98  100.206   50.22   98.949  49.59   0.419   0.21 0.189000000000000
 26.041667  26.083333  100.046  50.14  100.206   50.22   99.608  49.92   0.200   0.10 0.000000000000000
 26.083333  26.125000   99.149  49.69  100.904   50.57   96.694  48.46   1.058   0.53 0.000000000000000
 26.125000  26.166667   94.380  47.30   95.916   48.07   92.744  46.48   0.938   0.47 0.000000000000000
 26.166667  26.208333   95.138  47.68   96.794   48.51   93.701  46.96   1.038   0.52 0.000000000000000
 26.208333  26.250000   95.537  47.88   96.874   48.55   93.821  47.02   0.778   0.39 0.000000000000000
 26.250000  26.291667  100.705  50.47  104.536   52.39   95.796  48.01   3.232   1.62 0.000000000000000
 26.291667  26.333333  101.284  50.76  102.162   51.20  100.126  50.18   0.658   0.33 0.000000000000000
 26.333333  26.375000  102.261  51.25  105.294   52.77   99.488  49.86   2.454   1.23 0.000000000000000
 26.375000  26.416667  105.234  52.74  108.726   54.49  100.485  50.36   2.674   1.34 0.000000000000000
 26.416667  26.458333  106.551  53.40  107.010   53.63  105.673  52.96   0.439   0.22 0.000000000000000
 26.458333  26.500000  108.706  54.48  110.263   55.26  107.729  53.99   0.858   0.43 0.000000000000000
 26.500000  26.541667  110.562  55.41  111.600   55.93  109.923  55.09   0.559   0.28 0.000000000000000
 26.541667  26.583333  109.824  55.04  110.562   55.41  109.245  54.75   0.439   0.22 0.000000000000000
 26.583333  26.625000  109.564  54.91  109.903   55.08  109.026  54.64   0.299   0.15 0.000000000000000
 26.625000  26.666667  109.325  54.79  110.682   55.47  108.726  54.49   0.619   0.31 0.000000000000000
 26.666667  26.708333  107.948  54.10  108.726   54.49  107.030  53.64   0.459   0.23 0.000000000000000
 26.708333  26.750000  108.108  54.18  109.065   54.66  107.369  53.81   0.559   0.28 0.000000000000000
 26.750000  26.791667  105.793  53.02  106.631   53.44  104.835  52.54   0.579   0.29 0.000000000000000
 26.791667  26.833333  110.103  55.18  114.114   57.19  106.711  53.48   2.454   1.23 0.000000000000000
 26.833333  26.875000  111.979  56.12  114.233   57.25  110.482  55.37   1.058   0.53 0.189000000000000
 26.875000  26.916667  110.502  55.38  112.797   56.53  108.148  54.20   1.337   0.67 0.189000000000000
 26.916667  26.958333  108.088  54.17  110.303   55.28  103.997  52.12   2.055   1.03 0.189000000000000
 26.958333  27.000000  104.995  52.62  106.970   53.61  103.439  51.84   1.237   0.62 0.189000000000000
 27.000000  27.041667  105.913  53.08  107.509   53.88  104.716  52.48   0.958   0.48 0.189000000000000
 27.041667  27.083333  107.190  53.72  110.223   55.24  104.755  52.50   1.457   0.73 0.189000000000000
 27.083333  27.125000  106.132  53.19  109.026   54.64   97.572  48.90   3.891   1.95 0.189394000000000
 27.125000  27.166667  112.378  56.32  117.326   58.80  108.168  54.21   3.053   1.53 0.189000000000000
 27.166667  27.208333  116.787  58.53  117.645   58.96  115.730  58.00   0.619   0.31 0.189000000000000
 27.208333  27.250000  116.189  58.23  117.027   58.65  114.912  57.59   0.639   0.32 0.000000000000000
 27.250000  27.291667  119.840  60.06  120.798   60.54  118.224  59.25   0.698   0.35 0.000000000000000
 27.291667  27.333333  120.419  60.35  121.596   60.94  119.142  59.71   0.778   0.39 0.000000000000000
 27.333333  27.375000  119.681  59.98  121.915   61.10  118.982  59.63   1.018   0.51 0.189000000000000
 27.375000  27.416667  119.062  59.67  121.337   60.81  117.845  59.06   0.918   0.46 0.189188000000000
 27.416667  27.458333  120.758  60.52  123.053   61.67  118.683  59.48   1.497   0.75 0.000000000000000
 27.458333  27.500000  120.279  60.28  122.414   61.35  113.435  56.85   3.232   1.62 0.000000000000000
 27.500000  27.541667  106.671  53.46  109.903   55.08  105.075  52.66   1.497   0.75 0.000000000000000
 27.541667  27.583333  103.858  52.05  104.835   52.54  103.020  51.63   0.619   0.31 0.000000000000000
 27.583333  27.625000  106.152  53.20  108.148   54.20  104.217  52.23   1.477   0.74 0.000000000000000
 27.625000  27.666667  108.148  54.20  109.884   55.07  106.990  53.62   0.898   0.45 0.000000000000000
 27.666667  27.708333  110.921  55.59  113.236   56.75  108.467  54.36   1.536   0.77 0.000000000000000
 27.708333  27.750000  113.236  56.75  114.293   57.28  112.258  56.26   0.718   0.36 0.000000000000000
 27.750000  27.791667  115.351  57.81  117.526   58.90  113.555  56.91   1.257   0.63 0.189000000000000
 27.791667  27.833333  116.249  58.26  119.142   59.71  110.742  55.50   2.893   1.45 0.189000000000000
 27.833333  27.875000  113.515  56.89  116.428   58.35  110.662  55.46   2.075   1.04 0.189000000000000
 27.875000  27.916667  108.966  54.61  113.535   56.90  104.955  52.60   2.714   1.36 0.189000000000000
 27.916667  27.958333   97.812  49.02  100.266   50.25   93.202  46.71   2.135   1.07 0.189000000000000
 27.958333  28.000000   88.394  44.30   97.971   49.10   73.449  36.81   8.899   4.46 0.189000000000000
 28.000000  28.041667   87.316  43.76   92.384   46.30   83.206  41.70   2.574   1.29 0.189000000000000
 28.041667  28.083333   88.693  44.45   94.300   47.26   85.061  42.63   2.913   1.46 0.189000000000000
 28.083333  28.125000   84.922  42.56   86.299   43.25   82.627  41.41   0.998   0.50 0.189000000000000
 28.125000  28.166667   85.161  42.68   90.908   45.56   79.075  39.63   3.671   1.84 0.189000000000000
 28.166667  28.208333   90.289  45.25   97.093   48.66   85.441  42.82   4.031   2.02 0.189000000000000
 28.208333  28.250000   95.078  47.65   95.876   48.05   94.001  47.11   0.559   0.28 0.189000000000000
 28.250000  28.291667   93.282  46.75   95.956   48.09   90.708  45.46   1.556   0.78 0.189000000000000
 28.291667  28.333333   86.358  43.28   87.995   44.10   84.523  42.36   0.998   0.50 0.189000000000000
 28.333333  28.375000   88.074  44.14   90.329   45.27   85.820  43.01   1.576   0.79 0.189000000000000
 28.375000  28.416667   87.815  44.01   89.092   44.65   85.281  42.74   1.018   0.51 0.189000000000000
 28.416667  28.458333   85.540  42.87   87.057   43.63   84.343  42.27   0.778   0.39 0.000000000000000
 28.458333  28.500000   87.236  43.72   89.092   44.65   86.099  43.15   0.778   0.39 0.189000000000000
 28.500000  28.541667   89.331  44.77   89.591   44.90   88.873  44.54   0.180   0.09 0.189000000000000
 28.541667  28.583333   89.591  44.90   90.050   45.13   89.192  44.70   0.259   0.13 0.000000000000000
 28.583333  28.625000   89.990  45.10   90.728   45.47   89.551  44.88   0.419   0.21 0.000000000000000
 28.625000  28.666667   89.770  44.99   91.028   45.62   88.553  44.38   0.878   0.44 0.000000000000000
 28.666667  28.708333   91.267  45.74   92.763   46.49   89.691  44.95   0.858   0.43 0.000000000000000
 28.708333  28.750000   88.912  44.56   89.850   45.03   87.855  44.03   0.698   0.35 0.000000000000000
 28.750000  28.791667   92.404  46.31  100.785   50.51   89.471  44.84   3.232   1.62 0.189000000000000
 28.791667  28.833333   95.397  47.81  100.665   50.45   92.504  46.36   2.873   1.44 0.189000000000000
 28.833333  28.875000   85.919  43.06  102.381   51.31   73.129  36.65   9.697   4.86 0.189000000000000
 28.875000  28.916667   93.801  47.01  100.286   50.26   83.306  41.75   5.068   2.54 0.189000000000000
 28.916667  28.958333   75.823  38.00   79.874   40.03   73.708  36.94   1.616   0.81 0.188189000000000
 28.958333  29.000000   72.351  36.26   73.169   36.67   70.795  35.48   0.838   0.42 0.189000000000000
 29.000000  29.041667   69.937  35.05   70.675   35.42   68.959  34.56   0.579   0.29 0.189000000000000
 29.041667  29.083333   67.762  33.96   68.779   34.47   66.724  33.44   0.539   0.27 0.189188000000000
 29.083333  29.125000   67.842  34.00   71.114   35.64   65.966  33.06   1.756   0.88 0.188189000000000
 29.125000  29.166667   68.321  34.24   71.334   35.75   66.485  33.32   1.716   0.86 0.189000000000000
 29.166667  29.208333   71.134  35.65   81.869   41.03   66.864  33.51   4.988   2.50 0.189188000000000
 29.208333  29.250000   87.037  43.62   90.429   45.32   83.445  41.82   2.155   1.08 0.189000000000000
 29.250000  29.291667   79.774  39.98   88.473   44.34   75.244  37.71   4.210   2.11 0.189000000000000
 29.291667  29.333333   84.523  42.36   88.992   44.60   80.592  40.39   2.355   1.18 0.188189000000000
 29.333333  29.375000   89.212  44.71   92.783   46.50   87.017  43.61   1.497   0.75 0.188000000000000
 29.375000  29.416667   94.779  47.50   98.829   49.53   91.107  45.66   2.175   1.09 0.188000000000000
 29.416667  29.458333  100.665  50.45  106.751   53.50   93.701  46.96   5.108   2.56 0.188000000000000
 29.458333  29.500000  105.314  52.78  108.507   54.38  101.643  50.94   1.816   0.91 0.000000000000000
 29.500000  29.541667  106.731  53.49  110.981   55.62  102.481  51.36   2.394   1.20 0.188189000000000
 29.541667  29.583333  102.601  51.42  107.349   53.80   99.627  49.93   2.135   1.07 0.189188000000000
 29.583333  29.625000   97.213  48.72  102.122   51.18   95.737  47.98   1.836   0.92 0.000000000000000
 29.625000  29.666667  107.429  53.84  109.704   54.98  102.581  51.41   2.095   1.05 0.000000000000000
 29.666667  29.708333  110.422  55.34  111.639   55.95  108.826  54.54   0.998   0.50 0.000000000000000
 29.708333  29.750000  107.768  54.01  109.365   54.81  105.474  52.86   1.157   0.58 0.000000000000000
 29.750000  29.791667  107.210  53.73  109.465   54.86  105.354  52.80   1.237   0.62 0.000000000000000
 29.791667  29.833333  104.297  52.27  105.015   52.63  102.700  51.47   0.798   0.40 0.189000000000000
 29.833333  29.875000  103.598  51.92  104.596   52.42  102.780  51.51   0.539   0.27 0.189000000000000
 29.875000  29.916667  102.042  51.14  103.419   51.83   99.268  49.75   1.077   0.54 0.189000000000000
 29.916667  29.958333  102.341  51.29  103.997   52.12   98.730  49.48   1.377   0.69 0.189000000000000
 29.958333  30.000000   89.970  45.09   94.400   47.31   86.259  43.23   2.973   1.49 0.189000000000000
 30.000000  30.041667   88.633  44.42   94.938   47.58   84.862  42.53   3.432   1.72 0.188189000000000
 30.041667  30.083333   95.038  47.63  100.865   50.55   89.491  44.85   4.070   2.04 0.189000000000000
 30.083333  30.125000  103.179  51.71  103.878   52.06  102.601  51.42   0.399   0.20 0.189000000000000
 30.125000  30.166667  103.419  51.83  105.613   52.93   99.807  50.02   1.896   0.95 0.189000000000000
 30.166667  30.208333  109.026  54.64  112.996   56.63  105.653  52.95   2.474   1.24 0.189000000000000
 30.208333  30.250000  105.893  53.07  111.619   55.94   99.907  50.07   4.390   2.20 0.189188000000000
 30.250000  30.291667  100.466  50.35  101.922   51.08   99.248  49.74   0.998   0.50 0.188189000000000
 30.291667  30.333333  103.199  51.72  108.148   54.20  100.605  50.42   2.614   1.31 0.189188000000000
 30.333333  30.375000  111.320  55.79  114.513   57.39  108.068  54.16   2.095   1.05 0.000000000000000
 30.375000  30.416667  115.790  58.03  118.005   59.14  114.533  57.40   1.117   0.56 0.000000000000000
 30.416667  30.458333  108.187  54.22  113.335   56.80  105.693  52.97   2.374   1.19 0.000000000000000
 30.458333  30.500000  108.686  54.47  110.742   55.50  106.392  53.32   1.397   0.70 0.000000000000000
 30.500000  30.541667  111.360  55.81  112.637   56.45  110.163  55.21   0.678   0.34 0.000000000000000
 30.541667  30.583333  110.003  55.13  110.482   55.37  109.225  54.74   0.339   0.17 0.000000000000000
 30.583333  30.625000  109.085  54.67  109.524   54.89  108.387  54.32   0.319   0.16 0.000000000000000
 30.625000  30.666667  105.075  52.66  106.751   53.50  103.818  52.03   0.918   0.46 0.000000000000000
 30.666667  30.708333  103.598  51.92  104.017   52.13  103.099  51.67   0.299   0.15 0.000000000000000
 30.708333  30.750000  103.039  51.64  107.689   53.97  101.264  50.75   2.115   1.06 0.000000000000000
 30.750000  30.791667  111.121  55.69  112.837   56.55  109.205  54.73   0.998   0.50 0.189000000000000
 30.791667  30.833333  110.243  55.25  111.799   56.03  107.110  53.68   1.297   0.65 0.189000000000000
 30.833333  30.875000  106.731  53.49  107.609   53.93  105.813  53.03   0.579   0.29 0.189000000000000
 30.875000  30.916667  105.613  52.93  110.163   55.21  100.106  50.17   3.272   1.64 0.189000000000000
 30.916667  30.958333  101.563  50.90  103.419   51.83   99.967  50.10   1.357   0.68 0.189000000000000
 30.958333  31.000000  108.367  54.31  112.178   56.22  103.897  52.07   2.335   1.17 0.189000000000000
 31.000000  31.041667  100.825  50.53  108.008   54.13   94.160  47.19   5.328   2.67 0.189000000000000
 31.041667  31.083333   92.325  46.27   96.096   48.16   90.209  45.21   1.756   0.88 0.189188000000000
 31.083333  31.125000   90.090  45.15   90.648   45.43   89.571  44.89   0.339   0.17 0.189188000000000
 31.125000  31.166667   90.609  45.41   91.167   45.69   89.810  45.01   0.359   0.18 0.189188000000000
 31.166667  31.208333   90.808  45.51   92.943   46.58   88.254  44.23   1.237   0.62 0.189188000000000
 31.208333  31.250000   90.429  45.32  101.184   50.71   84.762  42.48   5.407   2.71 0.188189000000000
 31.250000  31.291667   95.038  47.63  109.045   54.65   86.039  43.12   6.864   3.44 0.189188000000000
 31.291667  31.333333  102.062  51.15  115.371   57.82   92.045  46.13   7.044   3.53 0.188189000000000
 31.333333  31.375000 9999.999 999.99 9999.999 9999.99 9999.999 999.99 999.999 999.99 0.456189188000000
 31.375000  31.416667 9999.999 999.99 9999.999 9999.99 9999.999 999.99 999.999 999.99 0.456000000000000
 31.416667  31.458333 9999.999 999.99 9999.999 9999.99 9999.999 999.99 999.999 999.99 0.456000000000000
 31.458333  31.500000 9999.999 999.99 9999.999 9999.99 9999.999 999.99 999.999 999.99 0.188189456000000
 31.500000  31.541667  104.177  52.21  105.753   53.00  102.561  51.40   1.018   0.51 0.189000000000000
 31.541667  31.583333  104.117  52.18  106.272   53.26  102.740  51.49   1.357   0.68 0.000000000000000
 31.583333  31.625000  106.172  53.21  107.329   53.79  103.219  51.73   1.177   0.59 0.000000000000000
 31.625000  31.666667  104.496  52.37  106.312   53.28  102.461  51.35   1.097   0.55 0.000000000000000
 31.666667  31.708333  102.980  51.61  104.536   52.39  101.822  51.03   0.738   0.37 0.000000000000000
 31.708333  31.750000  105.254  52.75  107.788   54.02  103.379  51.81   1.237   0.62 0.189000000000000
 31.750000  31.791667  108.507  54.38  111.759   56.01  106.631  53.44   1.696   0.85 0.189188000000000
 31.791667  31.833333  107.808  54.03  110.702   55.48  105.035  52.64   1.377   0.69 0.189188000000000
 31.833333  31.875000  107.190  53.72  109.524   54.89  105.394  52.82   1.377   0.69 0.188189000000000
 31.875000  31.916667   99.248  49.74  109.544   54.90   89.890  45.05   6.644   3.33 0.189188000000000
 31.916667  31.958333   89.072  44.64   91.187   45.70   86.139  43.17   1.876   0.94 0.188189000000000
 31.958333  32.000000   85.919  43.06   89.691   44.95   82.867  41.53   1.955   0.98 0.189188000000000
 32.000000  32.041667   85.959  43.08   87.336   43.77   84.622  42.41   0.858   0.43 0.189000000000000
