ozone_datasets/Ebas_221019_1549/US1200R.20120101000000.20180130175227.uv_abs.ozone.air.1y.1h.US06L_Thermo_49C_MLO.US06L_AM.lev2.nas
86 1001
McClure-Begley, Audra; Petropavlovskikh, Irina
US06L, National Oceanic and Atmospheric Administration, NOAA/ESRL/GMD, "Earth System Research Laboratory, Global Monitoring Division", 325 Broadway, , CO 80305-3, Boulder, U.S.A.
McClure-Begley, Audra
GAW-WDCRG NOAA-ESRL
1 1
2012 01 01 2018 01 30
0.041667
days from file reference point
10
1 1 1 1 1 1 1 1 1 1
999.999999 9999.999 9999.99 9999.999 9999.99 9999.999 999.99 999.999 999.99 9.999999999999999
end_time of measurement, days from the file reference point
ozone, ug/m3, Statistics=arithmetic mean, Volume std. temperature=293.15 K, Volume std. pressure=1013.25 hPa, Detection limit=1.995 ug/m3, Measurement uncertainty=1.995 ug/m3, Measurement uncertainty expl.=includes statistical uncertainty of individual sample and calibration uncertainty, "Comment=Data converted on import into EBAS from 'nmol/mol' to 'ug/m3' at 293.15 K, 1013.25 hPa, conversion factor 1.99534."
ozone, nmol/mol, Statistics=arithmetic mean, Detection limit=1.0 nmol/mol, Measurement uncertainty=1.0 nmol/mol, Measurement uncertainty expl.=includes statistical uncertainty of individual sample and calibration uncertainty, "Comment=Data converted on import into EBAS from 'nmol/mol' to 'ug/m3' at 293.15 K, 1013.25 hPa, conversion factor 1.99534. -- Data converted on export from EBAS from 'ug/m3' at 293.15 K, 1013.25 hPa to 'nmol/mol', conversion factor 0.5012. Measurement uncertainty converted from '1.995 ug/m3' at 293.15 K, 1013.25 hPa to '1.0 nmol/mol', conversion factor 0.5012. Detection limit converted from '1.995 ug/m3' at 293.15 K, 1013.25 hPa to '1.0 nmol/mol', conversion factor 0.5012."
ozone, ug/m3, Statistics=maximum, Volume std. temperature=293.15 K, Volume std. pressure=1013.25 hPa, Detection limit=1.995 ug/m3, "Comment=Data converted on import into EBAS from 'nmol/mol' to 'ug/m3' at 293.15 K, 1013.25 hPa, conversion factor 1.99534. Detection limit converted from '1.0 nmol/mol' to '1.995 ug/m3' at 293.15 K, 1013.25 hPa, conversion factor 1.99534."
ozone, nmol/mol, Statistics=maximum, Detection limit=1.0 nmol/mol, "Comment=Data converted on import into EBAS from 'nmol/mol' to 'ug/m3' at 293.15 K, 1013.25 hPa, conversion factor 1.99534. Detection limit converted from '1.0 nmol/mol' to '1.995 ug/m3' at 293.15 K, 1013.25 hPa, conversion factor 1.99534. -- Data converted on export from EBAS from 'ug/m3' at 293.15 K, 1013.25 hPa to 'nmol/mol', conversion factor 0.5012. Detection limit converted from '1.995 ug/m3' at 293.15 K, 1013.25 hPa to '1.0 nmol/mol', conversion factor 0.5012."
ozone, ug/m3, Statistics=minimum, Volume std. temperature=293.15 K, Volume std. pressure=1013.25 hPa, Detection limit=1.995 ug/m3, "Comment=Data converted on import into EBAS from 'nmol/mol' to 'ug/m3' at 293.15 K, 1013.25 hPa, conversion factor 1.99534. Detection limit converted from '1.0 nmol/mol' to '1.995 ug/m3' at 293.15 K, 1013.25 hPa, conversion factor 1.99534."
[...]
Inlet type:                   Hat or hood
Inlet description:            Downward Facing, teflon inlet bell
Inlet tube material:          Teflon
Inlet tube outer diameter:    6.35 mm
Inlet tube inner diameter:    4.76 mm
Inlet tube length:            7.0 m
Flow rate:                    1.1 l/min
Humidity/temperature control description: Automatic
Zero/negative values code:    Zero/negative possible
Zero/negative values:         Zero and neg. values may appear due to statistical variations at very low concentrations
Absorption cross section:     Hearn, 1961 cm2
QA1 measure ID:               US06L_reference_calibration_20070630
QA1 date:                     20100101
QA1 outcome:                  pass
Originator:                   "McClure-Begley, Audra, Audra.mcclure@noaa.gov, National Oceanic and Atmospheric Administration/Earth System Research Laboratory/Global Monitoring Division, NOAA/ESRL/GMD, , 325 Broadway, , 80305, ""Boulder, CO"", USA"
Originator:                   "Petropavlovskikh, Irina, Irina.petro@noaa.gov, National Oceanic and Atmospheric Administration/Earth System Research Laboratory/Global Monitoring Division, NOAA/ESRL/GMD, , 325 Broadway, , 80305, ""Boulder, CO"", USA"
Submitter:                    "McClure-Begley, Audra, Audra.mcclure@noaa.gov, National Oceanic and Atmospheric Administration/Earth System Research Laboratory/Global Monitoring Division, NOAA/ESRL/GMD, , 325 Broadway, , 80305, ""Boulder, CO"", USA"
Acknowledgement:              "Request Acknowledgement details from data originator. http://dx.doi.org/10.7289/V57P8WBF"
starttime endtime O3 O3 O3 O3 O3 O3 O3 O3 flag
[from data line 2743]
114.291667 114.333333 9999.999 9999.99 9999.999 9999.99 9999.999 999.99 999.999 999.99 0.456000000000000
114.333333 114.375000  111.939   56.10  113.675   56.97  110.003  55.13   1.237   0.62 0.000000000000000
114.375000 114.416667  112.976   56.62  114.213   57.24  108.168  54.21   1.816   0.91 0.000000000000000
114.416667 114.458333  104.097   52.17  106.531   53.39  103.139  51.69   0.998   0.50 0.000000000000000
114.458333 114.500000  102.740   51.49  103.997   52.12  101.563  50.90   0.798   0.40 0.000000000000000
114.500000 114.541667  100.485   50.36  101.224   50.73   99.807  50.02   0.359   0.18 0.000000000000000
114.541667 114.583333  101.583   50.91  102.940   51.59  100.246  50.24   0.838   0.42 0.000000000000000
114.583333 114.625000  106.511   53.38  116.608   58.44  100.625  50.43   5.806   2.91 0.000000000000000
114.625000 114.666667  119.321   59.80  121.237   60.76  117.206  58.74   1.177   0.59 0.000000000000000
114.666667 114.708333  108.646   54.45  117.865   59.07  102.361  51.30   5.008   2.51 0.000000000000000
114.708333 114.750000  102.381   51.31  104.736   52.49   98.889  49.56   1.536   0.77 0.189000000000000
114.750000 114.791667  101.423   50.83  105.155   52.70   98.071  49.15   2.634   1.32 0.188189000000000
114.791667 114.833333  104.436   52.34  105.234   52.74  102.940  51.59   0.738   0.37 0.189000000000000
114.833333 114.875000  105.773   53.01  106.671   53.46  104.875  52.56   0.559   0.28 0.189000000000000
114.875000 114.916667  104.257   52.25  109.245   54.75   99.867  50.05   3.232   1.62 0.189394000000000
114.916667 114.958333 9999.999 9999.99 9999.999 9999.99 9999.999 999.99 999.999 999.99 0.456189000000000
114.958333 115.000000 9999.999 9999.99 9999.999 9999.99 9999.999 999.99 999.999 999.99 0.189456000000000
115.000000 115.041667 9999.999 9999.99 9999.999 9999.99 9999.999 999.99 999.999 999.99 0.189456000000000
115.041667 115.083333 9999.999 9999.99 9999.999 9999.99 9999.999 999.99 999.999 999.99 0.189456188000000
115.083333 115.125000 9999.999 9999.99 9999.999 9999.99 9999.999 999.99 999.999 999.99 0.188456189000000
115.125000 115.166667 9999.999 9999.99 9999.999 9999.99 9999.999 999.99 999.999 999.99 0.189188456000000
115.166667 115.208333 9999.999 9999.99 9999.999 9999.99 9999.999 999.99 999.999 999.99 0.456188189000000
115.208333 115.250000 9999.999 9999.99 9999.999 9999.99 9999.999 999.99 999.999 999.99 0.189456188000000
115.250000 115.291667 9999.999 9999.99 9999.999 9999.99 9999.999 999.99 999.999 999.99 0.456000000000000
115.291667 115.333333 9999.999 9999.99 9999.999 9999.99 9999.999 999.99 999.999 999.99 0.456000000000000
115.333333 115.375000   79.614   39.90   80.472   40.33   79.036  39.61   0.459   0.23 0.000000000000000
115.375000 115.416667   95.318   47.77  103.498   51.87   85.101  42.65   6.086   3.05 0.000000000000000
115.416667 115.458333   99.328   49.78  103.997   52.12   91.327  45.77   4.829   2.42 0.000000000000000
115.458333 115.500000   84.303   42.25   89.631   44.92   79.734  39.96   3.412   1.71 0.000000000000000
115.500000 115.541667   77.220   38.70   88.952   44.58   63.252  31.70  10.057   5.04 0.000000000000000
115.541667 115.583333   70.376   35.27   77.559   38.87   61.157  30.65   5.507   2.76 0.000000000000000
115.583333 115.625000   75.683   37.93   80.093   40.14   70.356  35.26   2.813   1.41 0.000000000000000
115.625000 115.666667   81.570   40.88   87.596   43.90   78.916  39.55   2.714   1.36 0.000000000000000
115.666667 115.708333   97.133   48.68  103.578   51.91   91.706  45.96   3.412   1.71 0.000000000000000
115.708333 115.750000  108.307   54.28  122.334   61.31   90.070  45.14  11.354   5.69 0.189188000000000
115.750000 115.791667   90.888   45.55   97.034   48.63   88.354  44.28   2.634   1.32 0.188189000000000
115.791667 115.833333  102.122   51.18  111.240   55.75   94.938  47.58   5.008   2.51 0.189188000000000
115.833333 115.875000 9999.999 9999.99 9999.999 9999.99 9999.999 999.99 999.999 999.99 0.188189456000000
115.875000 115.916667  116.847   58.56  124.769   62.53  108.686  54.47   4.829   2.42 0.189000000000000
115.916667 115.958333  118.124   59.20  126.445   63.37  106.511  53.38   5.886   2.95 0.189000000000000
115.958333 116.000000  100.924   50.58  113.954   57.11   81.270  40.73   9.458   4.74 0.189000000000000
116.000000 116.041667   81.689   40.94   86.857   43.53   77.040  38.61   2.973   1.49 0.189000000000000
116.041667 116.083333   78.457   39.32   82.827   41.51   75.125  37.65   2.714   1.36 0.189000000000000
116.083333 116.125000   80.173   40.18   85.301   42.75   78.517  39.35   1.955   0.98 0.189394000000000
116.125000 116.166667   86.698   43.45   92.504   46.36   82.009  41.10   3.033   1.52 0.189000000000000
116.166667 116.208333  112.737   56.50  133.109   66.71   94.220  47.22  15.883   7.96 0.189000000000000
116.208333 116.250000  135.224   67.77  139.634   69.98  130.875  65.59   3.213   1.61 0.000000000000000
116.250000 116.291667  134.566   67.44  140.173   70.25  125.766  63.03   5.028   2.52 0.189188000000000
116.291667 116.333333  125.208   62.75  128.301   64.30  121.696  60.99   2.155   1.08 0.188189000000000
116.333333 116.375000 9999.999 9999.99 9999.999 9999.99 9999.999 999.99 999.999 999.99 0.189188456000000
116.375000 116.416667  121.277   60.78  125.288   62.79  118.144  59.21   2.175   1.09 0.188189000000000
116.416667 116.458333  120.100   60.19  122.155   61.22  116.648  58.46   1.816   0.91 0.000000000000000
116.458333 116.500000  121.676   60.98  123.133   61.71  119.760  60.02   1.018   0.51 0.188000000000000
116.500000 116.541667  119.541   59.91  122.853   61.57  116.528  58.40   2.275   1.14 0.189188000000000
116.541667 116.583333  118.563   59.42  121.337   60.81  115.909  58.09   1.676   0.84 0.188189000000000
116.583333 116.625000  115.730   58.00  119.102   59.69  110.861  55.56   2.335   1.17 0.188189000000000
116.625000 116.666667  113.615   56.94  117.107   58.69  109.604  54.93   2.634   1.32 0.188000000000000
116.666667 116.708333  111.699   55.98  117.865   59.07  107.689  53.97   3.272   1.64 0.188000000000000
116.708333 116.750000  117.186   58.73  119.042   59.66  115.391  57.83   1.357   0.68 0.188189000000000
116.750000 116.791667  116.807   58.54  120.259   60.27  111.979  56.12   3.332   1.67 0.394188189000000
116.791667 116.833333 9999.999 9999.99 9999.999 9999.99 9999.999 999.99 999.999 999.99 0.999000000000000
116.833333 116.875000 9999.999 9999.99 9999.999 9999.99 9999.999 999.99 999.999 999.99 0.999000000000000
116.875000 116.916667 9999.999 9999.99 9999.999 9999.99 9999.999 999.99 999.999 999.99 0.999000000000000
116.916667 116.958333  102.042   51.14  117.905   59.09   85.919  43.06  10.076   5.05 0.392189000000000
116.958333 117.000000   88.693   44.45   93.761   46.99   82.587  41.39   3.671   1.84 0.189000000000000
117.000000 117.041667   82.667   41.43   85.760   42.98   77.938  39.06   1.896   0.95 0.189000000000000
117.041667 117.083333   78.377   39.28   80.572   40.38   76.242  38.21   1.257   0.63 0.189000000000000
117.083333 117.125000   82.468   41.33   84.303   42.25   80.971  40.58   0.918   0.46 0.189000000000000
117.125000 117.166667   90.788   45.50   99.627   49.93   81.111  40.65   5.407   2.71 0.188189000000000
117.166667 117.208333   99.588   49.91  143.804   72.07   85.939  43.07  18.297   9.17 0.188189000000000
117.208333 117.250000  131.393   65.85  148.314   74.33   82.328  41.26  26.837  13.45 0.189188000000000
117.250000 117.291667  133.967   67.14  148.613   74.48   86.957  43.58  19.574   9.81 0.189188000000000
117.291667 117.333333  149.152   74.75  149.970   75.16  148.194  74.27   0.519   0.26 0.000000000000000
117.333333 117.375000 9999.999 9999.99 9999.999 9999.99 9999.999 999.99 999.999 999.99 0.189456188000000
117.375000 117.416667  147.476   73.91  150.429   75.39  147.176  73.76   0.958   0.48 0.188189000000000
117.416667 117.458333  149.950   75.15  150.808   75.58  149.012  74.68   0.479   0.24 0.000000000000000
117.458333 117.500000  149.292   74.82  150.449   75.40  147.316  73.83   0.998   0.50 0.000000000000000
117.500000 117.541667  150.269   75.31  150.748   75.55  150.050  75.20   0.200   0.10 0.000000000000000
117.541667 117.583333  150.150   75.25  150.968   75.66  149.491  74.92   0.499   0.25 0.000000000000000
117.583333 117.625000  150.529   75.44  151.347   75.85  149.970  75.16   0.439   0.22 0.000000000000000
117.625000 117.666667  150.169   75.26  150.988   75.67  149.411  74.88   0.519   0.26 0.000000000000000
117.666667 117.708333  149.850   75.10  150.589   75.47  148.793  74.57   0.599   0.30 0.000000000000000
117.708333 117.750000  146.977   73.66  149.890   75.12  139.215  69.77   3.891   1.95 0.189000000000000
117.750000 117.791667  128.460   64.38  139.973   70.15  104.636  52.44  11.593   5.81 0.189188000000000
117.791667 117.833333  106.591   53.42  121.636   60.96   95.298  47.76   8.301   4.16 0.189188000000000
117.833333 117.875000  106.491   53.37  126.565   63.43   93.183  46.70   8.600   4.31 0.189000000000000
117.875000 117.916667  121.177   60.73  137.020   68.67   80.871  40.53  15.045   7.54 0.189000000000000
117.916667 117.958333  124.549   62.42  128.580   64.44  118.124  59.20   2.973   1.49 0.189000000000000
117.958333 118.000000  124.988   62.64  131.254   65.78  120.918  60.60   2.694   1.35 0.189000000000000
118.000000 118.041667  122.674   61.48  126.485   63.39  118.643  59.46   2.774   1.39 0.189000000000000
118.041667 118.083333  118.863   59.57  125.208   62.75  114.433  57.35   2.993   1.50 0.189000000000000
118.083333 118.125000  121.257   60.77  128.759   64.53  116.109  58.19   3.033   1.52 0.189000000000000
118.125000 118.166667  122.734   61.51  132.251   66.28  104.975  52.61   8.420   4.22 0.189000000000000
118.166667 118.208333  112.537   56.40  116.448   58.36  108.587  54.42   2.594   1.30 0.189188000000000
118.208333 118.250000  121.975   61.13  134.706   67.51  117.566  58.92   4.110   2.06 0.188189000000000
118.250000 118.291667 9999.999 9999.99 9999.999 9999.99 9999.999 999.99 999.999 999.99 0.456188189000000
118.291667 118.333333 9999.999 9999.99 9999.999 9999.99 9999.999 999.99 999.999 999.99 0.188456000000000
118.333333 118.375000 9999.999 9999.99 9999.999 9999.99 9999.999 999.99 999.999 999.99 0.456188000000000
118.375000 118.416667 9999.999 9999.99 9999.999 9999.99 9999.999 999.99 999.999 999.99 0.456000000000000
118.416667 118.458333 9999.999 9999.99 9999.999 9999.99 9999.999 999.99 999.999 999.99 0.456000000000000
118.458333 118.500000 9999.999 9999.99 9999.999 9999.99 9999.999 999.99 999.999 999.99 0.456189188000000
118.500000 118.541667 9999.999 9999.99 9999.999 9999.99 9999.999 999.99 999.999 999.99 0.189188456000000
118.541667 118.583333 9999.999 9999.99 9999.999 9999.99 9999.999 999.99 999.999 999.99 0.456189188000000
118.583333 118.625000 9999.999 9999.99 9999.999 9999.99 9999.999 999.99 999.999 999.99 0.188456189000000
118.625000 118.666667 9999.999 9999.99 9999.999 9999.99 9999.999 999.99 999.999 999.99 0.456000000000000
118.666667 118.708333 9999.999 9999.99 9999.999 9999.99 9999.999 999.99 999.999 999.99 0.456000000000000
118.708333 118.750000 9999.999 9999.99 9999.999 9999.99 9999.999 999.99 999.999 999.99 0.456000000000000
118.750000 118.791667 9999.999 9999.99 9999.999 9999.99 9999.999 999.99 999.999 999.99 0.456000000000000
118.791667 118.833333 9999.999 9999.99 9999.999 9999.99 9999.999 999.99 999.999 999.99 0.189456000000000
118.833333 118.875000 9999.999 9999.99 9999.999 9999.99 9999.999 999.99 999.999 999.99 0.189456000000000
118.875000 118.916667 9999.999 9999.99 9999.999 9999.99 9999.999 999.99 999.999 999.99 0.456189000000000
118.916667 118.958333 9999.999 9999.99 9999.999 9999.99 9999.999 999.99 999.999 999.99 0.189456000000000
118.958333 119.000000 9999.999 9999.99 9999.999 9999.99 9999.999 999.99 999.999 999.99 0.189456000000000
119.000000 119.041667 9999.999 9999.99 9999.999 9999.99 9999.999 999.99 999.999 999.99 0.189456000000000
119.041667 119.083333 9999.999 9999.99 9999.999 9999.99 9999.999 999.99 999.999 999.99 0.188456189000000
119.083333 119.125000 9999.999 9999.99 9999.999 9999.99 9999.999 999.99 999.999 999.99 0.456189000000000
119.125000 119.166667 9999.999 9999.99 9999.999 9999.99 9999.999 999.99 999.999 999.99 0.456000000000000
119.166667 119.208333 9999.999 9999.99 9999.999 9999.99 9999.999 999.99 999.999 999.99 0.456000000000000
119.208333 119.250000 9999.999 9999.99 9999.999 9999.99 9999.999 999.99 999.999 999.99 0.456000000000000
119.250000 119.291667 9999.999 9999.99 9999.999 9999.99 9999.999 999.99 999.999 999.99 0.456000000000000
119.291667 119.333333 9999.999 9999.99 9999.999 9999.99 9999.999 999.99 999.999 999.99 0.456000000000000
119.333333 119.375000 9999.999 9999.99 9999.999 9999.99 9999.999 999.99 999.999 999.99 0.456000000000000
119.375000 119.416667 9999.999 9999.99 9999.999 9999.99 9999.999 999.99 999.999 999.99 0.456000000000000
119.416667 119.458333 9999.999 9999.99 9999.999 9999.99 9999.999 999.99 999.999 999.99 0.456000000000000
119.458333 119.500000 9999.999 9999.99 9999.999 9999.99 9999.999 999.99 999.999 999.99 0.456000000000000
119.500000 119.541667 9999.999 9999.99 9999.999 9999.99 9999.999 999.99 999.999 999.99 0.456000000000000
119.541667 119.583333 9999.999 9999.99 9999.999 9999.99 9999.999 999.99 999.999 999.99 0.456000000000000
119.583333 119.625000 9999.999 9999.99 9999.999 9999.99 9999.999 999.99 999.999 999.99 0.456000000000000
119.625000 119.666667 9999.999 9999.99 9999.999 9999.99 9999.999 999.99 999.999 999.99 0.456000000000000
119.666667 119.708333 9999.999 9999.99 9999.999 9999.99 9999.999 999.99 999.999 999.99 0.456000000000000
119.708333 119.750000 9999.999 9999.99 9999.999 9999.99 9999.999 999.99 999.999 999.99 0.456000000000000
119.750000 119.791667 9999.999 9999.99 9999.999 9999.99 9999.999 999.99 999.999 999.99 0.456000000000000
119.791667 119.833333 9999.999 9999.99 9999.999 9999.99 9999.999 999.99 999.999 999.99 0.456000000000000
119.833333 119.875000 9999.999 9999.99 9999.999 9999.99 9999.999 999.99 999.999 999.99 0.456000000000000
119.875000 119.916667 9999.999 9999.99 9999.999 9999.99 9999.999 999.99 999.999 999.99 0.456000000000000
119.916667 119.958333 9999.999 9999.99 9999.999 9999.99 9999.999 999.99 999.999 999.99 0.456000000000000
119.958333 120.000000 9999.999 9999.99 9999.999 9999.99 9999.999 999.99 999.999 999.99 0.189456000000000
120.000000 120.041667 9999.999 9999.99 9999.999 9999.99 9999.999 999.99 999.999 999.99 0.189456000000000
120.041667 120.083333 9999.999 9999.99 9999.999 9999.99 9999.999 999.99 999.999 999.99 0.189456000000000
120.083333 120.125000 9999.999 9999.99 9999.999 9999.99 9999.999 999.99 999.999 999.99 0.189456000000000
120.125000 120.166667  118.324   59.30  125.587   62.94  108.447  54.35   5.627   2.82 0.000000000000000
120.166667 120.208333  108.207   54.23  110.482   55.37  106.033  53.14   1.457   0.73 0.000000000000000
120.208333 120.250000  107.290   53.77  109.365   54.81  105.155  52.70   1.237   0.62 0.000000000000000
120.250000 120.291667  105.953   53.10  109.824   55.04  103.379  51.81   1.975   0.99 0.000000000000000
120.291667 120.333333 9999.999 9999.99 9999.999 9999.99 9999.999 999.99 999.999 999.99 0.456000000000000
120.333333 120.375000 9999.999 9999.99 9999.999 9999.99 9999.999 999.99 999.999 999.99 0.456000000000000
120.375000 120.416667 9999.999 9999.99 9999.999 9999.99 9999.999 999.99 999.999 999.99 0.456000000000000
120.416667 120.458333 9999.999 9999.99 9999.999 9999.99 9999.999 999.99 999.999 999.99 0.456000000000000
120.458333 120.500000 9999.999 9999.99 9999.999 9999.99 9999.999 999.99 999.999 999.99 0.456000000000000
120.500000 120.541667 9999.999 9999.99 9999.999 9999.99 9999.999 999.99 999.999 999.99 0.456000000000000
120.541667 120.583333 9999.999 9999.99 9999.999 9999.99 9999.999 999.99 999.999 999.99 0.456000000000000
120.583333 120.625000 9999.999 9999.99 9999.999 9999.99 9999.999 999.99 999.999 999.99 0.456000000000000
