ozone_datasets/Ebas_221019_1549/US1200R.20130101000000.20181119131326.uv_abs.ozone.air.1y.1h.US06L_Thermo_49C_MLO.US06L_AM.lev2.nas
86 1001
McClure-Begley, Audra; Petropavlovskikh, Irina
US06L, National Oceanic and Atmospheric Administration, NOAA/ESRL/GMD, "Earth System Research Laboratory, Global Monitoring Division", 325 Broadway, , CO 80305-3, Boulder, U.S.A.
McClure-Begley, Audra
GAW-WDCRG NOAA-ESRL
1 1
2013 01 01 2018 11 19
0.041667
days from file reference point
10
1 1 1 1 1 1 1 1 1 1
999.999999 9999.999 999.99 9999.999 999.99 9999.999 999.99 999.999 999.99 9.999999999999999
end_time of measurement, days from the file reference point
ozone, ug/m3, Statistics=arithmetic mean, Volume std. temperature=293.15 K, Volume std. pressure=1013.25 hPa, Detection limit=1.995 ug/m3, Measurement uncertainty=1.995 ug/m3, Measurement uncertainty expl.=includes statistical uncertainty of individual sample and calibration uncertainty, "Comment=Data converted on import into EBAS from 'nmol/mol' to 'ug/m3' at 293.15 K, 1013.25 hPa, conversion factor 1.99534."
ozone, nmol/mol, Statistics=arithmetic mean, Detection limit=1.0 nmol/mol, Measurement uncertainty=1.0 nmol/mol, Measurement uncertainty expl.=includes statistical uncertainty of individual sample and calibration uncertainty, "Comment=Data converted on import into EBAS from 'nmol/mol' to 'ug/m3' at 293.15 K, 1013.25 hPa, conversion factor 1.99534. -- Data converted on export from EBAS from 'ug/m3' at 293.15 K, 1013.25 hPa to 'nmol/mol', conversion factor 0.5012. Measurement uncertainty converted from '1.995 ug/m3' at 293.15 K, 1013.25 hPa to '1.0 nmol/mol', conversion factor 0.5012. Detection limit converted from '1.995 ug/m3' at 293.15 K, 1013.25 hPa to '1.0 nmol/mol', conversion factor 0.5012."
ozone, ug/m3, Statistics=maximum, Volume std. temperature=293.15 K, Volume std. pressure=1013.25 hPa, Detection limit=1.995 ug/m3, "Comment=Data converted on import into EBAS from 'nmol/mol' to 'ug/m3' at 293.15 K, 1013.25 hPa, conversion factor 1.99534. Detection limit converted from '1.0 nmol/mol' to '1.995 ug/m3' at 293.15 K, 1013.25 hPa, conversion factor 1.99534."
ozone, nmol/mol, Statistics=maximum, Detection limit=1.0 nmol/mol, "Comment=Data converted on import into EBAS from 'nmol/mol' to 'ug/m3' at 293.15 K, 1013.25 hPa, conversion factor 1.99534. Detection limit converted from '1.0 nmol/mol' to '1.995 ug/m3' at 293.15 K, 1013.25 hPa, conversion factor 1.99534. -- Data converted on export from EBAS from 'ug/m3' at 293.15 K, 1013.25 hPa to 'nmol/mol', conversion factor 0.5012. Detection limit converted from '1.995 ug/m3' at 293.15 K, 1013.25 hPa to '1.0 nmol/mol', conversion factor 0.5012."
ozone, ug/m3, Statistics=minimum, Volume std. temperature=293.15 K, Volume std. pressure=1013.25 hPa, Detection limit=1.995 ug/m3, "Comment=Data converted on import into EBAS from 'nmol/mol' to 'ug/m3' at 293.15 K, 1013.25 hPa, conversion factor 1.99534. Detection limit converted from '1.0 nmol/mol' to '1.995 ug/m3' at 293.15 K, 1013.25 hPa, conversion factor 1.99534."
[...]
Inlet type:                   Hat or hood
Inlet description:            Downward Facing, teflon inlet bell
Inlet tube material:          Teflon
Inlet tube outer diameter:    6.35 mm
Inlet tube inner diameter:    4.76 mm
Inlet tube length:            7.0 m
Flow rate:                    1.0 l/min
Humidity/temperature control description: Automatic
Zero/negative values code:    Zero/negative possible
Zero/negative values:         Zero and neg. values may appear due to statistical variations at very low concentrations
Absorption cross section:     Hearn, 1961 cm2
QA1 measure ID:               US06L_reference_calibration_20070630
QA1 date:                     20100101
QA1 outcome:                  pass
Originator:                   "McClure-Begley, Audra, Audra.mcclure@noaa.gov, National Oceanic and Atmospheric Administration/Earth System Research Laboratory/Global Monitoring Division, NOAA/ESRL/GMD, , 325 Broadway, , 80305, ""Boulder, CO"", USA"
Originator:                   "Petropavlovskikh, Irina, Irina.petro@noaa.gov, National Oceanic and Atmospheric Administration/Earth System Research Laboratory/Global Monitoring Division, NOAA/ESRL/GMD, , 325 Broadway, , 80305, ""Boulder, CO"", USA"
Submitter:                    "McClure-Begley, Audra, Audra.mcclure@noaa.gov, National Oceanic and Atmospheric Administration/Earth System Research Laboratory/Global Monitoring Division, NOAA/ESRL/GMD, , 325 Broadway, , 80305, ""Boulder, CO"", USA"
Acknowledgement:              "Request Acknowledgement details from data originator. http://dx.doi.org/10.7289/V57P8WBF"
starttime endtime O3 O3 O3 O3 O3 O3 O3 O3 flag
[from data line 1554]
 64.750000  64.791667 9999.999 999.99 9999.999 999.99 9999.999 999.99 999.999 999.99 0.999999999999999
 64.791667  64.833333 9999.999 999.99 9999.999 999.99 9999.999 999.99 999.999 999.99 0.999999999999999
 64.833333  64.875000 9999.999 999.99 9999.999 999.99 9999.999 999.99 999.999 999.99 0.999999999999999
 64.875000  64.916667 9999.999 999.99 9999.999 999.99 9999.999 999.99 999.999 999.99 0.999999999999999
 64.916667  64.958333 9999.999 999.99 9999.999 999.99 9999.999 999.99 999.999 999.99 0.999999999999999
 64.958333  65.000000 9999.999 999.99 9999.999 999.99 9999.999 999.99 999.999 999.99 0.999999999999999
 65.000000  65.041667 9999.999 999.99 9999.999 999.99 9999.999 999.99 999.999 999.99 0.999999999999999
 65.041667  65.083333 9999.999 999.99 9999.999 999.99 9999.999 999.99 999.999 999.99 0.999999999999999
 65.083333  65.125000 9999.999 999.99 9999.999 999.99 9999.999 999.99 999.999 999.99 0.999999999999999
 65.125000  65.166667 9999.999 999.99 9999.999 999.99 9999.999 999.99 999.999 999.99 0.999999999999999
 65.166667  65.208333 9999.999 999.99 9999.999 999.99 9999.999 999.99 999.999 999.99 0.999999999999999
 65.208333  65.250000 9999.999 999.99 9999.999 999.99 9999.999 999.99 999.999 999.99 0.999999999999999
 65.250000  65.291667 9999.999 999.99 9999.999 999.99 9999.999 999.99 999.999 999.99 0.999999999999999
 65.291667  65.333333 9999.999 999.99 9999.999 999.99 9999.999 999.99 999.999 999.99 0.999999999999999
 65.333333  65.375000 9999.999 999.99 9999.999 999.99 9999.999 999.99 999.999 999.99 0.999999999999999
 65.375000  65.416667 9999.999 999.99 9999.999 999.99 9999.999 999.99 999.999 999.99 0.999999999999999
 65.416667  65.458333 9999.999 999.99 9999.999 999.99 9999.999 999.99 999.999 999.99 0.999999999999999
 65.458333  65.500000 9999.999 999.99 9999.999 999.99 9999.999 999.99 999.999 999.99 0.999999999999999
 65.500000  65.541667 9999.999 999.99 9999.999 999.99 9999.999 999.99 999.999 999.99 0.999999999999999
 65.541667  65.583333 9999.999 999.99 9999.999 999.99 9999.999 999.99 999.999 999.99 0.999999999999999
 65.583333  65.625000 9999.999 999.99 9999.999 999.99 9999.999 999.99 999.999 999.99 0.999999999999999
 65.625000  65.666667 9999.999 999.99 9999.999 999.99 9999.999 999.99 999.999 999.99 0.999999999999999
 65.666667  65.708333 9999.999 999.99 9999.999 999.99 9999.999 999.99 999.999 999.99 0.999999999999999
 65.708333  65.750000 9999.999 999.99 9999.999 999.99 9999.999 999.99 999.999 999.99 0.999999999999999
 65.750000  65.791667 9999.999 999.99 9999.999 999.99 9999.999 999.99 999.999 999.99 0.999999999999999
 65.791667  65.833333 9999.999 999.99 9999.999 999.99 9999.999 999.99 999.999 999.99 0.999999999999999
 65.833333  65.875000 9999.999 999.99 9999.999 999.99 9999.999 999.99 999.999 999.99 0.999999999999999
 65.875000  65.916667 9999.999 999.99 9999.999 999.99 9999.999 999.99 999.999 999.99 0.999999999999999
 65.916667  65.958333 9999.999 999.99 9999.999 999.99 9999.999 999.99 999.999 999.99 0.999999999999999
 65.958333  66.000000 9999.999 999.99 9999.999 999.99 9999.999 999.99 999.999 999.99 0.999999999999999
 66.000000  66.041667 9999.999 999.99 9999.999 999.99 9999.999 999.99 999.999 999.99 0.999999999999999
 66.041667  66.083333 9999.999 999.99 9999.999 999.99 9999.999 999.99 999.999 999.99 0.999999999999999
 66.083333  66.125000 9999.999 999.99 9999.999 999.99 9999.999 999.99 999.999 999.99 0.999999999999999
 66.125000  66.166667 9999.999 999.99 9999.999 999.99 9999.999 999.99 999.999 999.99 0.999999999999999
 66.166667  66.208333 9999.999 999.99 9999.999 999.99 9999.999 999.99 999.999 999.99 0.999999999999999
 66.208333  66.250000 9999.999 999.99 9999.999 999.99 9999.999 999.99 999.999 999.99 0.999999999999999
 66.250000  66.291667 9999.999 999.99 9999.999 999.99 9999.999 999.99 999.999 999.99 0.999999999999999
 66.291667  66.333333 9999.999 999.99 9999.999 999.99 9999.999 999.99 999.999 999.99 0.999999999999999
 66.333333  66.375000 9999.999 999.99 9999.999 999.99 9999.999 999.99 999.999 999.99 0.999999999999999
 66.375000  66.416667 9999.999 999.99 9999.999 999.99 9999.999 999.99 999.999 999.99 0.999999999999999
 66.416667  66.458333 9999.999 999.99 9999.999 999.99 9999.999 999.99 999.999 999.99 0.999999999999999
 66.458333  66.500000 9999.999 999.99 9999.999 999.99 9999.999 999.99 999.999 999.99 0.999999999999999
 66.500000  66.541667 9999.999 999.99 9999.999 999.99 9999.999 999.99 999.999 999.99 0.999999999999999
 66.541667  66.583333 9999.999 999.99 9999.999 999.99 9999.999 999.99 999.999 999.99 0.999999999999999
 66.583333  66.625000 9999.999 999.99 9999.999 999.99 9999.999 999.99 999.999 999.99 0.999999999999999
 66.625000  66.666667 9999.999 999.99 9999.999 999.99 9999.999 999.99 999.999 999.99 0.999999999999999
 66.666667  66.708333 9999.999 999.99 9999.999 999.99 9999.999 999.99 999.999 999.99 0.999999999999999
 66.708333  66.750000 9999.999 999.99 9999.999 999.99 9999.999 999.99 999.999 999.99 0.999999999999999
 66.750000  66.791667 9999.999 999.99 9999.999 999.99 9999.999 999.99 999.999 999.99 0.999999999999999
 66.791667  66.833333 9999.999 999.99 9999.999 999.99 9999.999 999.99 999.999 999.99 0.999999999999999
 66.833333  66.875000 9999.999 999.99 9999.999 999.99 9999.999 999.99 999.999 999.99 0.999999999999999
 66.875000  66.916667 9999.999 999.99 9999.999 999.99 9999.999 999.99 999.999 999.99 0.999999999999999
 66.916667  66.958333 9999.999 999.99 9999.999 999.99 9999.999 999.99 999.999 999.99 0.999999999999999
 66.958333  67.000000 9999.999 999.99 9999.999 999.99 9999.999 999.99 999.999 999.99 0.999999999999999
 67.000000  67.041667 9999.999 999.99 9999.999 999.99 9999.999 999.99 999.999 999.99 0.999999999999999
 67.041667  67.083333 9999.999 999.99 9999.999 999.99 9999.999 999.99 999.999 999.99 0.999999999999999
 67.083333  67.125000 9999.999 999.99 9999.999 999.99 9999.999 999.99 999.999 999.99 0.999999999999999
 67.125000  67.166667 9999.999 999.99 9999.999 999.99 9999.999 999.99 999.999 999.99 0.999999999999999
 67.166667  67.208333 9999.999 999.99 9999.999 999.99 9999.999 999.99 999.999 999.99 0.999999999999999
 67.208333  67.250000 9999.999 999.99 9999.999 999.99 9999.999 999.99 999.999 999.99 0.999999999999999
 67.250000  67.291667 9999.999 999.99 9999.999 999.99 9999.999 999.99 999.999 999.99 0.999999999999999
 67.291667  67.333333 9999.999 999.99 9999.999 999.99 9999.999 999.99 999.999 999.99 0.999999999999999
 67.333333  67.375000 9999.999 999.99 9999.999 999.99 9999.999 999.99 999.999 999.99 0.999999999999999
 67.375000  67.416667 9999.999 999.99 9999.999 999.99 9999.999 999.99 999.999 999.99 0.999999999999999
 67.416667  67.458333 9999.999 999.99 9999.999 999.99 9999.999 999.99 999.999 999.99 0.999999999999999
 67.458333  67.500000 9999.999 999.99 9999.999 999.99 9999.999 999.99 999.999 999.99 0.999999999999999
 67.500000  67.541667 9999.999 999.99 9999.999 999.99 9999.999 999.99 999.999 999.99 0.999999999999999
 67.541667  67.583333 9999.999 999.99 9999.999 999.99 9999.999 999.99 999.999 999.99 0.999999999999999
 67.583333  67.625000 9999.999 999.99 9999.999 999.99 9999.999 999.99 999.999 999.99 0.999999999999999
 67.625000  67.666667 9999.999 999.99 9999.999 999.99 9999.999 999.99 999.999 999.99 0.999999999999999
 67.666667  67.708333 9999.999 999.99 9999.999 999.99 9999.999 999.99 999.999 999.99 0.999999999999999
 67.708333  67.750000 9999.999 999.99 9999.999 999.99 9999.999 999.99 999.999 999.99 0.999999999999999
 67.750000  67.791667 9999.999 999.99 9999.999 999.99 9999.999 999.99 999.999 999.99 0.999999999999999
 67.791667  67.833333 9999.999 999.99 9999.999 999.99 9999.999 999.99 999.999 999.99 0.999999999999999
 67.833333  67.875000 9999.999 999.99 9999.999 999.99 9999.999 999.99 999.999 999.99 0.999999999999999
 67.875000  67.916667 9999.999 999.99 9999.999 999.99 9999.999 999.99 999.999 999.99 0.999999999999999
 67.916667  67.958333 9999.999 999.99 9999.999 999.99 9999.999 999.99 999.999 999.99 0.999999999999999
 67.958333  68.000000 9999.999 999.99 9999.999 999.99 9999.999 999.99 999.999 999.99 0.999999999999999
 68.000000  68.041667 9999.999 999.99 9999.999 999.99 9999.999 999.99 999.999 999.99 0.999999999999999
 68.041667  68.083333 9999.999 999.99 9999.999 999.99 9999.999 999.99 999.999 999.99 0.999999999999999
 68.083333  68.125000 9999.999 999.99 9999.999 999.99 9999.999 999.99 999.999 999.99 0.999999999999999
 68.125000  68.166667 9999.999 999.99 9999.999 999.99 9999.999 999.99 999.999 999.99 0.999999999999999
 68.166667  68.208333 9999.999 999.99 9999.999 999.99 9999.999 999.99 999.999 999.99 0.999999999999999
 68.208333  68.250000 9999.999 999.99 9999.999 999.99 9999.999 999.99 999.999 999.99 0.999999999999999
 68.250000  68.291667 9999.999 999.99 9999.999 999.99 9999.999 999.99 999.999 999.99 0.999999999999999
 68.291667  68.333333 9999.999 999.99 9999.999 999.99 9999.999 999.99 999.999 999.99 0.999999999999999
 68.333333  68.375000 9999.999 999.99 9999.999 999.99 9999.999 999.99 999.999 999.99 0.999999999999999
 68.375000  68.416667 9999.999 999.99 9999.999 999.99 9999.999 999.99 999.999 999.99 0.999999999999999
 68.416667  68.458333 9999.999 999.99 9999.999 999.99 9999.999 999.99 999.999 999.99 0.999999999999999
 68.458333  68.500000 9999.999 999.99 9999.999 999.99 9999.999 999.99 999.999 999.99 0.999999999999999
 68.500000  68.541667 9999.999 999.99 9999.999 999.99 9999.999 999.99 999.999 999.99 0.999999999999999
 68.541667  68.583333   59.481  29.81   60.020  30.08   59.162  29.65   0.259   0.13 0.392000000000000
 68.583333  68.625000   68.321  34.24   75.843  38.01   60.399  30.27   5.088   2.55 0.000000000000000
 68.625000  68.666667   80.811  40.50   84.223  42.21   78.736  39.46   1.596   0.80 0.000000000000000
 68.666667  68.708333   86.598  43.40   89.691  44.95   85.421  42.81   1.477   0.74 0.000000000000000
 68.708333  68.750000   89.112  44.66   90.389  45.30   88.493  44.35   0.579   0.29 0.189000000000000
 68.750000  68.791667   88.154  44.18   94.799  47.51   79.055  39.62   4.390   2.20 0.188189000000000
 68.791667  68.833333   84.842  42.52   86.857  43.53   77.260  38.72   2.734   1.37 0.188189000000000
 68.833333  68.875000   73.907  37.04   77.519  38.85   71.234  35.70   2.155   1.08 0.189000000000000
 68.875000  68.916667   91.905  46.06  106.252  53.25   68.979  34.57  16.282   8.16 0.188189000000000
 68.916667  68.958333   98.111  49.17   99.787  50.01   96.096  48.16   1.197   0.60 0.189000000000000
 68.958333  69.000000   95.238  47.73  100.805  50.52   93.382  46.80   1.935   0.97 0.189000000000000
 69.000000  69.041667  101.164  50.70  104.955  52.60   96.335  48.28   2.335   1.17 0.188189000000000
 69.041667  69.083333   80.452  40.32   88.653  44.43   75.404  37.79   4.529   2.27 0.189000000000000
 69.083333  69.125000   85.880  43.04   92.384  46.30   81.290  40.74   3.791   1.90 0.189000000000000
 69.125000  69.166667   81.390  40.79   90.988  45.60   65.647  32.90   7.682   3.85 0.189000000000000
 69.166667  69.208333   82.727  41.46   91.886  46.05   64.031  32.09   8.600   4.31 0.189000000000000
 69.208333  69.250000   93.262  46.74   94.819  47.52   91.886  46.05   0.878   0.44 0.189000000000000
 69.250000  69.291667   93.322  46.77   96.794  48.51   91.047  45.63   1.995   1.00 0.000000000000000
 69.291667  69.333333   91.905  46.06   93.003  46.61   90.589  45.40   0.738   0.37 0.000000000000000
 69.333333  69.375000   87.177  43.69   88.394  44.30   85.600  42.90   0.998   0.50 0.000000000000000
 69.375000  69.416667   89.272  44.74   91.247  45.73   87.795  44.00   1.018   0.51 0.000000000000000
 69.416667  69.458333   95.457  47.84   99.089  49.66   91.646  45.93   2.534   1.27 0.000000000000000
 69.458333  69.500000  100.565  50.40  102.461  51.35   99.009  49.62   0.978   0.49 0.188000000000000
 69.500000  69.541667  102.601  51.42  103.199  51.72  101.822  51.03   0.379   0.19 0.000000000000000
 69.541667  69.583333  103.079  51.66  104.117  52.18  102.281  51.26   0.639   0.32 0.000000000000000
 69.583333  69.625000  100.745  50.49  102.381  51.31   99.188  49.71   1.137   0.57 0.000000000000000
 69.625000  69.666667  105.853  53.05  112.298  56.28   99.069  49.65   4.749   2.38 0.000000000000000
 69.666667  69.708333  112.857  56.56  113.854  57.06  112.158  56.21   0.479   0.24 0.000000000000000
 69.708333  69.750000  109.405  54.83  111.739  56.00  107.768  54.01   1.257   0.63 0.189000000000000
 69.750000  69.791667  107.389  53.82  109.704  54.98  105.374  52.81   1.457   0.73 0.189000000000000
 69.791667  69.833333   92.364  46.29  104.716  52.48   79.335  39.76   8.081   4.05 0.189000000000000
 69.833333  69.875000   84.323  42.26   96.934  48.58   74.426  37.30   7.722   3.87 0.189000000000000
 69.875000  69.916667   79.455  39.82   88.054  44.13   72.670  36.42   4.210   2.11 0.189000000000000
 69.916667  69.958333   61.596  30.87   75.703  37.94   55.311  27.72   6.744   3.38 0.189000000000000
 69.958333  70.000000 9999.999 999.99 9999.999 999.99 9999.999 999.99 999.999 999.99 0.189456000000000
 70.000000  70.041667   59.741  29.94   62.295  31.22   57.087  28.61   1.736   0.87 0.189000000000000
 70.041667  70.083333   60.918  30.53   62.115  31.13   59.701  29.92   0.798   0.40 0.189188000000000
 70.083333  70.125000   62.115  31.13   64.629  32.39   60.419  30.28   1.257   0.63 0.188189000000000
 70.125000  70.166667   59.940  30.04   61.536  30.84   57.526  28.83   1.257   0.63 0.188189000000000
 70.166667  70.208333   61.177  30.66   63.851  32.00   58.863  29.50   1.397   0.70 0.188189000000000
 70.208333  70.250000   63.951  32.05  102.980  51.61   56.408  28.27  12.730   6.38 0.188189000000000
 70.250000  70.291667   79.714  39.95  121.037  60.66   55.910  28.02  25.321  12.69 0.189188000000000
 70.291667  70.333333   61.038  30.59   66.405  33.28   57.805  28.97   2.674   1.34 0.189188000000000
 70.333333  70.375000   76.601  38.39   97.253  48.74   65.487  32.82   8.819   4.42 0.188189000000000
 70.375000  70.416667   78.816  39.50  125.467  62.88   53.515  26.82  24.563  12.31 0.189188000000000
 70.416667  70.458333   97.732  48.98  119.701  59.99   75.045  37.61  16.940   8.49 0.189000000000000
 70.458333  70.500000   96.435  48.33  117.246  58.76   80.053  40.12  12.072   6.05 0.189000000000000
 70.500000  70.541667   81.171  40.68   89.830  45.02   72.930  36.55   5.946   2.98 0.189000000000000
 70.541667  70.583333   88.094  44.15  109.065  54.66   74.706  37.44  12.571   6.30 0.189000000000000
 70.583333  70.625000   87.556  43.88   92.763  46.49   83.864  42.03   2.694   1.35 0.189000000000000
 70.625000  70.666667   75.584  37.88   82.188  41.19   63.352  31.75   5.467   2.74 0.189000000000000
 70.666667  70.708333   71.174  35.67   80.053  40.12   67.622  33.89   3.791   1.90 0.189000000000000
 70.708333  70.750000   81.849  41.02   88.952  44.58   73.688  36.93   5.248   2.63 0.189000000000000
 70.750000  70.791667   86.139  43.17   88.853  44.53   79.574  39.88   2.434   1.22 0.000000000000000
 70.791667  70.833333   87.416  43.81   90.648  45.43   85.580  42.89   1.676   0.84 0.189000000000000
 70.833333  70.875000   82.787  41.49   92.245  46.23   68.779  34.47   6.245   3.13 0.189000000000000
 70.875000  70.916667 9999.999 999.99 9999.999 999.99 9999.999 999.99 999.999 999.99 0.456189000000000
 70.916667  70.958333 9999.999 999.99 9999.999 999.99 9999.999 999.99 999.999 999.99 0.189456000000000
 70.958333  71.000000 9999.999 999.99 9999.999 999.99 9999.999 999.99 999.999 999.99 0.456189000000000
 71.000000  71.041667 9999.999 999.99 9999.999 999.99 9999.999 999.99 999.999 999.99 0.456189000000000
 71.041667  71.083333   71.553  35.86   74.686  37.43   69.258  34.71   1.816   0.91 0.189000000000000
 71.083333  71.125000   70.436  35.30   73.987  37.08   67.702  33.93   1.596   0.80 0.189000000000000
 71.125000  71.166667   70.176  35.17   72.571  36.37   68.660  34.41   1.197   0.60 0.189000000000000
