ozone_datasets/Ebas_221019_1549/US1200R.20100526050000.20181119131153.uv_abs.ozone.air.7mo.1h.US06L_Thermo_49C_MLO.US06L_AM.lev2.nas
86 1001
McClure-Begley, Audra; Petropavlovskikh, Irina
US06L, National Oceanic and Atmospheric Administration, NOAA/ESRL/GMD, "Earth System Research Laboratory, Global Monitoring Division", 325 Broadway, , CO 80305-3, Boulder, U.S.A.
McClure-Begley, Audra
GAW-WDCRG NOAA-ESRL
1 1
2010 01 01 2018 11 19
0.041667
days from file reference point
10
1 1 1 1 1 1 1 1 1 1
999.999999 9999.999 999.99 9999.999 999.99 9999.999 999.99 999.999 999.99 9.999999999999999
end_time of measurement, days from the file reference point
ozone, ug/m3, Statistics=arithmetic mean, Volume std. temperature=293.15 K, Volume std. pressure=1013.25 hPa, Detection limit=1.995 ug/m3, Measurement uncertainty=1.995 ug/m3, Measurement uncertainty expl.=includes statistical uncertainty of individual sample and calibration uncertainty, "Comment=Data converted on import into EBAS from 'nmol/mol' to 'ug/m3' at 293.15 K, 1013.25 hPa, conversion factor 1.99534."
ozone, nmol/mol, Statistics=arithmetic mean, Detection limit=1.0 nmol/mol, Measurement uncertainty=1.0 nmol/mol, Measurement uncertainty expl.=includes statistical uncertainty of individual sample and calibration uncertainty, "Comment=Data converted on import into EBAS from 'nmol/mol' to 'ug/m3' at 293.15 K, 1013.25 hPa, conversion factor 1.99534. -- Data converted on export from EBAS from 'ug/m3' at 293.15 K, 1013.25 hPa to 'nmol/mol', conversion factor 0.5012. Measurement uncertainty converted from '1.995 ug/m3' at 293.15 K, 1013.25 hPa to '1.0 nmol/mol', conversion factor 0.5012. Detection limit converted from '1.995 ug/m3' at 293.15 K, 1013.25 hPa to '1.0 nmol/mol', conversion factor 0.5012."
ozone, ug/m3, Statistics=maximum, Volume std. temperature=293.15 K, Volume std. pressure=1013.25 hPa, Detection limit=1.995 ug/m3, "Comment=Data converted on import into EBAS from 'nmol/mol' to 'ug/m3' at 293.15 K, 1013.25 hPa, conversion factor 1.99534. Detection limit converted from '1.0 nmol/mol' to '1.995 ug/m3' at 293.15 K, 1013.25 hPa, conversion factor 1.99534."
ozone, nmol/mol, Statistics=maximum, Detection limit=1.0 nmol/mol, "Comment=Data converted on import into EBAS from 'nmol/mol' to 'ug/m3' at 293.15 K, 1013.25 hPa, conversion factor 1.99534. Detection limit converted from '1.0 nmol/mol' to '1.995 ug/m3' at 293.15 K, 1013.25 hPa, conversion factor 1.99534. -- Data converted on export from EBAS from 'ug/m3' at 293.15 K, 1013.25 hPa to 'nmol/mol', conversion factor 0.5012. Detection limit converted from '1.995 ug/m3' at 293.15 K, 1013.25 hPa to '1.0 nmol/mol', conversion factor 0.5012."
ozone, ug/m3, Statistics=minimum, Volume std. temperature=293.15 K, Volume std. pressure=1013.25 hPa, Detection limit=1.995 ug/m3, "Comment=Data converted on import into EBAS from 'nmol/mol' to 'ug/m3' at 293.15 K, 1013.25 hPa, conversion factor 1.99534. Detection limit converted from '1.0 nmol/mol' to '1.995 ug/m3' at 293.15 K, 1013.25 hPa, conversion factor 1.99534."
[...]
Inlet type:                   Hat or hood
Inlet description:            Downward Facing, teflon inlet bell
Inlet tube material:          Teflon
Inlet tube outer diameter:    6.35 mm
Inlet tube inner diameter:    4.76 mm
Inlet tube length:            7.0 m
Flow rate:                    0.9 l/min
Humidity/temperature control description: Automatic
Zero/negative values code:    Zero/negative possible
Zero/negative values:         Zero and neg. values may appear due to statistical variations at very low concentrations
Absorption cross section:     Hearn, 1961 cm2
QA1 measure ID:               US06L_reference_calibration_20070630
QA1 date:                     20100101
QA1 outcome:                  pass
Originator:                   "McClure-Begley, Audra, Audra.mcclure@noaa.gov, National Oceanic and Atmospheric Administration/Earth System Research Laboratory/Global Monitoring Division, NOAA/ESRL/GMD, , 325 Broadway, , 80305, ""Boulder, CO"", USA"
Originator:                   "Petropavlovskikh, Irina, Irina.petro@noaa.gov, National Oceanic and Atmospheric Administration/Earth System Research Laboratory/Global Monitoring Division, NOAA/ESRL/GMD, , 325 Broadway, , 80305, ""Boulder, CO"", USA"
Submitter:                    "McClure-Begley, Audra, Audra.mcclure@noaa.gov, National Oceanic and Atmospheric Administration/Earth System Research Laboratory/Global Monitoring Division, NOAA/ESRL/GMD, , 325 Broadway, , 80305, ""Boulder, CO"", USA"
Acknowledgement:              "Request Acknowledgement details from data originator. http://dx.doi.org/10.7289/V57P8WBF"
starttime endtime O3 O3 O3 O3 O3 O3 O3 O3 flag
[from data line 156]
151.708333 151.750000  113.236  56.75  120.698  60.49  107.529  53.89   3.472   1.74 0.000000000000000
151.750000 151.791667  114.034  57.15  119.182  59.73  107.968  54.11   3.432   1.72 0.000000000000000
151.791667 151.833333 9999.999 999.99 9999.999 999.99 9999.999 999.99 999.999 999.99 0.456000000000000
151.833333 151.875000  136.581  68.45  151.566  75.96  126.425  63.36   8.121   4.07 0.000000000000000
151.875000 151.916667  159.907  80.14  164.895  82.64  149.750  75.05   4.051   2.03 0.000000000000000
151.916667 151.958333  165.574  82.98  166.671  83.53  162.680  81.53   1.317   0.66 0.000000000000000
151.958333 152.000000  167.569  83.98  169.345  84.87  165.773  83.08   1.257   0.63 0.000000000000000
152.000000 152.041667  159.089  79.73  165.474  82.93  146.578  73.46   5.826   2.92 0.000000000000000
152.041667 152.083333  134.326  67.32  141.769  71.05  126.425  63.36   5.068   2.54 0.000000000000000
152.083333 152.125000  128.460  64.38  137.639  68.98  125.487  62.89   3.292   1.65 0.000000000000000
152.125000 152.166667  128.680  64.49  130.436  65.37  126.345  63.32   1.257   0.63 0.000000000000000
152.166667 152.208333  132.710  66.51  134.167  67.24  131.054  65.68   0.938   0.47 0.000000000000000
152.208333 152.250000  137.918  69.12  147.975  74.16  130.815  65.56   4.749   2.38 0.000000000000000
152.250000 152.291667  138.277  69.30  148.992  74.67  126.285  63.29   7.163   3.59 0.000000000000000
152.291667 152.333333  144.782  72.56  148.853  74.60  142.767  71.55   1.896   0.95 0.000000000000000
152.333333 152.375000  140.931  70.63  143.246  71.79  138.118  69.22   1.536   0.77 0.000000000000000
152.375000 152.416667  124.170  62.23  133.429  66.87  114.952  57.61   6.265   3.14 0.000000000000000
152.416667 152.458333  115.331  57.80  116.149  58.21  115.012  57.64   0.439   0.22 0.390000000000000
152.458333 152.500000   97.732  48.98   99.408  49.82   95.377  47.80   1.277   0.64 0.392188189000000
152.500000 152.541667   92.883  46.55   94.080  47.15   90.609  45.41   1.058   0.53 0.189188000000000
152.541667 152.583333   90.509  45.36   91.646  45.93   89.451  44.83   0.599   0.30 0.189188000000000
152.583333 152.625000   88.094  44.15   89.072  44.64   85.700  42.95   0.998   0.50 0.188189000000000
152.625000 152.666667   87.157  43.68   88.493  44.35   86.059  43.13   0.718   0.36 0.189188000000000
152.666667 152.708333   88.334  44.27   90.509  45.36   87.077  43.64   1.097   0.55 0.188189000000000
152.708333 152.750000   97.193  48.71  100.745  50.49   95.657  47.94   1.556   0.78 0.188189000000000
152.750000 152.791667  107.948  54.10  123.811  62.05  103.299  51.77   6.644   3.33 0.189188000000000
152.791667 152.833333 9999.999 999.99 9999.999 999.99 9999.999 999.99 999.999 999.99 0.456189000000000
152.833333 152.875000 9999.999 999.99 9999.999 999.99 9999.999 999.99 999.999 999.99 0.189456000000000
152.875000 152.916667  134.426  67.37  135.065  67.69  133.808  67.06   0.319   0.16 0.189000000000000
152.916667 152.958333  134.346  67.33  135.224  67.77  134.027  67.17   0.319   0.16 0.189000000000000
152.958333 153.000000  134.107  67.21  135.204  67.76  133.548  66.93   0.459   0.23 0.189000000000000
153.000000 153.041667  132.610  66.46  133.449  66.88  130.755  65.53   0.938   0.47 0.189000000000000
153.041667 153.083333  129.278  64.79  130.535  65.42  128.420  64.36   0.539   0.27 0.189000000000000
153.083333 153.125000  128.520  64.41  132.591  66.45  126.006  63.15   2.075   1.04 0.189000000000000
153.125000 153.166667  132.231  66.27  133.808  67.06  130.695  65.50   0.998   0.50 0.189000000000000
153.166667 153.208333  136.082  68.20  138.337  69.33  133.409  66.86   1.756   0.88 0.189000000000000
153.208333 153.250000  135.444  67.88  136.262  68.29  134.426  67.37   0.559   0.28 0.000000000000000
153.250000 153.291667  132.870  66.59  134.047  67.18  129.957  65.13   1.197   0.60 0.000000000000000
153.291667 153.333333  129.677  64.99  130.376  65.34  129.178  64.74   0.339   0.17 0.000000000000000
153.333333 153.375000  131.094  65.70  131.972  66.14  130.076  65.19   0.499   0.25 0.000000000000000
153.375000 153.416667  131.054  65.68  132.371  66.34  129.558  64.93   0.858   0.43 0.000000000000000
153.416667 153.458333  128.859  64.58  130.595  65.45  127.323  63.81   0.818   0.41 0.000000000000000
153.458333 153.500000  123.212  61.75  126.205  63.25  120.579  60.43   1.576   0.79 0.000000000000000
153.500000 153.541667  115.251  57.76  119.501  59.89  108.587  54.42   3.372   1.69 0.000000000000000
153.541667 153.583333  105.973  53.11  109.185  54.72  102.541  51.39   1.776   0.89 0.000000000000000
153.583333 153.625000   97.892  49.06  102.341  51.29   89.631  44.92   3.671   1.84 0.000000000000000
153.625000 153.666667   90.868  45.54   94.779  47.50   87.675  43.94   2.235   1.12 0.000000000000000
153.666667 153.708333   82.527  41.36   86.957  43.58   78.936  39.56   2.813   1.41 0.000000000000000
153.708333 153.750000 9999.999 999.99 9999.999 999.99 9999.999 999.99 999.999 999.99 0.456189000000000
153.750000 153.791667 9999.999 999.99 9999.999 999.99 9999.999 999.99 999.999 999.99 0.456189000000000
153.791667 153.833333   92.983  46.60  106.930  53.59   83.545  41.87   7.083   3.55 0.189000000000000
153.833333 153.875000  110.003  55.13  116.309  58.29  103.319  51.78   3.552   1.78 0.189000000000000
153.875000 153.916667  117.546  58.91  120.878  60.58  116.069  58.17   1.616   0.81 0.189000000000000
153.916667 153.958333  127.443  63.87  130.535  65.42  122.734  61.51   2.754   1.38 0.189000000000000
153.958333 154.000000  138.297  69.31  144.782  72.56  133.429  66.87   3.472   1.74 0.189000000000000
154.000000 154.041667  113.754  57.01  129.398  64.85  101.104  50.67   8.620   4.32 0.189000000000000
154.041667 154.083333   97.193  48.71   98.869  49.55   95.238  47.73   0.858   0.43 0.189000000000000
154.083333 154.125000  101.822  51.03  115.032  57.65   93.183  46.70   8.640   4.33 0.189000000000000
154.125000 154.166667  121.297  60.79  125.687  62.99  116.947  58.61   3.093   1.55 0.189000000000000
154.166667 154.208333  126.245  63.27  137.699  69.01  111.799  56.03   8.819   4.42 0.189188000000000
154.208333 154.250000  109.006  54.63  109.764  55.01  108.447  54.35   0.339   0.17 0.189188000000000
154.250000 154.291667  105.693  52.97  108.427  54.34  100.446  50.34   2.674   1.34 0.189188000000000
154.291667 154.333333   99.228  49.73  102.720  51.48   96.335  48.28   1.616   0.81 0.000000000000000
154.333333 154.375000   96.495  48.36   98.251  49.24   94.519  47.37   1.217   0.61 0.000000000000000
154.375000 154.416667  105.833  53.04  111.520  55.89   99.348  49.79   3.931   1.97 0.000000000000000
154.416667 154.458333  107.270  53.76  113.236  56.75  101.363  50.80   4.150   2.08 0.000000000000000
154.458333 154.500000  102.501  51.37  103.997  52.12  101.164  50.70   0.838   0.42 0.000000000000000
154.500000 154.541667  101.822  51.03  103.079  51.66  100.565  50.40   0.798   0.40 0.000000000000000
154.541667 154.583333   99.647  49.94  102.700  51.47   96.295  48.26   1.656   0.83 0.000000000000000
154.583333 154.625000   92.005  46.11   95.497  47.86   90.189  45.20   1.397   0.70 0.000000000000000
154.625000 154.666667   97.113  48.67   99.827  50.03   92.205  46.21   2.275   1.14 0.000000000000000
154.666667 154.708333  105.414  52.83  106.671  53.46  102.940  51.59   1.117   0.56 0.000000000000000
154.708333 154.750000  108.347  54.30  110.722  55.49  106.551  53.40   1.277   0.64 0.000000000000000
154.750000 154.791667  103.498  51.87  108.547  54.40   97.772  49.00   3.073   1.54 0.189000000000000
154.791667 154.833333   95.198  47.71   97.353  48.79   92.384  46.30   1.237   0.62 0.189000000000000
154.833333 154.875000   93.422  46.82   96.435  48.33   92.325  46.27   1.217   0.61 0.189000000000000
154.875000 154.916667   99.169  49.70  101.144  50.69   97.892  49.06   0.818   0.41 0.189000000000000
154.916667 154.958333  107.569  53.91  111.520  55.89  101.822  51.03   3.073   1.54 0.189000000000000
154.958333 155.000000  110.063  55.16  111.081  55.67  108.447  54.35   0.838   0.42 0.189000000000000
155.000000 155.041667  105.913  53.08  107.868  54.06  104.077  52.16   1.297   0.65 0.189000000000000
155.041667 155.083333  104.576  52.41  107.449  53.85  103.598  51.92   1.097   0.55 0.189000000000000
155.083333 155.125000  105.633  52.94  107.629  53.94  104.157  52.20   0.918   0.46 0.189000000000000
155.125000 155.166667  103.838  52.04  107.509  53.88  102.102  51.17   1.636   0.82 0.189000000000000
155.166667 155.208333  106.332  53.29  108.287  54.27  104.875  52.56   0.938   0.47 0.189000000000000
155.208333 155.250000  112.916  56.59  115.929  58.10  109.484  54.87   1.955   0.98 0.189000000000000
155.250000 155.291667  115.690  57.98  117.965  59.12  113.934  57.10   1.177   0.59 0.000000000000000
155.291667 155.333333  119.222  59.75  122.853  61.57  116.149  58.21   2.015   1.01 0.000000000000000
155.333333 155.375000  115.490  57.88  119.242  59.76  113.675  56.97   1.556   0.78 0.000000000000000
155.375000 155.416667  112.817  56.54  116.827  58.55  111.639  55.95   1.477   0.74 0.000000000000000
155.416667 155.458333  114.533  57.40  118.204  59.24  111.639  55.95   1.736   0.87 0.000000000000000
155.458333 155.500000  112.737  56.50  119.980  60.13  107.928  54.09   3.731   1.87 0.000000000000000
155.500000 155.541667  112.877  56.57  121.437  60.86  105.993  53.12   4.569   2.29 0.000000000000000
155.541667 155.583333  109.225  54.74  122.853  61.57   89.930  45.07   8.580   4.30 0.000000000000000
155.583333 155.625000   85.720  42.96   89.890  45.05   81.769  40.98   2.594   1.30 0.000000000000000
155.625000 155.666667   80.213  40.20   91.028  45.62   72.251  36.21   6.265   3.14 0.000000000000000
155.666667 155.708333   89.990  45.10   93.701  46.96   86.299  43.25   2.494   1.25 0.000000000000000
155.708333 155.750000   89.551  44.88   92.364  46.29   84.862  42.53   2.235   1.12 0.000000000000000
155.750000 155.791667   97.093  48.66  103.039  51.64   89.012  44.61   3.811   1.91 0.000000000000000
155.791667 155.833333  106.252  53.25  107.589  53.92  103.039  51.64   1.317   0.66 0.189000000000000
155.833333 155.875000  106.392  53.32  110.562  55.41  103.798  52.02   1.935   0.97 0.189000000000000
155.875000 155.916667  104.017  52.13  106.771  53.51  101.623  50.93   1.437   0.72 0.189000000000000
155.916667 155.958333  101.224  50.73  107.349  53.80   96.834  48.53   3.033   1.52 0.189000000000000
155.958333 156.000000   88.434  44.32   95.896  48.06   83.006  41.60   3.791   1.90 0.189000000000000
156.000000 156.041667   84.283  42.24   85.860  43.03   81.829  41.01   1.197   0.60 0.189000000000000
156.041667 156.083333   79.494  39.84   81.989  41.09   75.943  38.06   2.195   1.10 0.189000000000000
156.083333 156.125000   71.952  36.06   74.726  37.45   68.261  34.21   1.896   0.95 0.189000000000000
156.125000 156.166667   74.147  37.16   77.579  38.88   69.198  34.68   2.953   1.48 0.189000000000000
156.166667 156.208333   97.752  48.99  111.999  56.13   86.438  43.32   8.360   4.19 0.189000000000000
156.208333 156.250000  126.166  63.23  149.711  75.03  110.682  55.47  14.626   7.33 0.189000000000000
156.250000 156.291667  147.935  74.14  151.247  75.80  140.751  70.54   3.133   1.57 0.189000000000000
156.291667 156.333333  147.795  74.07  151.826  76.09  139.395  69.86   3.612   1.81 0.000000000000000
156.333333 156.375000  112.318  56.29  150.988  75.67   93.043  46.63  22.128  11.09 0.000000000000000
156.375000 156.416667   89.770  44.99   94.639  47.43   82.587  41.39   4.150   2.08 0.000000000000000
156.416667 156.458333   72.451  36.31   78.557  39.37   63.631  31.89   4.988   2.50 0.000000000000000
156.458333 156.500000   64.549  32.35   67.562  33.86   61.217  30.68   1.856   0.93 0.000000000000000
156.500000 156.541667   64.769  32.46   70.695  35.43   61.856  31.00   2.255   1.13 0.000000000000000
156.541667 156.583333   63.631  31.89   64.290  32.22   62.135  31.14   0.579   0.29 0.000000000000000
156.583333 156.625000   69.657  34.91   72.251  36.21   66.505  33.33   1.776   0.89 0.000000000000000
156.625000 156.666667   66.345  33.25   69.079  34.62   63.272  31.71   1.836   0.92 0.000000000000000
156.666667 156.708333   68.001  34.08   73.688  36.93   66.305  33.23   2.275   1.14 0.000000000000000
156.708333 156.750000   72.371  36.27   80.851  40.52   68.041  34.10   3.512   1.76 0.189188000000000
156.750000 156.791667   87.137  43.67   91.666  45.94   83.425  41.81   2.734   1.37 0.188189000000000
156.791667 156.833333 9999.999 999.99 9999.999 999.99 9999.999 999.99 999.999 999.99 0.188189456000000
156.833333 156.875000  117.147  58.71  130.456  65.38   97.173  48.70  13.967   7.00 0.189000000000000
156.875000 156.916667  118.064  59.17  142.128  71.23   92.464  46.34  20.113  10.08 0.189000000000000
156.916667 156.958333  129.458  64.88  131.333  65.82  127.482  63.89   1.277   0.64 0.189000000000000
156.958333 157.000000  130.076  65.19  134.865  67.59  127.423  63.86   2.135   1.07 0.189000000000000
157.000000 157.041667  134.805  67.56  135.703  68.01  133.828  67.07   0.639   0.32 0.189000000000000
157.041667 157.083333  135.005  67.66  138.477  69.40  132.391  66.35   2.035   1.02 0.189000000000000
157.083333 157.125000  134.087  67.20  135.544  67.93  132.311  66.31   0.958   0.48 0.189000000000000
157.125000 157.166667  129.418  64.86  132.211  66.26  127.582  63.94   1.317   0.66 0.188189000000000
157.166667 157.208333   98.769  49.50  127.702  64.00   70.835  35.50  18.736   9.39 0.189000000000000
157.208333 157.250000   66.864  33.51   74.087  37.13   60.000  30.07   4.928   2.47 0.189188000000000
157.250000 157.291667   57.805  28.97   60.299  30.22   54.792  27.46   1.616   0.81 0.189188000000000
157.291667 157.333333   54.293  27.21   55.730  27.93   52.478  26.30   1.038   0.52 0.189188000000000
157.333333 157.375000   57.167  28.65   60.539  30.34   54.852  27.49   1.716   0.86 0.000000000000000
157.375000 157.416667   66.445  33.30   92.863  46.54   61.656  30.90   8.241   4.13 0.000000000000000
157.416667 157.458333   84.603  42.40   94.280  47.25   65.826  32.99   9.438   4.73 0.394000000000000
157.458333 157.500000   69.019  34.59   70.914  35.54   66.964  33.56   1.616   0.81 0.390000000000000
157.500000 157.541667   58.503  29.32   61.197  30.67   56.229  28.18   1.497   0.75 0.000000000000000
157.541667 157.583333   57.606  28.87   58.623  29.38   55.610  27.87   0.838   0.42 0.000000000000000
157.583333 157.625000   56.648  28.39   57.785  28.96   55.371  27.75   0.678   0.34 0.000000000000000
157.625000 157.666667   57.027  28.58   63.791  31.97   52.577  26.35   4.669   2.34 0.000000000000000
157.666667 157.708333   60.399  30.27   63.711  31.93   56.768  28.45   2.275   1.14 0.000000000000000
157.708333 157.750000 9999.999 999.99 9999.999 999.99 9999.999 999.99 999.999 999.99 0.456000000000000
157.750000 157.791667 9999.999 999.99 9999.999 999.99 9999.999 999.99 999.999 999.99 0.456000000000000
157.791667 157.833333   51.260  25.69   54.573  27.35   48.467  24.29   2.055   1.03 0.189188000000000
157.833333 157.875000   50.502  25.31   51.659  25.89   48.527  24.32   0.818   0.41 0.189188000000000
157.875000 157.916667   47.689  23.90   48.507  24.31   46.452  23.28   0.639   0.32 0.189188000000000
157.916667 157.958333   49.225  24.67   52.039  26.08   46.751  23.43   1.856   0.93 0.189000000000000
157.958333 158.000000   64.410  32.28   80.552  40.37   50.861  25.49   8.939   4.48 0.189000000000000
158.000000 158.041667   91.746  45.98  100.785  50.51   85.261  42.73   6.166   3.09 0.189000000000000
158.041667 158.083333   95.677  47.95   99.647  49.94   90.209  45.21   3.093   1.55 0.189000000000000
158.083333 158.125000   80.752  40.47   88.194  44.20   73.688  36.93   4.829   2.42 0.189000000000000
