ozone_datasets/Ebas_221019_1549/US1200R.20150101000000.20180102202851.uv_abs.ozone.air.17w.1h.US06L_Thermo_49C_MLO.US06L_AM.lev2.nas
81 1001
McClure-Begley, Audra; Petropavlovskikh, Irina
US06L, National Oceanic and Atmospheric Administration, NOAA/ESRL/GMD, "Earth System Research Laboratory, Global Monitoring Division", 325 Broadway, , CO 80305-3, Boulder, U.S.A.
McClure-Begley, Audra
GAW-WDCRG NOAA-ESRL
1 1
2015 01 01 2018 01 02
0.041667
days from file reference point
10
1 1 1 1 1 1 1 1 1 1
999.999999 9999.999 999.99 9999.999 999.99 9999.999 999.99 999.999 999.99 9.999999999999999
end_time of measurement, days from the file reference point
ozone, ug/m3, Statistics=arithmetic mean, Volume std. temperature=293.15 K, Volume std. pressure=1013.25 hPa, Detection limit=1.995 ug/m3, Measurement uncertainty=1.995 ug/m3, Measurement uncertainty expl.=includes statistical uncertainty of individual sample and calibration uncertainty, "Comment=Data converted on import into EBAS from 'nmol/mol' to 'ug/m3' at 293.15 K, 1013.25 hPa, conversion factor 1.99534."
ozone, nmol/mol, Statistics=arithmetic mean, Detection limit=1.0 nmol/mol, Measurement uncertainty=1.0 nmol/mol, Measurement uncertainty expl.=includes statistical uncertainty of individual sample and calibration uncertainty, "Comment=Data converted on import into EBAS from 'nmol/mol' to 'ug/m3' at 293.15 K, 1013.25 hPa, conversion factor 1.99534. -- Data converted on export from EBAS from 'ug/m3' at 293.15 K, 1013.25 hPa to 'nmol/mol', conversion factor 0.5012. Measurement uncertainty converted from '1.995 ug/m3' at 293.15 K, 1013.25 hPa to '1.0 nmol/mol', conversion factor 0.5012. Detection limit converted from '1.995 ug/m3' at 293.15 K, 1013.25 hPa to '1.0 nmol/mol', conversion factor 0.5012."
ozone, ug/m3, Statistics=maximum, Volume std. temperature=293.15 K, Volume std. pressure=1013.25 hPa, Detection limit=1.995 ug/m3, "Comment=Data converted on import into EBAS from 'nmol/mol' to 'ug/m3' at 293.15 K, 1013.25 hPa, conversion factor 1.99534. Detection limit converted from '1.0 nmol/mol' to '1.995 ug/m3' at 293.15 K, 1013.25 hPa, conversion factor 1.99534."
ozone, nmol/mol, Statistics=maximum, Detection limit=1.0 nmol/mol, "Comment=Data converted on import into EBAS from 'nmol/mol' to 'ug/m3' at 293.15 K, 1013.25 hPa, conversion factor 1.99534. Detection limit converted from '1.0 nmol/mol' to '1.995 ug/m3' at 293.15 K, 1013.25 hPa, conversion factor 1.99534. -- Data converted on export from EBAS from 'ug/m3' at 293.15 K, 1013.25 hPa to 'nmol/mol', conversion factor 0.5012. Detection limit converted from '1.995 ug/m3' at 293.15 K, 1013.25 hPa to '1.0 nmol/mol', conversion factor 0.5012."
ozone, ug/m3, Statistics=minimum, Volume std. temperature=293.15 K, Volume std. pressure=1013.25 hPa, Detection limit=1.995 ug/m3, "Comment=Data converted on import into EBAS from 'nmol/mol' to 'ug/m3' at 293.15 K, 1013.25 hPa, conversion factor 1.99534. Detection limit converted from '1.0 nmol/mol' to '1.995 ug/m3' at 293.15 K, 1013.25 hPa, conversion factor 1.99534."
[...]
Instrument name:              Thermo_49C_MLO
Instrument manufacturer:      Thermo
Instrument model:             49C
Method ref:                   US06L_AM
Standard method:              SOP=GAW_209(2013)
Inlet type:                   Hat or hood
Inlet description:            Downward Facing, teflon inlet bell
Inlet tube material:          Teflon
Inlet tube outer diameter:    6.35 mm
Inlet tube inner diameter:    4.76 mm
Inlet tube length:            7.0 m
Humidity/temperature control description: Automatic
Zero/negative values code:    Zero/negative possible
Zero/negative values:         Zero and neg. values may appear due to statistical variations at very low concentrations
Absorption cross section:     Hearn, 1961 cm2
Originator:                   "McClure-Begley, Audra, Audra.mcclure@noaa.gov, National Oceanic and Atmospheric Administration/Earth System Research Laboratory/Global Monitoring Division, NOAA/ESRL/GMD, , 325 Broadway, , 80305, ""Boulder, CO"", USA"
Originator:                   "Petropavlovskikh, Irina, Irina.petro@noaa.gov, National Oceanic and Atmospheric Administration/Earth System Research Laboratory/Global Monitoring Division, NOAA/ESRL/GMD, , 325 Broadway, , 80305, ""Boulder, CO"", USA"
Submitter:                    "McClure-Begley, Audra, Audra.mcclure@noaa.gov, National Oceanic and Atmospheric Administration/Earth System Research Laboratory/Global Monitoring Division, NOAA/ESRL/GMD, , 325 Broadway, , 80305, ""Boulder, CO"", USA"
Acknowledgement:              "Request Acknowledgement details from data originator. http://dx.doi.org/10.7289/V57P8WBF"
starttime endtime O3 O3 O3 O3 O3 O3 O3 O3 flag
[from data line 2331]
 97.125000  97.166667   70.595  35.38   70.595  35.38   70.595  35.38 999.999 999.99 0.189000000000000
 97.166667  97.208333   72.331  36.25   72.331  36.25   72.331  36.25 999.999 999.99 0.188189000000000
 97.208333  97.250000   75.145  37.66   75.145  37.66   75.145  37.66 999.999 999.99 0.188189000000000
 97.250000  97.291667   70.974  35.57   70.974  35.57   70.974  35.57 999.999 999.99 0.188189000000000
 97.291667  97.333333   76.342  38.26   76.342  38.26   76.342  38.26 999.999 999.99 0.000000000000000
 97.333333  97.375000   96.335  48.28   96.335  48.28   96.335  48.28 999.999 999.99 0.000000000000000
 97.375000  97.416667  105.075  52.66  105.075  52.66  105.075  52.66 999.999 999.99 0.000000000000000
 97.416667  97.458333  109.265  54.76  109.265  54.76  109.265  54.76 999.999 999.99 0.000000000000000
 97.458333  97.500000  110.422  55.34  110.422  55.34  110.422  55.34 999.999 999.99 0.000000000000000
 97.500000  97.541667  109.105  54.68  109.105  54.68  109.105  54.68 999.999 999.99 0.000000000000000
 97.541667  97.583333  110.682  55.47  110.682  55.47  110.682  55.47 999.999 999.99 0.188189000000000
 97.583333  97.625000  108.128  54.19  108.128  54.19  108.128  54.19 999.999 999.99 0.188189000000000
 97.625000  97.666667  107.070  53.66  107.070  53.66  107.070  53.66 999.999 999.99 0.000000000000000
 97.666667  97.708333  106.432  53.34  106.432  53.34  106.432  53.34 999.999 999.99 0.188189000000000
 97.708333  97.750000  107.290  53.77  107.290  53.77  107.290  53.77 999.999 999.99 0.188189000000000
 97.750000  97.791667  107.010  53.63  107.010  53.63  107.010  53.63 999.999 999.99 0.188189000000000
 97.791667  97.833333  102.880  51.56  102.880  51.56  102.880  51.56 999.999 999.99 0.188189000000000
 97.833333  97.875000  102.900  51.57  102.900  51.57  102.900  51.57 999.999 999.99 0.189000000000000
 97.875000  97.916667   95.936  48.08   95.936  48.08   95.936  48.08 999.999 999.99 0.189000000000000
 97.916667  97.958333   77.499  38.84   77.499  38.84   77.499  38.84 999.999 999.99 0.189000000000000
 97.958333  98.000000   76.561  38.37   76.561  38.37   76.561  38.37 999.999 999.99 0.189000000000000
 98.000000  98.041667   81.849  41.02   81.849  41.02   81.849  41.02 999.999 999.99 0.189000000000000
 98.041667  98.083333   85.959  43.08   85.959  43.08   85.959  43.08 999.999 999.99 0.189000000000000
 98.083333  98.125000   83.186  41.69   83.186  41.69   83.186  41.69 999.999 999.99 0.189000000000000
 98.125000  98.166667   87.456  43.83   87.456  43.83   87.456  43.83 999.999 999.99 0.189000000000000
 98.166667  98.208333   90.688  45.45   90.688  45.45   90.688  45.45 999.999 999.99 0.188189000000000
 98.208333  98.250000   97.672  48.95   97.672  48.95   97.672  48.95 999.999 999.99 0.188189000000000
 98.250000  98.291667  100.286  50.26  100.286  50.26  100.286  50.26 999.999 999.99 0.188189000000000
 98.291667  98.333333   99.887  50.06   99.887  50.06   99.887  50.06 999.999 999.99 0.188189000000000
 98.333333  98.375000  101.942  51.09  101.942  51.09  101.942  51.09 999.999 999.99 0.188189000000000
 98.375000  98.416667   97.832  49.03   97.832  49.03   97.832  49.03 999.999 999.99 0.188189000000000
 98.416667  98.458333   98.091  49.16   98.091  49.16   98.091  49.16 999.999 999.99 0.189000000000000
 98.458333  98.500000  104.636  52.44  104.636  52.44  104.636  52.44 999.999 999.99 0.189000000000000
 98.500000  98.541667   95.218  47.72   95.218  47.72   95.218  47.72 999.999 999.99 0.189000000000000
 98.541667  98.583333   95.617  47.92   95.617  47.92   95.617  47.92 999.999 999.99 0.189000000000000
 98.583333  98.625000   98.151  49.19   98.151  49.19   98.151  49.19 999.999 999.99 0.189000000000000
 98.625000  98.666667   92.285  46.25   92.285  46.25   92.285  46.25 999.999 999.99 0.189000000000000
 98.666667  98.708333   91.447  45.83   91.447  45.83   91.447  45.83 999.999 999.99 0.189000000000000
 98.708333  98.750000   95.577  47.90   95.577  47.90   95.577  47.90 999.999 999.99 0.189000000000000
 98.750000  98.791667   91.147  45.68   91.147  45.68   91.147  45.68 999.999 999.99 0.189000000000000
 98.791667  98.833333   92.724  46.47   92.724  46.47   92.724  46.47 999.999 999.99 0.189000000000000
 98.833333  98.875000   89.691  44.95   89.691  44.95   89.691  44.95 999.999 999.99 0.189000000000000
 98.875000  98.916667   81.610  40.90   81.610  40.90   81.610  40.90 999.999 999.99 0.188189000000000
 98.916667  98.958333   75.803  37.99   75.803  37.99   75.803  37.99 999.999 999.99 0.189000000000000
 98.958333  99.000000   73.828  37.00   73.828  37.00   73.828  37.00 999.999 999.99 0.189000000000000
 99.000000  99.041667   72.152  36.16   72.152  36.16   72.152  36.16 999.999 999.99 0.189000000000000
 99.041667  99.083333   72.351  36.26   72.351  36.26   72.351  36.26 999.999 999.99 0.189000000000000
 99.083333  99.125000   72.231  36.20   72.231  36.20   72.231  36.20 999.999 999.99 0.188189000000000
 99.125000  99.166667   74.885  37.53   74.885  37.53   74.885  37.53 999.999 999.99 0.189000000000000
 99.166667  99.208333   72.092  36.13   72.092  36.13   72.092  36.13 999.999 999.99 0.188189000000000
 99.208333  99.250000   73.748  36.96   73.748  36.96   73.748  36.96 999.999 999.99 0.188189000000000
 99.250000  99.291667   69.717  34.94   69.717  34.94   69.717  34.94 999.999 999.99 0.188189000000000
 99.291667  99.333333   68.620  34.39   68.620  34.39   68.620  34.39 999.999 999.99 0.000000000000000
 99.333333  99.375000   70.396  35.28   70.396  35.28   70.396  35.28 999.999 999.99 0.188189000000000
 99.375000  99.416667   75.883  38.03   75.883  38.03   75.883  38.03 999.999 999.99 0.189000000000000
 99.416667  99.458333   82.029  41.11   82.029  41.11   82.029  41.11 999.999 999.99 0.189000000000000
 99.458333  99.500000   88.773  44.49   88.773  44.49   88.773  44.49 999.999 999.99 0.000000000000000
 99.500000  99.541667   91.546  45.88   91.546  45.88   91.546  45.88 999.999 999.99 0.000000000000000
 99.541667  99.583333   95.158  47.69   95.158  47.69   95.158  47.69 999.999 999.99 0.189000000000000
 99.583333  99.625000   99.767  50.00   99.767  50.00   99.767  50.00 999.999 999.99 0.188189000000000
 99.625000  99.666667   95.198  47.71   95.198  47.71   95.198  47.71 999.999 999.99 0.188189000000000
 99.666667  99.708333  102.182  51.21  102.182  51.21  102.182  51.21 999.999 999.99 0.188189000000000
 99.708333  99.750000  111.679  55.97  111.679  55.97  111.679  55.97 999.999 999.99 0.189000000000000
 99.750000  99.791667  102.221  51.23  102.221  51.23  102.221  51.23 999.999 999.99 0.188189000000000
 99.791667  99.833333   85.221  42.71   85.221  42.71   85.221  42.71 999.999 999.99 0.188189000000000
 99.833333  99.875000   86.139  43.17   86.139  43.17   86.139  43.17 999.999 999.99 0.188189000000000
 99.875000  99.916667   90.090  45.15   90.090  45.15   90.090  45.15 999.999 999.99 0.189000000000000
 99.916667  99.958333   85.461  42.83   85.461  42.83   85.461  42.83 999.999 999.99 0.189000000000000
 99.958333 100.000000   87.137  43.67   87.137  43.67   87.137  43.67 999.999 999.99 0.189000000000000
100.000000 100.041667   82.308  41.25   82.308  41.25   82.308  41.25 999.999 999.99 0.189000000000000
100.041667 100.083333   77.858  39.02   77.858  39.02   77.858  39.02 999.999 999.99 0.188189000000000
100.083333 100.125000   77.958  39.07   77.958  39.07   77.958  39.07 999.999 999.99 0.189000000000000
100.125000 100.166667   77.479  38.83   77.479  38.83   77.479  38.83 999.999 999.99 0.188189000000000
100.166667 100.208333   75.544  37.86   75.544  37.86   75.544  37.86 999.999 999.99 0.188189000000000
100.208333 100.250000   76.242  38.21   76.242  38.21   76.242  38.21 999.999 999.99 0.188189000000000
100.250000 100.291667   85.022  42.61   85.022  42.61   85.022  42.61 999.999 999.99 0.188189000000000
100.291667 100.333333   90.529  45.37   90.529  45.37   90.529  45.37 999.999 999.99 0.188189000000000
100.333333 100.375000   90.768  45.49   90.768  45.49   90.768  45.49 999.999 999.99 0.000000000000000
100.375000 100.416667   87.157  43.68   87.157  43.68   87.157  43.68 999.999 999.99 0.000000000000000
100.416667 100.458333   60.619  30.38   60.619  30.38   60.619  30.38 999.999 999.99 0.000000000000000
100.458333 100.500000   73.548  36.86   73.548  36.86   73.548  36.86 999.999 999.99 0.188000000000000
100.500000 100.541667   93.621  46.92   93.621  46.92   93.621  46.92 999.999 999.99 0.188000000000000
100.541667 100.583333   96.395  48.31   96.395  48.31   96.395  48.31 999.999 999.99 0.188189000000000
100.583333 100.625000   98.789  49.51   98.789  49.51   98.789  49.51 999.999 999.99 0.188189000000000
100.625000 100.666667   96.674  48.45   96.674  48.45   96.674  48.45 999.999 999.99 0.188189000000000
100.666667 100.708333   97.592  48.91   97.592  48.91   97.592  48.91 999.999 999.99 0.188189000000000
100.708333 100.750000   88.513  44.36   88.513  44.36   88.513  44.36 999.999 999.99 0.188189000000000
100.750000 100.791667   87.775  43.99   87.775  43.99   87.775  43.99 999.999 999.99 0.188189000000000
100.791667 100.833333   83.924  42.06   83.924  42.06   83.924  42.06 999.999 999.99 0.189000000000000
100.833333 100.875000   65.727  32.94   65.727  32.94   65.727  32.94 999.999 999.99 0.189000000000000
100.875000 100.916667 9999.999 999.99 9999.999 999.99 9999.999 999.99 999.999 999.99 0.999999999999999
100.916667 100.958333   69.578  34.87   69.578  34.87   69.578  34.87 999.999 999.99 0.189000000000000
100.958333 101.000000   70.715  35.44   70.715  35.44   70.715  35.44 999.999 999.99 0.189000000000000
101.000000 101.041667   73.848  37.01   73.848  37.01   73.848  37.01 999.999 999.99 0.189000000000000
101.041667 101.083333   73.967  37.07   73.967  37.07   73.967  37.07 999.999 999.99 0.189000000000000
101.083333 101.125000   74.327  37.25   74.327  37.25   74.327  37.25 999.999 999.99 0.189000000000000
101.125000 101.166667   74.925  37.55   74.925  37.55   74.925  37.55 999.999 999.99 0.189000000000000
101.166667 101.208333   74.247  37.21   74.247  37.21   74.247  37.21 999.999 999.99 0.189000000000000
101.208333 101.250000   73.429  36.80   73.429  36.80   73.429  36.80 999.999 999.99 0.189000000000000
101.250000 101.291667   80.193  40.19   80.193  40.19   80.193  40.19 999.999 999.99 0.189000000000000
101.291667 101.333333   81.270  40.73   81.270  40.73   81.270  40.73 999.999 999.99 0.189000000000000
101.333333 101.375000   92.504  46.36   92.504  46.36   92.504  46.36 999.999 999.99 0.000000000000000
101.375000 101.416667   94.719  47.47   94.719  47.47   94.719  47.47 999.999 999.99 0.189000000000000
101.416667 101.458333  110.123  55.19  110.123  55.19  110.123  55.19 999.999 999.99 0.000000000000000
101.458333 101.500000  110.742  55.50  110.742  55.50  110.742  55.50 999.999 999.99 0.000000000000000
101.500000 101.541667  105.753  53.00  105.753  53.00  105.753  53.00 999.999 999.99 0.000000000000000
101.541667 101.583333   99.049  49.64   99.049  49.64   99.049  49.64 999.999 999.99 0.000000000000000
101.583333 101.625000  105.075  52.66  105.075  52.66  105.075  52.66 999.999 999.99 0.000000000000000
101.625000 101.666667  112.477  56.37  112.477  56.37  112.477  56.37 999.999 999.99 0.000000000000000
101.666667 101.708333  114.034  57.15  114.034  57.15  114.034  57.15 999.999 999.99 0.000000000000000
101.708333 101.750000  109.604  54.93  109.604  54.93  109.604  54.93 999.999 999.99 0.188189000000000
101.750000 101.791667  104.177  52.21  104.177  52.21  104.177  52.21 999.999 999.99 0.189000000000000
101.791667 101.833333  105.973  53.11  105.973  53.11  105.973  53.11 999.999 999.99 0.189000000000000
101.833333 101.875000   86.957  43.58   86.957  43.58   86.957  43.58 999.999 999.99 0.189000000000000
101.875000 101.916667   75.025  37.60   75.025  37.60   75.025  37.60 999.999 999.99 0.189000000000000
101.916667 101.958333   73.688  36.93   73.688  36.93   73.688  36.93 999.999 999.99 0.189000000000000
101.958333 102.000000   77.838  39.01   77.838  39.01   77.838  39.01 999.999 999.99 0.189000000000000
102.000000 102.041667   83.425  41.81   83.425  41.81   83.425  41.81 999.999 999.99 0.189000000000000
102.041667 102.083333   91.526  45.87   91.526  45.87   91.526  45.87 999.999 999.99 0.189000000000000
102.083333 102.125000   91.866  46.04   91.866  46.04   91.866  46.04 999.999 999.99 0.189000000000000
102.125000 102.166667   92.564  46.39   92.564  46.39   92.564  46.39 999.999 999.99 0.189000000000000
102.166667 102.208333   97.133  48.68   97.133  48.68   97.133  48.68 999.999 999.99 0.189000000000000
102.208333 102.250000  113.435  56.85  113.435  56.85  113.435  56.85 999.999 999.99 0.189000000000000
102.250000 102.291667  119.002  59.64  119.002  59.64  119.002  59.64 999.999 999.99 0.189000000000000
102.291667 102.333333  119.900  60.09  119.900  60.09  119.900  60.09 999.999 999.99 0.189000000000000
102.333333 102.375000  119.621  59.95  119.621  59.95  119.621  59.95 999.999 999.99 0.189000000000000
102.375000 102.416667  104.416  52.33  104.416  52.33  104.416  52.33 999.999 999.99 0.189000000000000
102.416667 102.458333  112.378  56.32  112.378  56.32  112.378  56.32 999.999 999.99 0.189000000000000
102.458333 102.500000  106.811  53.53  106.811  53.53  106.811  53.53 999.999 999.99 0.000000000000000
102.500000 102.541667  103.099  51.67  103.099  51.67  103.099  51.67 999.999 999.99 0.000000000000000
102.541667 102.583333  101.543  50.89  101.543  50.89  101.543  50.89 999.999 999.99 0.000000000000000
102.583333 102.625000  112.896  56.58  112.896  56.58  112.896  56.58 999.999 999.99 0.000000000000000
102.625000 102.666667  100.605  50.42  100.605  50.42  100.605  50.42 999.999 999.99 0.000000000000000
102.666667 102.708333  103.678  51.96  103.678  51.96  103.678  51.96 999.999 999.99 0.000000000000000
102.708333 102.750000   96.714  48.47   96.714  48.47   96.714  48.47 999.999 999.99 0.188189000000000
102.750000 102.791667   86.338  43.27   86.338  43.27   86.338  43.27 999.999 999.99 0.188189000000000
102.791667 102.833333   96.654  48.44   96.654  48.44   96.654  48.44 999.999 999.99 0.189000000000000
102.833333 102.875000   92.903  46.56   92.903  46.56   92.903  46.56 999.999 999.99 0.189000000000000
102.875000 102.916667   41.882  20.99   41.882  20.99   41.882  20.99 999.999 999.99 0.189000000000000
102.916667 102.958333   94.918  47.57   94.918  47.57   94.918  47.57 999.999 999.99 0.189000000000000
102.958333 103.000000   90.349  45.28   90.349  45.28   90.349  45.28 999.999 999.99 0.189000000000000
103.000000 103.041667   85.939  43.07   85.939  43.07   85.939  43.07 999.999 999.99 0.188189000000000
103.041667 103.083333   79.814  40.00   79.814  40.00   79.814  40.00 999.999 999.99 0.188189000000000
103.083333 103.125000   80.412  40.30   80.412  40.30   80.412  40.30 999.999 999.99 0.188189000000000
103.125000 103.166667   78.417  39.30   78.417  39.30   78.417  39.30 999.999 999.99 0.188189000000000
103.166667 103.208333   92.325  46.27   92.325  46.27   92.325  46.27 999.999 999.99 0.189000000000000
103.208333 103.250000  136.461  68.39  136.461  68.39  136.461  68.39 999.999 999.99 0.000000000000000
103.250000 103.291667  144.463  72.40  144.463  72.40  144.463  72.40 999.999 999.99 0.188000000000000
103.291667 103.333333  130.296  65.30  130.296  65.30  130.296  65.30 999.999 999.99 0.000000000000000
103.333333 103.375000  123.192  61.74  123.192  61.74  123.192  61.74 999.999 999.99 0.188189000000000
103.375000 103.416667  121.756  61.02  121.756  61.02  121.756  61.02 999.999 999.99 0.188189000000000
103.416667 103.458333  124.390  62.34  124.390  62.34  124.390  62.34 999.999 999.99 0.188189000000000
103.458333 103.500000  126.684  63.49  126.684  63.49  126.684  63.49 999.999 999.99 0.188189000000000
103.500000 103.541667  137.220  68.77  137.220  68.77  137.220  68.77 999.999 999.99 0.188189000000000
