ozone_datasets/Ebas_221019_1549/US1200R.20170101000000.20180131180300.uv_abs.ozone.air.1y.1h.US06L_Thermo_49C_MLO.US06L_AM.lev2.nas
86 1001
McClure-Begley, Audra; Petropavlovskikh, Irina
US06L, National Oceanic and Atmospheric Administration, NOAA/ESRL/GMD, "Earth System Research Laboratory, Global Monitoring Division", 325 Broadway, , CO 80305-3, Boulder, U.S.A.
McClure-Begley, Audra
GAW-WDCRG NOAA-ESRL
1 1
2017 01 01 2018 01 31
0.041667
days from file reference point
10
1 1 1 1 1 1 1 1 1 1
999.999999 9999.999 999.99 9999.999 9999.99 9999.999 999.99 999.999 999.99 9.999999999999999
end_time of measurement, days from the file reference point
ozone, ug/m3, Statistics=arithmetic mean, Volume std. temperature=293.15 K, Volume std. pressure=1013.25 hPa, Detection limit=1.995 ug/m3, Measurement uncertainty=1.995 ug/m3, Measurement uncertainty expl.=includes statistical uncertainty of individual sample and calibration uncertainty, "Comment=Data converted on import into EBAS from 'nmol/mol' to 'ug/m3' at 293.15 K, 1013.25 hPa, conversion factor 1.99534."
ozone, nmol/mol, Statistics=arithmetic mean, Detection limit=1.0 nmol/mol, Measurement uncertainty=1.0 nmol/mol, Measurement uncertainty expl.=includes statistical uncertainty of individual sample and calibration uncertainty, "Comment=Data converted on import into EBAS from 'nmol/mol' to 'ug/m3' at 293.15 K, 1013.25 hPa, conversion factor 1.99534. -- Data converted on export from EBAS from 'ug/m3' at 293.15 K, 1013.25 hPa to 'nmol/mol', conversion factor 0.5012. Measurement uncertainty converted from '1.995 ug/m3' at 293.15 K, 1013.25 hPa to '1.0 nmol/mol', conversion factor 0.5012. Detection limit converted from '1.995 ug/m3' at 293.15 K, 1013.25 hPa to '1.0 nmol/mol', conversion factor 0.5012."
ozone, ug/m3, Statistics=maximum, Volume std. temperature=293.15 K, Volume std. pressure=1013.25 hPa, Detection limit=1.995 ug/m3, "Comment=Data converted on import into EBAS from 'nmol/mol' to 'ug/m3' at 293.15 K, 1013.25 hPa, conversion factor 1.99534. Detection limit converted from '1.0 nmol/mol' to '1.995 ug/m3' at 293.15 K, 1013.25 hPa, conversion factor 1.99534."
ozone, nmol/mol, Statistics=maximum, Detection limit=1.0 nmol/mol, "Comment=Data converted on import into EBAS from 'nmol/mol' to 'ug/m3' at 293.15 K, 1013.25 hPa, conversion factor 1.99534. Detection limit converted from '1.0 nmol/mol' to '1.995 ug/m3' at 293.15 K, 1013.25 hPa, conversion factor 1.99534. -- Data converted on export from EBAS from 'ug/m3' at 293.15 K, 1013.25 hPa to 'nmol/mol', conversion factor 0.5012. Detection limit converted from '1.995 ug/m3' at 293.15 K, 1013.25 hPa to '1.0 nmol/mol', conversion factor 0.5012."
ozone, ug/m3, Statistics=minimum, Volume std. temperature=293.15 K, Volume std. pressure=1013.25 hPa, Detection limit=1.995 ug/m3, "Comment=Data converted on import into EBAS from 'nmol/mol' to 'ug/m3' at 293.15 K, 1013.25 hPa, conversion factor 1.99534. Detection limit converted from '1.0 nmol/mol' to '1.995 ug/m3' at 293.15 K, 1013.25 hPa, conversion factor 1.99534."
[...]
Inlet type:                   Hat or hood
Inlet description:            Downward Facing, teflon inlet bell
Inlet tube material:          Teflon
Inlet tube outer diameter:    6.35 mm
Inlet tube inner diameter:    4.76 mm
Inlet tube length:            7.0 m
Flow rate:                    1.0 l/min
Humidity/temperature control description: Automatic
Zero/negative values code:    Zero/negative possible
Zero/negative values:         Zero and neg. values may appear due to statistical variations at very low concentrations
Absorption cross section:     Hearn, 1961 cm2
QA1 measure ID:               US06L_reference_calibration_20070630
QA1 date:                     20100101
QA1 outcome:                  pass
Originator:                   "McClure-Begley, Audra, Audra.mcclure@noaa.gov, National Oceanic and Atmospheric Administration/Earth System Research Laboratory/Global Monitoring Division, NOAA/ESRL/GMD, , 325 Broadway, , 80305, ""Boulder, CO"", USA"
Originator:                   "Petropavlovskikh, Irina, Irina.petro@noaa.gov, National Oceanic and Atmospheric Administration/Earth System Research Laboratory/Global Monitoring Division, NOAA/ESRL/GMD, , 325 Broadway, , 80305, ""Boulder, CO"", USA"
Submitter:                    "McClure-Begley, Audra, Audra.mcclure@noaa.gov, National Oceanic and Atmospheric Administration/Earth System Research Laboratory/Global Monitoring Division, NOAA/ESRL/GMD, , 325 Broadway, , 80305, ""Boulder, CO"", USA"
Acknowledgement:              "Request Acknowledgement details from data originator. http://dx.doi.org/10.7289/V57P8WBF"
starttime endtime O3 O3 O3 O3 O3 O3 O3 O3 flag
[from data line 6616]
275.666667 275.708333   64.569  32.36   66.225   33.19   64.070  32.11   0.658   0.33 0.000000000000000
275.708333 275.750000   67.582  33.87   69.857   35.01   65.567  32.86   1.457   0.73 0.189188000000000
275.750000 275.791667   65.547  32.85   66.704   33.43   64.031  32.09   0.858   0.43 0.188189000000000
275.791667 275.833333   64.190  32.17   66.285   33.22   63.073  31.61   0.958   0.48 0.189188000000000
275.833333 275.875000   67.083  33.62   69.019   34.59   65.367  32.76   0.958   0.48 0.189188000000000
275.875000 275.916667   68.819  34.49   70.835   35.50   65.028  32.59   1.816   0.91 0.188189000000000
275.916667 275.958333   64.589  32.37   67.423   33.79   61.896  31.02   1.896   0.95 0.189000000000000
275.958333 276.000000   58.364  29.25   60.599   30.37   56.408  28.27   1.018   0.51 0.189000000000000
276.000000 276.041667   54.213  27.17   58.344   29.24   51.759  25.94   2.115   1.06 0.189000000000000
276.041667 276.083333   52.118  26.12   54.553   27.34   48.846  24.48   1.716   0.86 0.189000000000000
276.083333 276.125000   53.276  26.70   55.271   27.70   46.392  23.25   2.414   1.21 0.189188000000000
276.125000 276.166667   53.874  27.00   57.226   28.68   50.023  25.07   2.634   1.32 0.189188000000000
276.166667 276.208333   50.003  25.06   52.398   26.26   46.671  23.39   1.437   0.72 0.189188000000000
276.208333 276.250000   48.686  24.40   55.071   27.60   43.299  21.70   4.250   2.13 0.189188000000000
276.250000 276.291667   43.758  21.93   46.871   23.49   42.182  21.14   1.377   0.69 0.189000000000000
276.291667 276.333333   40.705  20.40   42.481   21.29   39.208  19.65   0.918   0.46 0.000000000000000
276.333333 276.375000   44.636  22.37   48.207   24.16   40.446  20.27   2.694   1.35 0.000000000000000
276.375000 276.416667   52.138  26.13   59.262   29.70   46.891  23.50   4.869   2.44 0.000000000000000
276.416667 276.458333   59.162  29.65   65.387   32.77   54.493  27.31   4.130   2.07 0.000000000000000
276.458333 276.500000   59.761  29.95   63.951   32.05   56.748  28.44   2.275   1.14 0.000000000000000
276.500000 276.541667   49.485  24.80   55.171   27.65   46.891  23.50   2.853   1.43 0.000000000000000
276.541667 276.583333   48.527  24.32   52.378   26.25   46.412  23.26   1.856   0.93 0.000000000000000
276.583333 276.625000   61.796  30.97   64.729   32.44   55.730  27.93   2.494   1.25 0.000000000000000
276.625000 276.666667   70.535  35.35   76.023   38.10   63.631  31.89   4.410   2.21 0.000000000000000
276.666667 276.708333   83.665  41.93   87.256   43.73   78.716  39.45   2.674   1.34 0.000000000000000
276.708333 276.750000   88.633  44.42   90.828   45.52   86.059  43.13   1.457   0.73 0.000000000000000
276.750000 276.791667   90.170  45.19   93.502   46.86   87.675  43.94   1.716   0.86 0.189000000000000
276.791667 276.833333   85.640  42.92   90.648   45.43   78.237  39.21   4.090   2.05 0.189000000000000
276.833333 276.875000   84.603  42.40   88.294   44.25   79.235  39.71   3.093   1.55 0.189000000000000
276.875000 276.916667   88.793  44.50   92.684   46.45   87.296  43.75   1.417   0.71 0.189000000000000
276.916667 276.958333   88.613  44.41   90.229   45.22   86.837  43.52   0.878   0.44 0.189000000000000
276.958333 277.000000   93.402  46.81   95.417   47.82   91.087  45.65   1.377   0.69 0.189000000000000
277.000000 277.041667   94.639  47.43   95.836   48.03   92.524  46.37   0.878   0.44 0.189000000000000
277.041667 277.083333   92.524  46.37   95.537   47.88   90.409  45.31   1.596   0.80 0.000000000000000
277.083333 277.125000   90.628  45.42   92.763   46.49   88.334  44.27   1.397   0.70 0.000000000000000
277.125000 277.166667   90.110  45.16   93.382   46.80   86.518  43.36   1.776   0.89 0.000000000000000
277.166667 277.208333   92.005  46.11   97.173   48.70   88.174  44.19   2.793   1.40 0.000000000000000
277.208333 277.250000   94.779  47.50   97.213   48.72   92.484  46.35   1.477   0.74 0.000000000000000
277.250000 277.291667   95.697  47.96   97.692   48.96   94.460  47.34   0.998   0.50 0.000000000000000
277.291667 277.333333   96.894  48.56   99.388   49.81   94.659  47.44   1.477   0.74 0.000000000000000
277.333333 277.375000   98.570  49.40   99.548   49.89   97.752  48.99   0.599   0.30 0.000000000000000
277.375000 277.416667   96.634  48.43   99.867   50.05   92.404  46.31   2.534   1.27 0.000000000000000
277.416667 277.458333   95.178  47.70   97.073   48.65   92.664  46.44   1.676   0.84 0.000000000000000
277.458333 277.500000   90.828  45.52   93.322   46.77   87.296  43.75   2.075   1.04 0.000000000000000
277.500000 277.541667   91.127  45.67   92.305   46.26   89.531  44.87   0.838   0.42 0.000000000000000
277.541667 277.583333   91.047  45.63   91.606   45.91   90.249  45.23   0.439   0.22 0.000000000000000
277.583333 277.625000   91.327  45.77   92.205   46.21   90.369  45.29   0.599   0.30 0.000000000000000
277.625000 277.666667   92.205  46.21   93.103   46.66   90.908  45.56   0.619   0.31 0.000000000000000
277.666667 277.708333   91.287  45.75   92.205   46.21   89.312  44.76   0.898   0.45 0.000000000000000
277.708333 277.750000   88.633  44.42   90.628   45.42   85.880  43.04   1.497   0.75 0.000000000000000
277.750000 277.791667   85.201  42.70   90.788   45.50   79.754  39.97   3.911   1.96 0.000000000000000
277.791667 277.833333   83.844  42.02   86.738   43.47   79.475  39.83   1.935   0.97 0.000000000000000
277.833333 277.875000   82.966  41.58   82.966   41.58   82.248  41.22   0.499   0.25 0.390000000000000
277.875000 277.916667   83.545  41.87   83.924   42.06   83.286  41.74   0.279   0.14 0.390000000000000
277.916667 277.958333   85.780  42.99   88.194   44.20   83.764  41.98   1.317   0.66 0.189000000000000
277.958333 278.000000   82.966  41.58   89.571   44.89   80.512  40.35   2.674   1.34 0.189000000000000
278.000000 278.041667   81.171  40.68   88.633   44.42   65.288  32.72   7.702   3.86 0.189000000000000
278.041667 278.083333   82.308  41.25   90.369   45.29   75.783  37.98   4.270   2.14 0.189000000000000
278.083333 278.125000   91.028  45.62   91.925   46.07   89.770  44.99   0.678   0.34 0.189000000000000
278.125000 278.166667   92.504  46.36   94.160   47.19   89.631  44.92   1.077   0.54 0.189000000000000
278.166667 278.208333   93.761  46.99   94.759   47.49   93.183  46.70   0.439   0.22 0.000000000000000
278.208333 278.250000   94.978  47.60   95.996   48.11   94.021  47.12   0.559   0.28 0.000000000000000
278.250000 278.291667   92.724  46.47   93.881   47.05   91.965  46.09   0.519   0.26 0.000000000000000
278.291667 278.333333   92.344  46.28   93.043   46.63   91.526  45.87   0.439   0.22 0.000000000000000
278.333333 278.375000   87.815  44.01   90.728   45.47   86.937  43.57   1.177   0.59 0.000000000000000
278.375000 278.416667   87.316  43.76   89.850   45.03   86.718  43.46   0.838   0.42 0.000000000000000
278.416667 278.458333   91.087  45.65   92.384   46.30   89.092  44.65   0.978   0.49 0.000000000000000
278.458333 278.500000   92.664  46.44   96.195   48.21   90.828  45.52   1.516   0.76 0.000000000000000
278.500000 278.541667  100.825  50.53  103.558   51.90   99.707  49.97   1.097   0.55 0.000000000000000
278.541667 278.583333  103.139  51.69  105.214   52.73  101.663  50.95   0.898   0.45 0.000000000000000
278.583333 278.625000  105.673  52.96  107.110   53.68  104.556  52.40   0.639   0.32 0.000000000000000
278.625000 278.666667   98.849  49.54  105.214   52.73   93.941  47.08   3.632   1.82 0.000000000000000
278.666667 278.708333   93.901  47.06   96.555   48.39   91.566  45.89   1.696   0.85 0.000000000000000
278.708333 278.750000   94.539  47.38  100.845   50.54   84.762  42.48   4.490   2.25 0.189000000000000
278.750000 278.791667   93.402  46.81  101.304   50.77   81.310  40.75   6.305   3.16 0.189000000000000
278.791667 278.833333   91.706  45.96   94.958   47.59   88.673  44.44   1.975   0.99 0.189000000000000
278.833333 278.875000   94.300  47.26   97.792   49.01   88.533  44.37   2.514   1.26 0.189000000000000
278.875000 278.916667   87.755  43.98   90.329   45.27   83.984  42.09   2.235   1.12 0.189000000000000
278.916667 278.958333   82.827  41.51   87.037   43.62   75.983  38.08   3.372   1.69 0.189000000000000
278.958333 279.000000   72.251  36.21   74.087   37.13   70.775  35.47   0.958   0.48 0.189000000000000
279.000000 279.041667   60.778  30.46   67.542   33.85   55.730  27.93   3.412   1.71 0.189188000000000
279.041667 279.083333   56.129  28.13   58.863   29.50   54.433  27.28   1.397   0.70 0.188189000000000
279.083333 279.125000   54.134  27.13   56.069   28.10   52.438  26.28   0.978   0.49 0.189000000000000
279.125000 279.166667   55.610  27.87   61.676   30.91   53.794  26.96   2.115   1.06 0.189188000000000
279.166667 279.208333   58.244  29.19   67.762   33.96   55.750  27.94   3.252   1.63 0.188189000000000
279.208333 279.250000   60.100  30.12   66.585   33.37   57.705  28.92   2.514   1.26 0.188189000000000
279.250000 279.291667   83.685  41.94   99.129   49.68   70.735  35.45   8.720   4.37 0.189000000000000
279.291667 279.333333   92.105  46.16  100.326   50.28   76.940  38.56   8.061   4.04 0.189000000000000
279.333333 279.375000  100.446  50.34  102.920   51.58   96.575  48.40   1.556   0.78 0.189000000000000
279.375000 279.416667   98.031  49.13   99.308   49.77   96.275  48.25   0.898   0.45 0.189000000000000
279.416667 279.458333   93.083  46.65   97.353   48.79   89.072  44.64   3.332   1.67 0.000000000000000
279.458333 279.500000   90.589  45.40   91.945   46.08   89.272  44.74   0.798   0.40 0.000000000000000
279.500000 279.541667  101.523  50.88  112.517   56.39   92.564  46.39   5.986   3.00 0.000000000000000
279.541667 279.583333  109.684  54.97  114.353   57.31  104.975  52.61   2.833   1.42 0.000000000000000
279.583333 279.625000   92.464  46.34   97.113   48.67   86.219  43.21   2.774   1.39 0.000000000000000
279.625000 279.666667   95.956  48.09  100.426   50.33   92.803  46.51   2.833   1.42 0.189000000000000
279.666667 279.708333  101.902  51.07  109.065   54.66   98.291  49.26   3.412   1.71 0.188189000000000
279.708333 279.750000  116.947  58.61  121.018   60.65  111.859  56.06   2.714   1.36 0.189000000000000
279.750000 279.791667  116.867  58.57  122.135   61.21  107.709  53.98   4.729   2.37 0.189000000000000
279.791667 279.833333   99.608  49.92  105.434   52.84   93.382  46.80   3.691   1.85 0.189000000000000
279.833333 279.875000   87.995  44.10   93.621   46.92   83.186  41.69   3.133   1.57 0.189000000000000
279.875000 279.916667   84.243  42.22   94.759   47.49   69.478  34.82   9.458   4.74 0.189000000000000
279.916667 279.958333   61.975  31.06   68.560   34.36   58.883  29.51   2.853   1.43 0.189000000000000
279.958333 280.000000   58.603  29.37   61.437   30.79   55.790  27.96   1.636   0.82 0.189000000000000
280.000000 280.041667   57.705  28.92   60.100   30.12   56.109  28.12   1.018   0.51 0.189000000000000
280.041667 280.083333   63.193  31.67   66.345   33.25   60.160  30.15   1.896   0.95 0.189000000000000
280.083333 280.125000   63.711  31.93   65.647   32.90   62.574  31.36   0.918   0.46 0.188189000000000
280.125000 280.166667   70.655  35.41   98.311   49.27   60.359  30.25  13.967   7.00 0.188189000000000
280.166667 280.208333   90.628  45.42  101.842   51.04   68.201  34.18  10.376   5.20 0.188189000000000
280.208333 280.250000  100.745  50.49  103.339   51.79   96.515  48.37   2.155   1.08 0.189000000000000
280.250000 280.291667   97.752  48.99  102.601   51.42   95.776  48.00   1.776   0.89 0.189000000000000
280.291667 280.333333  101.184  50.71  108.926   54.59   79.275  39.73   7.862   3.94 0.189000000000000
280.333333 280.375000   71.932  36.05   76.561   38.37   66.804  33.48   2.893   1.45 0.189000000000000
280.375000 280.416667   84.144  42.17   98.989   49.61   61.337  30.74  13.828   6.93 0.189188000000000
280.416667 280.458333   90.888  45.55   97.193   48.71   71.952  36.06   7.842   3.93 0.188189000000000
280.458333 280.500000   95.337  47.78   96.335   48.28   93.262  46.74   0.978   0.49 0.189188000000000
280.500000 280.541667   85.780  42.99   97.453   48.84   69.937  35.05   8.321   4.17 0.189188000000000
280.541667 280.583333   86.997  43.60   91.886   46.05   75.165  37.67   6.126   3.07 0.188189000000000
280.583333 280.625000   88.473  44.34   91.207   45.71   78.317  39.25   3.572   1.79 0.188189000000000
280.625000 280.666667   91.726  45.97   92.823   46.52   90.808  45.51   0.599   0.30 0.188189000000000
280.666667 280.708333   90.928  45.57   92.843   46.53   89.711  44.96   0.798   0.40 0.188189000000000
280.708333 280.750000   90.948  45.58   91.726   45.97   89.591  44.90   0.698   0.35 0.189188000000000
280.750000 280.791667   89.890  45.05   91.127   45.67   87.296  43.75   1.157   0.58 0.189188000000000
280.791667 280.833333   74.426  37.30   84.184   42.19   69.278  34.72   5.567   2.79 0.189188000000000
280.833333 280.875000   73.588  36.88   82.308   41.25   66.186  33.17   4.829   2.42 0.189000000000000
280.875000 280.916667   61.018  30.58   65.727   32.94   56.508  28.32   3.073   1.54 0.189000000000000
280.916667 280.958333   50.382  25.25   55.530   27.83   47.409  23.76   2.654   1.33 0.189000000000000
280.958333 281.000000   46.711  23.41   48.188   24.15   44.875  22.49   1.197   0.60 0.189188000000000
281.000000 281.041667   44.716  22.41   45.334   22.72   44.117  22.11   0.279   0.14 0.188189000000000
281.041667 281.083333   47.310  23.71   56.428   28.28   43.479  21.79   4.410   2.21 0.188189000000000
281.083333 281.125000   53.675  26.90   72.451   36.31   47.449  23.78   8.400   4.21 0.189000000000000
281.125000 281.166667   51.260  25.69   69.398   34.78   44.197  22.15   8.301   4.16 0.188189000000000
281.166667 281.208333   64.709  32.43   72.112   36.14   63.212  31.68   2.434   1.22 0.189000000000000
281.208333 281.250000   75.883  38.03   85.181   42.69   71.353  35.76   4.849   2.43 0.189000000000000
281.250000 281.291667   82.208  41.20   85.780   42.99   80.273  40.23   1.636   0.82 0.189188000000000
281.291667 281.333333   87.935  44.07   93.282   46.75   84.004  42.10   3.153   1.58 0.189188000000000
281.333333 281.375000   85.401  42.80   88.194   44.20   83.525  41.86   1.397   0.70 0.189188000000000
281.375000 281.416667   87.017  43.61   87.935   44.07   86.139  43.17   0.519   0.26 0.188189000000000
281.416667 281.458333   88.992  44.60   90.050   45.13   87.576  43.89   0.698   0.35 0.189000000000000
281.458333 281.500000   89.810  45.01   90.968   45.59   87.995  44.10   0.958   0.48 0.189000000000000
281.500000 281.541667   85.341  42.77   88.773   44.49   78.297  39.24   3.033   1.52 0.188189000000000
281.541667 281.583333   82.208  41.20   88.074   44.14   77.878  39.03   3.033   1.52 0.188189000000000
281.583333 281.625000   77.180  38.68   84.702   42.45   66.465  33.31   6.206   3.11 0.188189000000000
281.625000 281.666667   81.450  40.82   89.112   44.66   68.241  34.20   5.886   2.95 0.189188000000000
281.666667 281.708333   77.659  38.92   86.877   43.54   70.575  35.37   5.228   2.62 0.189188000000000
281.708333 281.750000   83.465  41.83   89.411   44.81   69.378  34.77   5.367   2.69 0.188189000000000
281.750000 281.791667   85.979  43.09   87.496   43.85   84.303  42.25   0.978   0.49 0.188189000000000
281.791667 281.833333   80.911  40.55   85.880   43.04   75.284  37.73   3.791   1.90 0.188189000000000
281.833333 281.875000   73.967  37.07   76.382   38.28   71.034  35.60   1.676   0.84 0.189000000000000
281.875000 281.916667   63.851  32.00   68.480   34.32   56.209  28.17   3.971   1.99 0.189000000000000
281.916667 281.958333   52.418  26.27   54.593   27.36   50.682  25.40   1.257   0.63 0.189000000000000
281.958333 282.000000   51.141  25.63   53.236   26.68   49.664  24.89   1.137   0.57 0.189000000000000
282.000000 282.041667   51.320  25.72   57.027   28.58   49.385  24.75   1.975   0.99 0.189000000000000
