ozone_datasets/Ebas_221019_1549/US1200R.20150507190000.20180102202851.uv_abs.ozone.air.34w.1h.US06L_Thermo_49C_MLO.US06L_AM.lev2.nas
86 1001
McClure-Begley, Audra; Petropavlovskikh, Irina
US06L, National Oceanic and Atmospheric Administration, NOAA/ESRL/GMD, "Earth System Research Laboratory, Global Monitoring Division", 325 Broadway, , CO 80305-3, Boulder, U.S.A.
McClure-Begley, Audra
GAW-WDCRG NOAA-ESRL
1 1
2015 01 01 2018 01 02
0.041667
days from file reference point
10
1 1 1 1 1 1 1 1 1 1
999.999999 9999.999 999.99 9999.999 999.99 9999.999 999.99 999.999 999.99 9.999999999999
end_time of measurement, days from the file reference point
ozone, ug/m3, Statistics=arithmetic mean, Volume std. temperature=293.15 K, Volume std. pressure=1013.25 hPa, Detection limit=1.995 ug/m3, Measurement uncertainty=1.995 ug/m3, Measurement uncertainty expl.=includes statistical uncertainty of individual sample and calibration uncertainty, "Comment=Data converted on import into EBAS from 'nmol/mol' to 'ug/m3' at 293.15 K, 1013.25 hPa, conversion factor 1.99534."
ozone, nmol/mol, Statistics=arithmetic mean, Detection limit=1.0 nmol/mol, Measurement uncertainty=1.0 nmol/mol, Measurement uncertainty expl.=includes statistical uncertainty of individual sample and calibration uncertainty, "Comment=Data converted on import into EBAS from 'nmol/mol' to 'ug/m3' at 293.15 K, 1013.25 hPa, conversion factor 1.99534. -- Data converted on export from EBAS from 'ug/m3' at 293.15 K, 1013.25 hPa to 'nmol/mol', conversion factor 0.5012. Measurement uncertainty converted from '1.995 ug/m3' at 293.15 K, 1013.25 hPa to '1.0 nmol/mol', conversion factor 0.5012. Detection limit converted from '1.995 ug/m3' at 293.15 K, 1013.25 hPa to '1.0 nmol/mol', conversion factor 0.5012."
ozone, ug/m3, Statistics=maximum, Volume std. temperature=293.15 K, Volume std. pressure=1013.25 hPa, Detection limit=1.995 ug/m3, "Comment=Data converted on import into EBAS from 'nmol/mol' to 'ug/m3' at 293.15 K, 1013.25 hPa, conversion factor 1.99534. Detection limit converted from '1.0 nmol/mol' to '1.995 ug/m3' at 293.15 K, 1013.25 hPa, conversion factor 1.99534."
ozone, nmol/mol, Statistics=maximum, Detection limit=1.0 nmol/mol, "Comment=Data converted on import into EBAS from 'nmol/mol' to 'ug/m3' at 293.15 K, 1013.25 hPa, conversion factor 1.99534. Detection limit converted from '1.0 nmol/mol' to '1.995 ug/m3' at 293.15 K, 1013.25 hPa, conversion factor 1.99534. -- Data converted on export from EBAS from 'ug/m3' at 293.15 K, 1013.25 hPa to 'nmol/mol', conversion factor 0.5012. Detection limit converted from '1.995 ug/m3' at 293.15 K, 1013.25 hPa to '1.0 nmol/mol', conversion factor 0.5012."
ozone, ug/m3, Statistics=minimum, Volume std. temperature=293.15 K, Volume std. pressure=1013.25 hPa, Detection limit=1.995 ug/m3, "Comment=Data converted on import into EBAS from 'nmol/mol' to 'ug/m3' at 293.15 K, 1013.25 hPa, conversion factor 1.99534. Detection limit converted from '1.0 nmol/mol' to '1.995 ug/m3' at 293.15 K, 1013.25 hPa, conversion factor 1.99534."
[...]
Inlet type:                   Hat or hood
Inlet description:            Downward Facing, teflon inlet bell
Inlet tube material:          Teflon
Inlet tube outer diameter:    6.35 mm
Inlet tube inner diameter:    4.76 mm
Inlet tube length:            7.0 m
Flow rate:                    1.0 l/min
Humidity/temperature control description: Automatic
Zero/negative values code:    Zero/negative possible
Zero/negative values:         Zero and neg. values may appear due to statistical variations at very low concentrations
Absorption cross section:     Hearn, 1961 cm2
QA1 measure ID:               US06L_reference_calibration_20070630
QA1 date:                     20100101
QA1 outcome:                  pass
Originator:                   "McClure-Begley, Audra, Audra.mcclure@noaa.gov, National Oceanic and Atmospheric Administration/Earth System Research Laboratory/Global Monitoring Division, NOAA/ESRL/GMD, , 325 Broadway, , 80305, ""Boulder, CO"", USA"
Originator:                   "Petropavlovskikh, Irina, Irina.petro@noaa.gov, National Oceanic and Atmospheric Administration/Earth System Research Laboratory/Global Monitoring Division, NOAA/ESRL/GMD, , 325 Broadway, , 80305, ""Boulder, CO"", USA"
Submitter:                    "McClure-Begley, Audra, Audra.mcclure@noaa.gov, National Oceanic and Atmospheric Administration/Earth System Research Laboratory/Global Monitoring Division, NOAA/ESRL/GMD, , 325 Broadway, , 80305, ""Boulder, CO"", USA"
Acknowledgement:              "Request Acknowledgement details from data originator. http://dx.doi.org/10.7289/V57P8WBF"
starttime endtime O3 O3 O3 O3 O3 O3 O3 O3 flag
[from data line 4801]
326.833333 326.875000   28.035  14.05   28.513  14.29   27.157  13.61   0.399   0.20 0.189000000000
326.875000 326.916667   30.190  15.13   31.387  15.73   29.192  14.63   0.758   0.38 0.189000000000
326.916667 326.958333   31.546  15.81   31.985  16.03   30.908  15.49   0.339   0.17 0.189000000000
326.958333 327.000000   31.167  15.62   31.646  15.86   30.529  15.30   0.339   0.17 0.189000000000
327.000000 327.041667   30.848  15.46   31.227  15.65   30.449  15.26   0.259   0.13 0.189000000000
327.041667 327.083333   30.688  15.38   30.928  15.50   30.229  15.15   0.219   0.11 0.189000000000
327.083333 327.125000   30.868  15.47   31.646  15.86   30.269  15.17   0.379   0.19 0.189000000000
327.125000 327.166667   30.808  15.44   32.025  16.05   29.810  14.94   0.559   0.28 0.189000000000
327.166667 327.208333   30.309  15.19   30.968  15.52   29.591  14.83   0.359   0.18 0.189000000000
327.208333 327.250000   28.853  14.46   29.391  14.73   28.334  14.20   0.299   0.15 0.000000000000
327.250000 327.291667   28.693  14.38   29.292  14.68   28.294  14.18   0.339   0.17 0.000000000000
327.291667 327.333333   28.913  14.49   29.092  14.58   28.633  14.35   0.160   0.08 0.000000000000
327.333333 327.375000   28.434  14.25   28.952  14.51   28.055  14.06   0.279   0.14 0.000000000000
327.375000 327.416667   28.992  14.53   29.391  14.73   28.454  14.26   0.279   0.14 0.000000000000
327.416667 327.458333   30.648  15.36   35.198  17.64   28.992  14.53   1.596   0.80 0.000000000000
327.458333 327.500000   35.298  17.69   38.610  19.35   33.063  16.57   1.596   0.80 0.000000000000
327.500000 327.541667   45.095  22.60   46.372  23.24   41.084  20.59   1.437   0.72 0.000000000000
327.541667 327.583333   43.020  21.56   47.449  23.78   40.086  20.09   2.654   1.33 0.189000000000
327.583333 327.625000   41.703  20.90   42.780  21.44   40.705  20.40   0.798   0.40 0.189000000000
327.625000 327.666667   44.616  22.36   45.673  22.89   43.339  21.72   0.658   0.33 0.000000000000
327.666667 327.708333   43.199  21.65   45.135  22.62   40.326  20.21   1.536   0.77 0.000000000000
327.708333 327.750000   41.224  20.66   42.760  21.43   38.610  19.35   1.257   0.63 0.189000000000
327.750000 327.791667   37.213  18.65   40.366  20.23   32.325  16.20   2.454   1.23 0.189000000000
327.791667 327.833333   44.217  22.16   52.697  26.41   36.575  18.33   4.909   2.46 0.189000000000
327.833333 327.875000   44.656  22.38   63.332  31.74   38.231  19.16   8.241   4.13 0.189000000000
327.875000 327.916667   42.740  21.42   43.917  22.01   40.625  20.36   1.137   0.57 0.189000000000
327.916667 327.958333   42.461  21.28   44.436  22.27   40.964  20.53   0.938   0.47 0.189000000000
327.958333 328.000000   41.324  20.71   43.359  21.73   40.027  20.06   0.918   0.46 0.189000000000
328.000000 328.041667   44.756  22.43   47.988  24.05   41.403  20.75   2.295   1.15 0.189000000000
328.041667 328.083333   46.072  23.09   52.358  26.24   43.020  21.56   2.414   1.21 0.189000000000
328.083333 328.125000   47.489  23.80   50.043  25.08   45.015  22.56   1.497   0.75 0.189000000000
328.125000 328.166667   52.557  26.34   54.892  27.51   50.362  25.24   1.317   0.66 0.188189000000
328.166667 328.208333   49.345  24.73   56.588  28.36   46.432  23.27   2.913   1.46 0.189188000000
328.208333 328.250000   56.029  28.08   59.401  29.77   47.250  23.68   3.472   1.74 0.189188000000
328.250000 328.291667   52.258  26.19   55.630  27.88   51.360  25.74   1.536   0.77 0.188189000000
328.291667 328.333333   52.717  26.42   57.566  28.85   50.083  25.10   1.935   0.97 0.189188000000
328.333333 328.375000   57.446  28.79   67.423  33.79   49.664  24.89   5.108   2.56 0.188189000000
328.375000 328.416667   55.291  27.71   66.904  33.53   48.646  24.38   4.829   2.42 0.189188000000
328.416667 328.458333   67.622  33.89   73.488  36.83   63.093  31.62   3.791   1.90 0.188189000000
328.458333 328.500000   61.357  30.75   65.208  32.68   57.546  28.84   1.916   0.96 0.189188000000
328.500000 328.541667   55.151  27.64   58.364  29.25   52.458  26.29   1.696   0.85 0.188189000000
328.541667 328.583333   58.164  29.15   60.559  30.35   54.972  27.55   1.736   0.87 0.188189000000
328.583333 328.625000   55.191  27.66   59.082  29.61   50.682  25.40   2.474   1.24 0.189000000000
328.625000 328.666667   65.188  32.67   68.281  34.22   61.656  30.90   1.876   0.94 0.189188000000
328.666667 328.708333   63.971  32.06   68.340  34.25   59.681  29.91   2.973   1.49 0.189000000000
328.708333 328.750000   68.061  34.11   81.091  40.64   59.102  29.62   8.181   4.10 0.189000000000
328.750000 328.791667   85.800  43.00   91.686  45.95   81.230  40.71   3.272   1.64 0.189000000000
328.791667 328.833333   71.912  36.04   82.747  41.47   57.865  29.00   9.757   4.89 0.189394188000
328.833333 328.875000   56.388  28.26   58.663  29.40   54.912  27.52   1.497   0.75 0.390188189000
328.875000 328.916667   48.706  24.41   56.009  28.07   43.937  22.02   4.529   2.27 0.188189000000
328.916667 328.958333   47.210  23.66   53.116  26.62   44.636  22.37   2.813   1.41 0.189188000000
328.958333 329.000000   50.861  25.49   53.635  26.88   46.292  23.20   2.315   1.16 0.189000000000
329.000000 329.041667   49.544  24.83   50.921  25.52   48.627  24.37   0.718   0.36 0.189000000000
329.041667 329.083333   49.445  24.78   51.021  25.57   48.108  24.11   0.878   0.44 0.189000000000
329.083333 329.125000   51.260  25.69   52.557  26.34   49.006  24.56   1.157   0.58 0.189000000000
329.125000 329.166667   50.263  25.19   52.956  26.54   48.607  24.36   1.277   0.64 0.189000000000
329.166667 329.208333   51.819  25.97   54.074  27.10   50.542  25.33   1.077   0.54 0.189000000000
329.208333 329.250000   54.812  27.47   58.583  29.36   51.620  25.87   2.594   1.30 0.188189000000
329.250000 329.291667   59.282  29.71   60.678  30.41   58.184  29.16   0.738   0.37 0.188000000000
329.291667 329.333333   64.769  32.46   70.855  35.51   61.536  30.84   2.853   1.43 0.000000000000
329.333333 329.375000   79.714  39.95   82.946  41.57   75.125  37.65   2.554   1.28 0.000000000000
329.375000 329.416667   80.771  40.48   81.290  40.74   79.494  39.84   0.459   0.23 0.000000000000
329.416667 329.458333   75.065  37.62   77.339  38.76   72.730  36.45   1.217   0.61 0.000000000000
329.458333 329.500000   77.938  39.06   79.894  40.04   75.923  38.05   1.237   0.62 0.000000000000
329.500000 329.541667   69.657  34.91   72.690  36.43   67.522  33.84   1.337   0.67 0.000000000000
329.541667 329.583333   69.378  34.77   72.830  36.50   65.268  32.71   2.175   1.09 0.000000000000
329.583333 329.625000   63.991  32.07   65.667  32.91   62.215  31.18   1.257   0.63 0.000000000000
329.625000 329.666667   60.818  30.48   62.754  31.45   58.264  29.20   1.616   0.81 0.000000000000
329.666667 329.708333   59.282  29.71   60.499  30.32   58.543  29.34   0.619   0.31 0.000000000000
329.708333 329.750000   60.120  30.13   61.157  30.65   59.541  29.84   0.499   0.25 0.000000000000
329.750000 329.791667   62.574  31.36   67.742  33.95   60.199  30.17   2.494   1.25 0.189000000000
329.791667 329.833333   61.297  30.72   62.554  31.35   60.080  30.11   0.678   0.34 0.189000000000
329.833333 329.875000   55.431  27.78   60.060  30.10   50.702  25.41   2.833   1.42 0.188189000000
329.875000 329.916667   51.300  25.71   51.999  26.06   50.223  25.17   0.479   0.24 0.188189000000
329.916667 329.958333   50.382  25.25   50.881  25.50   49.744  24.93   0.379   0.19 0.189000000000
329.958333 330.000000   50.642  25.38   51.240  25.68   50.163  25.14   0.319   0.16 0.189000000000
330.000000 330.041667   56.947  28.54   61.097  30.62   51.739  25.93   2.754   1.38 0.188189000000
330.041667 330.083333   55.211  27.67   56.348  28.24   53.515  26.82   0.878   0.44 0.188189000000
330.083333 330.125000   53.615  26.87   55.052  27.59   52.238  26.18   0.978   0.49 0.188189000000
330.125000 330.166667   58.084  29.11   64.709  32.43   52.877  26.50   4.490   2.25 0.188189000000
330.166667 330.208333   54.453  27.29   58.922  29.53   49.804  24.96   3.073   1.54 0.188189000000
330.208333 330.250000   51.041  25.58   53.156  26.64   50.103  25.11   0.878   0.44 0.189188000000
330.250000 330.291667   44.576  22.34   48.028  24.07   42.042  21.07   2.135   1.07 0.000000000000
330.291667 330.333333   43.199  21.65   44.596  22.35   42.341  21.22   0.678   0.34 0.000000000000
330.333333 330.375000   41.284  20.69   41.942  21.02   40.625  20.36   0.459   0.23 0.000000000000
330.375000 330.416667   41.443  20.77   41.663  20.88   41.164  20.63   0.160   0.08 0.000000000000
330.416667 330.458333   40.525  20.31   41.144  20.62   38.750  19.42   0.758   0.38 0.000000000000
330.458333 330.500000   37.313  18.70   37.912  19.00   36.894  18.49   0.299   0.15 0.000000000000
330.500000 330.541667   36.994  18.54   37.233  18.66   36.734  18.41   0.140   0.07 0.000000000000
330.541667 330.583333   37.093  18.59   37.951  19.02   36.495  18.29   0.419   0.21 0.000000000000
330.583333 330.625000   38.570  19.33   39.208  19.65   38.251  19.17   0.319   0.16 0.000000000000
330.625000 330.666667   39.109  19.60   39.787  19.94   38.430  19.26   0.439   0.22 0.000000000000
330.666667 330.708333   39.947  20.02   40.785  20.44   39.408  19.75   0.519   0.26 0.000000000000
330.708333 330.750000   39.468  19.78   40.366  20.23   38.311  19.20   0.619   0.31 0.000000000000
330.750000 330.791667   40.765  20.43   42.720  21.41   39.428  19.76   0.998   0.50 0.000000000000
330.791667 330.833333   44.955  22.53   48.387  24.25   42.541  21.32   1.716   0.86 0.189000000000
330.833333 330.875000   50.143  25.13   51.879  26.00   48.427  24.27   1.058   0.53 0.189000000000
330.875000 330.916667   48.846  24.48   49.664  24.89   47.250  23.68   0.718   0.36 0.189000000000
330.916667 330.958333   48.048  24.08   50.542  25.33   46.152  23.13   1.317   0.66 0.189000000000
330.958333 331.000000   45.294  22.70   46.053  23.08   44.117  22.11   0.619   0.31 0.189188000000
331.000000 331.041667   45.873  22.99   46.791  23.45   45.354  22.73   0.439   0.22 0.189188000000
331.041667 331.083333   48.786  24.45   49.544  24.83   47.988  24.05   0.519   0.26 0.189188000000
331.083333 331.125000   48.646  24.38   49.465  24.79   47.589  23.85   0.599   0.30 0.188189000000
331.125000 331.166667   49.844  24.98   52.039  26.08   47.469  23.79   1.357   0.68 0.188189000000
331.166667 331.208333   47.290  23.70   48.028  24.07   46.491  23.30   0.479   0.24 0.189188000000
331.208333 331.250000   49.684  24.90   60.319  30.23   46.372  23.24   4.669   2.34 0.188189000000
331.250000 331.291667   54.573  27.35   61.057  30.60   48.567  24.34   5.068   2.54 0.189188000000
331.291667 331.333333   57.346  28.74   59.401  29.77   56.448  28.29   0.978   0.49 0.188189000000
331.333333 331.375000   49.544  24.83   54.413  27.27   47.250  23.68   2.315   1.16 0.188189000000
331.375000 331.416667   58.623  29.38   64.689  32.42   50.402  25.26   4.210   2.11 0.188189000000
331.416667 331.458333   65.248  32.70   68.939  34.55   63.232  31.69   1.536   0.77 0.188189000000
331.458333 331.500000   63.751  31.95   64.789  32.47   62.095  31.12   0.738   0.37 0.188189000000
331.500000 331.541667   65.208  32.68   67.443  33.80   62.773  31.46   1.676   0.84 0.188189000000
331.541667 331.583333   75.364  37.77   81.550  40.87   68.680  34.42   4.310   2.16 0.189188000000
331.583333 331.625000   82.647  41.42   83.864  42.03   81.729  40.96   0.559   0.28 0.188189000000
331.625000 331.666667   84.303  42.25   87.177  43.69   79.355  39.77   2.135   1.07 0.188189000000
331.666667 331.708333   61.137  30.64   62.913  31.53   58.723  29.43   1.177   0.59 0.189000000000
331.708333 331.750000   57.865  29.00   59.780  29.96   56.229  28.18   1.217   0.61 0.000000000000
331.750000 331.791667   58.603  29.37   59.621  29.88   57.625  28.88   0.579   0.29 0.000000000000
331.791667 331.833333   60.619  30.38   74.426  37.30   57.785  28.96   4.709   2.36 0.189000000000
331.833333 331.875000   85.660  42.93   89.631  44.92   83.186  41.69   2.015   1.01 0.189000000000
331.875000 331.916667   93.302  46.76   98.071  49.15   90.229  45.22   2.614   1.31 0.189000000000
331.916667 331.958333  100.505  50.37  103.000  51.62   98.490  49.36   1.217   0.61 0.189000000000
331.958333 332.000000  102.321  51.28  103.578  51.91  100.046  50.14   0.918   0.46 0.189000000000
332.000000 332.041667  102.940  51.59  104.177  52.21  101.204  50.72   0.818   0.41 0.189000000000
332.041667 332.083333  103.538  51.89  104.995  52.62   99.907  50.07   1.257   0.63 0.000000000000
332.083333 332.125000  102.182  51.21  103.179  51.71   99.727  49.98   0.978   0.49 0.000000000000
332.125000 332.166667  102.341  51.29  105.175  52.71  100.406  50.32   1.716   0.86 0.000000000000
332.166667 332.208333  104.157  52.20  105.055  52.65  103.079  51.66   0.599   0.30 0.000000000000
332.208333 332.250000  102.321  51.28  104.157  52.20  101.443  50.84   0.778   0.39 0.000000000000
332.250000 332.291667  103.059  51.65  105.574  52.91  101.703  50.97   1.237   0.62 0.000000000000
332.291667 332.333333   93.083  46.65  103.219  51.73   70.655  35.41  10.236   5.13 0.000000000000
332.333333 332.375000   94.519  47.37  104.755  52.50   77.898  39.04   9.418   4.72 0.000000000000
332.375000 332.416667  100.725  50.48  103.059  51.65   97.492  48.86   1.636   0.82 0.000000000000
332.416667 332.458333   97.333  48.78   99.288  49.76   95.617  47.92   1.317   0.66 0.000000000000
332.458333 332.500000  100.964  50.60  102.122  51.18   99.089  49.66   0.918   0.46 0.000000000000
332.500000 332.541667  102.082  51.16  103.079  51.66  100.885  50.56   0.639   0.32 0.000000000000
332.541667 332.583333  104.536  52.39  105.733  52.99  103.399  51.82   0.738   0.37 0.000000000000
332.583333 332.625000  100.246  50.24  103.917  52.08   96.056  48.14   2.654   1.33 0.000000000000
332.625000 332.666667   98.710  49.47  100.685  50.46   96.934  48.58   1.077   0.54 0.000000000000
332.666667 332.708333   98.410  49.32   98.909  49.57   97.572  48.90   0.539   0.27 0.000000000000
332.708333 332.750000   95.637  47.93   96.495  48.36   94.100  47.16   0.599   0.30 0.000000000000
332.750000 332.791667   90.010  45.11   93.262  46.74   87.356  43.78   1.836   0.92 0.000000000000
332.791667 332.833333   88.374  44.29   89.192  44.70   87.516  43.86   0.459   0.23 0.189000000000
332.833333 332.875000   91.945  46.08   94.539  47.38   89.571  44.89   1.856   0.93 0.189000000000
332.875000 332.916667   94.978  47.60   99.428  49.83   93.961  47.09   1.636   0.82 0.189000000000
332.916667 332.958333  101.523  50.88  102.581  51.41  100.924  50.58   0.539   0.27 0.189000000000
332.958333 333.000000  101.383  50.81  102.401  51.32   99.847  50.04   0.798   0.40 0.189000000000
333.000000 333.041667  101.044  50.64  102.022  51.13   99.508  49.87   0.639   0.32 0.189000000000
333.041667 333.083333   98.410  49.32  100.007  50.12   95.497  47.86   1.676   0.84 0.189000000000
333.083333 333.125000   99.208  49.72  101.164  50.70   94.699  47.46   1.856   0.93 0.189000000000
333.125000 333.166667  100.625  50.43  102.481  51.36   97.692  48.96   1.756   0.88 0.000000000000
333.166667 333.208333   96.914  48.57   97.892  49.06   95.038  47.63   1.018   0.51 0.000000000000
333.208333 333.250000   92.744  46.48   94.260  47.24   89.850  45.03   1.457   0.73 0.000000000000
333.250000 333.291667   88.054  44.13   89.451  44.83   87.216  43.71   0.639   0.32 0.000000000000
333.291667 333.333333   88.374  44.29   89.910  45.06   84.962  42.58   1.377   0.69 0.000000000000
333.333333 333.375000   81.190  40.69   85.640  42.92   76.162  38.17   3.153   1.58 0.000000000000
333.375000 333.416667   76.881  38.53   78.237  39.21   75.743  37.96   0.798   0.40 0.000000000000
333.416667 333.458333   75.284  37.73   76.781  38.48   74.327  37.25   0.838   0.42 0.000000000000
