ozone_datasets/Ebas_221019_1549/US1200R.20150507190000.20180102202851.uv_abs.ozone.air.34w.1h.US06L_Thermo_49C_MLO.US06L_AM.lev2.nas
86 1001
McClure-Begley, Audra; Petropavlovskikh, Irina
US06L, National Oceanic and Atmospheric Administration, NOAA/ESRL/GMD, "Earth System Research Laboratory, Global Monitoring Division", 325 Broadway, , CO 80305-3, Boulder, U.S.A.
McClure-Begley, Audra
GAW-WDCRG NOAA-ESRL
1 1
2015 01 01 2018 01 02
0.041667
days from file reference point
10
1 1 1 1 1 1 1 1 1 1
999.999999 9999.999 999.99 9999.999 999.99 9999.999 999.99 999.999 999.99 9.999999999999
end_time of measurement, days from the file reference point
ozone, ug/m3, Statistics=arithmetic mean, Volume std. temperature=293.15 K, Volume std. pressure=1013.25 hPa, Detection limit=1.995 ug/m3, Measurement uncertainty=1.995 ug/m3, Measurement uncertainty expl.=includes statistical uncertainty of individual sample and calibration uncertainty, "Comment=Data converted on import into EBAS from 'nmol/mol' to 'ug/m3' at 293.15 K, 1013.25 hPa, conversion factor 1.99534."
ozone, nmol/mol, Statistics=arithmetic mean, Detection limit=1.0 nmol/mol, Measurement uncertainty=1.0 nmol/mol, Measurement uncertainty expl.=includes statistical uncertainty of individual sample and calibration uncertainty, "Comment=Data converted on import into EBAS from 'nmol/mol' to 'ug/m3' at 293.15 K, 1013.25 hPa, conversion factor 1.99534. -- Data converted on export from EBAS from 'ug/m3' at 293.15 K, 1013.25 hPa to 'nmol/mol', conversion factor 0.5012. Measurement uncertainty converted from '1.995 ug/m3' at 293.15 K, 1013.25 hPa to '1.0 nmol/mol', conversion factor 0.5012. Detection limit converted from '1.995 ug/m3' at 293.15 K, 1013.25 hPa to '1.0 nmol/mol', conversion factor 0.5012."
ozone, ug/m3, Statistics=maximum, Volume std. temperature=293.15 K, Volume std. pressure=1013.25 hPa, Detection limit=1.995 ug/m3, "Comment=Data converted on import into EBAS from 'nmol/mol' to 'ug/m3' at 293.15 K, 1013.25 hPa, conversion factor 1.99534. Detection limit converted from '1.0 nmol/mol' to '1.995 ug/m3' at 293.15 K, 1013.25 hPa, conversion factor 1.99534."
ozone, nmol/mol, Statistics=maximum, Detection limit=1.0 nmol/mol, "Comment=Data converted on import into EBAS from 'nmol/mol' to 'ug/m3' at 293.15 K, 1013.25 hPa, conversion factor 1.99534. Detection limit converted from '1.0 nmol/mol' to '1.995 ug/m3' at 293.15 K, 1013.25 hPa, conversion factor 1.99534. -- Data converted on export from EBAS from 'ug/m3' at 293.15 K, 1013.25 hPa to 'nmol/mol', conversion factor 0.5012. Detection limit converted from '1.995 ug/m3' at 293.15 K, 1013.25 hPa to '1.0 nmol/mol', conversion factor 0.5012."
ozone, ug/m3, Statistics=minimum, Volume std. temperature=293.15 K, Volume std. pressure=1013.25 hPa, Detection limit=1.995 ug/m3, "Comment=Data converted on import into EBAS from 'nmol/mol' to 'ug/m3' at 293.15 K, 1013.25 hPa, conversion factor 1.99534. Detection limit converted from '1.0 nmol/mol' to '1.995 ug/m3' at 293.15 K, 1013.25 hPa, conversion factor 1.99534."
[...]
Inlet type:                   Hat or hood
Inlet description:            Downward Facing, teflon inlet bell
Inlet tube material:          Teflon
Inlet tube outer diameter:    6.35 mm
Inlet tube inner diameter:    4.76 mm
Inlet tube length:            7.0 m
Flow rate:                    1.0 l/min
Humidity/temperature control description: Automatic
Zero/negative values code:    Zero/negative possible
Zero/negative values:         Zero and neg. values may appear due to statistical variations at very low concentrations
Absorption cross section:     Hearn, 1961 cm2
QA1 measure ID:               US06L_reference_calibration_20070630
QA1 date:                     20100101
QA1 outcome:                  pass
Originator:                   "McClure-Begley, Audra, Audra.mcclure@noaa.gov, National Oceanic and Atmospheric Administration/Earth System Research Laboratory/Global Monitoring Division, NOAA/ESRL/GMD, , 325 Broadway, , 80305, ""Boulder, CO"", USA"
Originator:                   "Petropavlovskikh, Irina, Irina.petro@noaa.gov, National Oceanic and Atmospheric Administration/Earth System Research Laboratory/Global Monitoring Division, NOAA/ESRL/GMD, , 325 Broadway, , 80305, ""Boulder, CO"", USA"
Submitter:                    "McClure-Begley, Audra, Audra.mcclure@noaa.gov, National Oceanic and Atmospheric Administration/Earth System Research Laboratory/Global Monitoring Division, NOAA/ESRL/GMD, , 325 Broadway, , 80305, ""Boulder, CO"", USA"
Acknowledgement:              "Request Acknowledgement details from data originator. http://dx.doi.org/10.7289/V57P8WBF"
starttime endtime O3 O3 O3 O3 O3 O3 O3 O3 flag
[from data line 321]
140.166667 140.208333   66.146  33.15   68.161  34.16   64.270  32.21   1.217   0.61 0.189000000000
140.208333 140.250000   67.303  33.73   77.719  38.95   63.651  31.90   4.350   2.18 0.189188000000
140.250000 140.291667   71.673  35.92   87.376  43.79   65.008  32.58   7.323   3.67 0.188189000000
140.291667 140.333333   78.656  39.42   84.124  42.16   63.891  32.02   6.684   3.35 0.188189000000
140.333333 140.375000  103.139  51.69  120.339  60.31   84.084  42.14  13.109   6.57 0.189188000000
140.375000 140.416667  120.539  60.41  122.913  61.60  117.566  58.92   1.756   0.88 0.000000000000
140.416667 140.458333  113.156  56.71  114.852  57.56  108.866  54.56   1.716   0.86 0.000000000000
140.458333 140.500000  111.520  55.89  114.393  57.33  108.726  54.49   1.477   0.74 0.000000000000
140.500000 140.541667  107.210  53.73  111.600  55.93  103.339  51.79   2.215   1.11 0.000000000000
140.541667 140.583333  106.252  53.25  109.604  54.93  100.226  50.23   2.933   1.47 0.000000000000
140.583333 140.625000  110.861  55.56  113.176  56.72  108.706  54.48   1.497   0.75 0.000000000000
140.625000 140.666667  109.903  55.08  111.819  56.04  107.210  53.73   1.277   0.64 0.000000000000
140.666667 140.708333  112.737  56.50  123.911  62.10  107.968  54.11   5.627   2.82 0.189000000000
140.708333 140.750000  119.541  59.91  125.926  63.11  111.659  55.96   5.507   2.76 0.189000000000
140.750000 140.791667  109.045  54.65  112.118  56.19  105.993  53.12   1.896   0.95 0.189000000000
140.791667 140.833333  104.556  52.40  111.300  55.78   99.388  49.81   3.213   1.61 0.189000000000
140.833333 140.875000   94.899  47.56  103.538  51.89   92.105  46.16   3.113   1.56 0.189000000000
140.875000 140.916667   83.246  41.72   88.673  44.44   75.604  37.89   4.210   2.11 0.189000000000
140.916667 140.958333   78.756  39.47   88.613  44.41   74.486  37.33   3.751   1.88 0.189000000000
140.958333 141.000000   74.626  37.40   77.818  39.00   70.296  35.23   2.155   1.08 0.189000000000
141.000000 141.041667   83.445  41.82  100.106  50.17   73.389  36.78   6.644   3.33 0.189000000000
141.041667 141.083333   91.905  46.06  108.507  54.38   78.477  39.33  10.276   5.15 0.189000000000
141.083333 141.125000   84.543  42.37   93.961  47.09   81.570  40.88   3.352   1.68 0.189000000000
141.125000 141.166667  105.853  53.05  126.245  63.27   83.465  41.83  15.883   7.96 0.189000000000
141.166667 141.208333  113.874  57.07  125.387  62.84  101.683  50.96   8.620   4.32 0.189000000000
141.208333 141.250000  120.259  60.27  128.380  64.34  118.703  59.49   2.793   1.40 0.189000000000
141.250000 141.291667  119.840  60.06  121.057  60.67  119.022  59.65   0.639   0.32 0.189000000000
141.291667 141.333333  121.816  61.05  124.031  62.16  118.803  59.54   1.497   0.75 0.189000000000
141.333333 141.375000  143.405  71.87  150.010  75.18  132.052  66.18   4.829   2.42 0.189000000000
141.375000 141.416667  147.276  73.81  149.770  75.06  142.946  71.64   1.896   0.95 0.189000000000
141.416667 141.458333  151.806  76.08  155.278  77.82  146.678  73.51   2.554   1.28 0.000000000000
141.458333 141.500000  135.603  67.96  141.111  70.72  128.899  64.60   4.210   2.11 0.000000000000
141.500000 141.541667  134.526  67.42  138.716  69.52  127.822  64.06   3.731   1.87 0.000000000000
141.541667 141.583333  126.904  63.60  132.012  66.16  121.616  60.95   3.532   1.77 0.000000000000
141.583333 141.625000  132.730  66.52  135.204  67.76  131.134  65.72   1.257   0.63 0.000000000000
141.625000 141.666667  135.444  67.88  138.317  69.32  131.693  66.00   2.315   1.16 0.000000000000
141.666667 141.708333  139.355  69.84  142.148  71.24  136.521  68.42   1.916   0.96 0.189000000000
141.708333 141.750000  143.026  71.68  146.398  73.37  140.572  70.45   1.776   0.89 0.189000000000
141.750000 141.791667  139.674  70.00  144.822  72.58  135.264  67.79   2.754   1.38 0.189000000000
141.791667 141.833333  143.625  71.98  145.760  73.05  140.033  70.18   2.095   1.05 0.392189000000
141.833333 141.875000 9999.999 999.99 9999.999 999.99 9999.999 999.99 999.999 999.99 0.999000000000
141.875000 141.916667 9999.999 999.99 9999.999 999.99 9999.999 999.99 999.999 999.99 0.999000000000
141.916667 141.958333   76.003  38.09   80.652  40.42   73.528  36.85   2.714   1.36 0.392189000000
141.958333 142.000000   80.632  40.41   84.722  42.46   77.419  38.80   2.155   1.08 0.189000000000
142.000000 142.041667   89.611  44.91  106.013  53.13   79.834  40.01   6.625   3.32 0.189000000000
142.041667 142.083333   78.617  39.40   87.256  43.73   74.446  37.31   4.230   2.12 0.189000000000
142.083333 142.125000   90.170  45.19   97.612  48.92   81.570  40.88   3.871   1.94 0.189000000000
142.125000 142.166667   82.388  41.29   99.508  49.87   76.122  38.15   6.784   3.40 0.189188000000
142.166667 142.208333   79.175  39.68   97.273  48.75   75.105  37.64   6.924   3.47 0.188189000000
142.208333 142.250000   83.306  41.75  113.196  56.73   76.162  38.17   9.877   4.95 0.188189000000
142.250000 142.291667  113.894  57.08  150.509  75.43   79.255  39.72  24.543  12.30 0.189188000000
142.291667 142.333333  157.273  78.82  161.383  80.88  153.023  76.69   2.534   1.27 0.189000000000
142.333333 142.375000  134.526  67.42  142.228  71.28  128.201  64.25   4.090   2.05 0.189000000000
142.375000 142.416667  128.660  64.48  134.606  67.46  124.948  62.62   3.432   1.72 0.000000000000
142.416667 142.458333  123.432  61.86  127.083  63.69  117.805  59.04   2.993   1.50 0.000000000000
142.458333 142.500000  118.324  59.30  123.013  61.65  113.655  56.96   3.392   1.70 0.189000000000
142.500000 142.541667  105.913  53.08  109.804  55.03  102.421  51.33   2.215   1.11 0.189000000000
142.541667 142.583333   93.981  47.10  105.434  52.84   89.890  45.05   5.088   2.55 0.000000000000
142.583333 142.625000   90.529  45.37   91.387  45.80   89.611  44.91   0.579   0.29 0.000000000000
142.625000 142.666667   91.626  45.92   93.282  46.75   90.768  45.49   0.778   0.39 0.000000000000
142.666667 142.708333   95.098  47.66   97.233  48.73   93.542  46.88   1.337   0.67 0.000000000000
142.708333 142.750000   96.176  48.20   99.368  49.80   94.060  47.14   1.676   0.84 0.189000000000
142.750000 142.791667  103.678  51.96  110.163  55.21   89.950  45.08   6.505   3.26 0.189000000000
142.791667 142.833333   91.147  45.68   95.397  47.81   85.820  43.01   2.853   1.43 0.189000000000
142.833333 142.875000   76.262  38.22   78.956  39.57   71.812  35.99   1.916   0.96 0.189000000000
142.875000 142.916667   73.369  36.77   77.040  38.61   70.236  35.20   2.315   1.16 0.189000000000
142.916667 142.958333   71.234  35.70   77.320  38.75   67.562  33.86   2.993   1.50 0.189000000000
142.958333 143.000000   74.287  37.23   76.462  38.32   72.092  36.13   1.377   0.69 0.189000000000
143.000000 143.041667   80.193  40.19   82.268  41.23   78.277  39.23   1.117   0.56 0.189000000000
143.041667 143.083333   83.545  41.87   84.563  42.38   82.887  41.54   0.539   0.27 0.189000000000
143.083333 143.125000   85.540  42.87   89.012  44.61   82.388  41.29   2.015   1.01 0.189000000000
143.125000 143.166667   83.645  41.92   88.992  44.60   80.871  40.53   2.833   1.42 0.189000000000
143.166667 143.208333  110.043  55.15  141.170  70.75   90.050  45.13  15.763   7.90 0.189000000000
143.208333 143.250000  151.247  75.80  156.754  78.56  140.372  70.35   4.769   2.39 0.189000000000
143.250000 143.291667  151.227  75.79  156.036  78.20  142.248  71.29   4.330   2.17 0.189000000000
143.291667 143.333333  155.637  78.00  156.435  78.40  154.280  77.32   0.599   0.30 0.189000000000
143.333333 143.375000  153.621  76.99  155.038  77.70  152.285  76.32   0.878   0.44 0.189000000000
143.375000 143.416667  148.713  74.53  151.985  76.17  145.341  72.84   2.035   1.02 0.000000000000
143.416667 143.458333  135.703  68.01  142.168  71.25  129.178  64.74   4.250   2.13 0.000000000000
143.458333 143.500000  127.901  64.10  130.575  65.44  124.090  62.19   2.414   1.21 0.000000000000
143.500000 143.541667  119.980  60.13  133.828  67.07  110.203  55.23   7.303   3.66 0.000000000000
143.541667 143.583333  113.675  56.97  122.654  61.47  106.312  53.28   5.607   2.81 0.189000000000
143.583333 143.625000  110.482  55.37  115.311  57.79  102.620  51.43   4.330   2.17 0.000000000000
143.625000 143.666667   88.374  44.29   95.198  47.71   82.029  41.11   4.749   2.38 0.000000000000
143.666667 143.708333   73.828  37.00   79.215  39.70   69.737  34.95   3.312   1.66 0.189000000000
143.708333 143.750000   75.324  37.75   78.197  39.19   71.493  35.83   2.115   1.06 0.189000000000
143.750000 143.791667   76.023  38.10   78.736  39.46   74.267  37.22   1.636   0.82 0.189000000000
143.791667 143.833333   72.690  36.43   76.422  38.30   70.655  35.41   1.576   0.79 0.189000000000
143.833333 143.875000   66.405  33.28   71.573  35.87   57.007  28.57   4.011   2.01 0.189000000000
143.875000 143.916667   56.508  28.32   60.180  30.16   51.580  25.85   2.175   1.09 0.189000000000
143.916667 143.958333   57.865  29.00   60.998  30.57   54.493  27.31   2.275   1.14 0.189000000000
143.958333 144.000000   61.496  30.82   62.973  31.56   59.920  30.03   0.838   0.42 0.189000000000
144.000000 144.041667   64.649  32.40   67.183  33.67   62.754  31.45   1.536   0.77 0.189000000000
144.041667 144.083333   61.516  30.83   65.088  32.62   58.284  29.21   2.315   1.16 0.189000000000
144.083333 144.125000   65.168  32.66   74.686  37.43   59.780  29.96   4.190   2.10 0.189000000000
144.125000 144.166667   77.459  38.82   79.973  40.08   74.327  37.25   1.516   0.76 0.189000000000
144.166667 144.208333   77.539  38.86   82.747  41.47   73.409  36.79   2.973   1.49 0.189000000000
144.208333 144.250000   81.250  40.72   91.028  45.62   77.798  38.99   3.831   1.92 0.189000000000
144.250000 144.291667   89.611  44.91   97.852  49.04   85.002  42.60   3.472   1.74 0.189000000000
144.291667 144.333333  106.232  53.24  116.089  58.18  100.186  50.21   4.849   2.43 0.189000000000
144.333333 144.375000  111.759  56.01  114.393  57.33  108.527  54.39   1.756   0.88 0.188189000000
144.375000 144.416667  101.184  50.71  104.057  52.15   97.333  48.78   2.235   1.12 0.188189000000
144.416667 144.458333   96.395  48.31  103.319  51.78   89.651  44.93   4.889   2.45 0.189188000000
144.458333 144.500000   94.499  47.36  104.356  52.30   87.077  43.64   6.305   3.16 0.189188000000
144.500000 144.541667   86.179  43.19   86.897  43.55   84.842  42.52   0.619   0.31 0.188189000000
144.541667 144.583333   85.401  42.80   88.015  44.11   83.764  41.98   1.437   0.72 0.188189000000
144.583333 144.625000   81.969  41.08   83.286  41.74   80.592  40.39   0.698   0.35 0.000000000000
144.625000 144.666667   79.634  39.91   80.692  40.44   78.996  39.59   0.539   0.27 0.000000000000
144.666667 144.708333   79.055  39.62   79.854  40.02   78.357  39.27   0.359   0.18 0.000000000000
144.708333 144.750000   81.250  40.72   86.338  43.27   80.193  40.19   1.776   0.89 0.189000000000
144.750000 144.791667   84.363  42.28   85.760  42.98   83.066  41.63   0.678   0.34 0.189000000000
144.791667 144.833333   86.678  43.44   92.724  46.47   83.745  41.97   3.053   1.53 0.189000000000
144.833333 144.875000  100.426  50.33  110.103  55.18   91.307  45.76   5.687   2.85 0.189000000000
144.875000 144.916667  108.068  54.16  114.573  57.42  104.975  52.61   2.634   1.32 0.394189000000
144.916667 144.958333  115.151  57.71  122.295  61.29  111.619  55.94   3.472   1.74 0.189000000000
144.958333 145.000000  117.007  58.64  120.579  60.43  108.267  54.26   3.252   1.63 0.189000000000
145.000000 145.041667  115.830  58.05  122.135  61.21  105.554  52.90   5.228   2.62 0.189000000000
145.041667 145.083333  119.282  59.78  126.086  63.19  115.890  58.08   3.153   1.58 0.189000000000
145.083333 145.125000  127.043  63.67  132.311  66.31  119.282  59.78   3.751   1.88 0.189000000000
145.125000 145.166667  127.981  64.14  131.713  66.01  125.567  62.93   1.856   0.93 0.188189000000
145.166667 145.208333  130.475  65.39  132.930  66.62  127.223  63.76   2.175   1.09 0.188189000000
145.208333 145.250000  125.527  62.91  130.416  65.36  118.463  59.37   3.452   1.73 0.188189000000
145.250000 145.291667  108.906  54.58  127.482  63.89   94.240  47.23  11.792   5.91 0.188189000000
145.291667 145.333333  116.049  58.16  125.427  62.86   95.876  48.05  10.496   5.26 0.189188000000
145.333333 145.375000  115.969  58.12  123.232  61.76  109.365  54.81   4.968   2.49 0.188189000000
145.375000 145.416667  110.422  55.34  113.256  56.76  106.831  53.54   2.175   1.09 0.188189000000
145.416667 145.458333  106.731  53.49  109.704  54.98  102.201  51.22   2.035   1.02 0.188189000000
145.458333 145.500000  108.427  54.34  111.560  55.91  106.691  53.47   1.477   0.74 0.188000000000
145.500000 145.541667  112.038  56.15  113.555  56.91  110.323  55.29   1.177   0.59 0.188000000000
145.541667 145.583333  110.622  55.44  113.834  57.05  108.946  54.60   1.556   0.78 0.000000000000
145.583333 145.625000  107.449  53.85  108.906  54.58  106.033  53.14   1.077   0.54 0.188000000000
145.625000 145.666667  122.095  61.19  133.109  66.71  114.333  57.30   6.984   3.50 0.000000000000
145.666667 145.708333  134.686  67.50  140.871  70.60  129.478  64.89   4.430   2.22 0.189000000000
145.708333 145.750000  128.700  64.50  130.156  65.23  126.804  63.55   1.157   0.58 0.189000000000
145.750000 145.791667 9999.999 999.99 9999.999 999.99 9999.999 999.99 999.999 999.99 0.189456000000
145.791667 145.833333  136.402  68.36  143.345  71.84  128.819  64.56   5.348   2.68 0.189000000000
145.833333 145.875000  130.436  65.37  132.112  66.21  128.759  64.53   0.918   0.46 0.189000000000
145.875000 145.916667  126.604  63.45  131.433  65.87  123.971  62.13   1.916   0.96 0.189000000000
145.916667 145.958333  129.717  65.01  136.980  68.65  124.789  62.54   4.430   2.22 0.189000000000
145.958333 146.000000  124.889  62.59  131.832  66.07  119.222  59.75   3.472   1.74 0.189000000000
146.000000 146.041667  126.006  63.15  133.069  66.69  121.457  60.87   3.711   1.86 0.189000000000
146.041667 146.083333  120.858  60.57  123.212  61.75  117.645  58.96   1.736   0.87 0.189000000000
146.083333 146.125000  117.167  58.72  119.182  59.73  115.490  57.88   1.058   0.53 0.189000000000
146.125000 146.166667  119.581  59.93  121.636  60.96  117.426  58.85   1.297   0.65 0.189000000000
146.166667 146.208333  122.833  61.56  124.749  62.52  120.279  60.28   1.337   0.67 0.189000000000
146.208333 146.250000  120.040  60.16  126.604  63.45  107.270  53.76   5.248   2.63 0.189000000000
146.250000 146.291667  112.477  56.37  122.534  61.41  104.835  52.54   5.008   2.51 0.189000000000
146.291667 146.333333  104.596  52.42  105.454  52.85  102.581  51.41   0.898   0.45 0.189000000000
146.333333 146.375000  103.997  52.12  110.901  55.58  101.004  50.62   3.572   1.79 0.189000000000
146.375000 146.416667  117.127  58.70  120.000  60.14  113.256  56.76   2.195   1.10 0.189000000000
146.416667 146.458333  114.493  57.38  121.536  60.91  108.906  54.58   4.190   2.10 0.189000000000
146.458333 146.500000  115.989  58.13  119.142  59.71  113.236  56.75   1.916   0.96 0.000000000000
146.500000 146.541667  108.527  54.39  112.038  56.15  104.795  52.52   2.594   1.30 0.000000000000
146.541667 146.583333  105.753  53.00  107.469  53.86  104.456  52.35   0.898   0.45 0.000000000000
146.583333 146.625000  105.833  53.04  109.165  54.71  102.561  51.40   1.916   0.96 0.000000000000
146.625000 146.666667  109.903  55.08  113.495  56.88  104.676  52.46   3.013   1.51 0.000000000000
146.666667 146.708333  122.275  61.28  129.657  64.98  114.932  57.60   5.128   2.57 0.189000000000
146.708333 146.750000  120.758  60.52  127.363  63.83  107.808  54.03   7.822   3.92 0.189000000000
146.750000 146.791667  109.085  54.67  118.962  59.62  105.314  52.78   3.771   1.89 0.189000000000
