ozone_datasets/Ebas_221019_1549/US1200R.20100526050000.20181119131153.uv_abs.ozone.air.7mo.1h.US06L_Thermo_49C_MLO.US06L_AM.lev2.nas
86 1001
McClure-Begley, Audra; Petropavlovskikh, Irina
US06L, National Oceanic and Atmospheric Administration, NOAA/ESRL/GMD, "Earth System Research Laboratory, Global Monitoring Division", 325 Broadway, , CO 80305-3, Boulder, U.S.A.
McClure-Begley, Audra
GAW-WDCRG NOAA-ESRL
1 1
2010 01 01 2018 11 19
0.041667
days from file reference point
10
1 1 1 1 1 1 1 1 1 1
999.999999 9999.999 999.99 9999.999 999.99 9999.999 999.99 999.999 999.99 9.999999999999999
end_time of measurement, days from the file reference point
ozone, ug/m3, Statistics=arithmetic mean, Volume std. temperature=293.15 K, Volume std. pressure=1013.25 hPa, Detection limit=1.995 ug/m3, Measurement uncertainty=1.995 ug/m3, Measurement uncertainty expl.=includes statistical uncertainty of individual sample and calibration uncertainty, "Comment=Data converted on import into EBAS from 'nmol/mol' to 'ug/m3' at 293.15 K, 1013.25 hPa, conversion factor 1.99534."
ozone, nmol/mol, Statistics=arithmetic mean, Detection limit=1.0 nmol/mol, Measurement uncertainty=1.0 nmol/mol, Measurement uncertainty expl.=includes statistical uncertainty of individual sample and calibration uncertainty, "Comment=Data converted on import into EBAS from 'nmol/mol' to 'ug/m3' at 293.15 K, 1013.25 hPa, conversion factor 1.99534. -- Data converted on export from EBAS from 'ug/m3' at 293.15 K, 1013.25 hPa to 'nmol/mol', conversion factor 0.5012. Measurement uncertainty converted from '1.995 ug/m3' at 293.15 K, 1013.25 hPa to '1.0 nmol/mol', conversion factor 0.5012. Detection limit converted from '1.995 ug/m3' at 293.15 K, 1013.25 hPa to '1.0 nmol/mol', conversion factor 0.5012."
ozone, ug/m3, Statistics=maximum, Volume std. temperature=293.15 K, Volume std. pressure=1013.25 hPa, Detection limit=1.995 ug/m3, "Comment=Data converted on import into EBAS from 'nmol/mol' to 'ug/m3' at 293.15 K, 1013.25 hPa, conversion factor 1.99534. Detection limit converted from '1.0 nmol/mol' to '1.995 ug/m3' at 293.15 K, 1013.25 hPa, conversion factor 1.99534."
ozone, nmol/mol, Statistics=maximum, Detection limit=1.0 nmol/mol, "Comment=Data converted on import into EBAS from 'nmol/mol' to 'ug/m3' at 293.15 K, 1013.25 hPa, conversion factor 1.99534. Detection limit converted from '1.0 nmol/mol' to '1.995 ug/m3' at 293.15 K, 1013.25 hPa, conversion factor 1.99534. -- Data converted on export from EBAS from 'ug/m3' at 293.15 K, 1013.25 hPa to 'nmol/mol', conversion factor 0.5012. Detection limit converted from '1.995 ug/m3' at 293.15 K, 1013.25 hPa to '1.0 nmol/mol', conversion factor 0.5012."
ozone, ug/m3, Statistics=minimum, Volume std. temperature=293.15 K, Volume std. pressure=1013.25 hPa, Detection limit=1.995 ug/m3, "Comment=Data converted on import into EBAS from 'nmol/mol' to 'ug/m3' at 293.15 K, 1013.25 hPa, conversion factor 1.99534. Detection limit converted from '1.0 nmol/mol' to '1.995 ug/m3' at 293.15 K, 1013.25 hPa, conversion factor 1.99534."
[...]
Inlet type:                   Hat or hood
Inlet description:            Downward Facing, teflon inlet bell
Inlet tube material:          Teflon
Inlet tube outer diameter:    6.35 mm
Inlet tube inner diameter:    4.76 mm
Inlet tube length:            7.0 m
Flow rate:                    0.9 l/min
Humidity/temperature control description: Automatic
Zero/negative values code:    Zero/negative possible
Zero/negative values:         Zero and neg. values may appear due to statistical variations at very low concentrations
Absorption cross section:     Hearn, 1961 cm2
QA1 measure ID:               US06L_reference_calibration_20070630
QA1 date:                     20100101
QA1 outcome:                  pass
Originator:                   "McClure-Begley, Audra, Audra.mcclure@noaa.gov, National Oceanic and Atmospheric Administration/Earth System Research Laboratory/Global Monitoring Division, NOAA/ESRL/GMD, , 325 Broadway, , 80305, ""Boulder, CO"", USA"
Originator:                   "Petropavlovskikh, Irina, Irina.petro@noaa.gov, National Oceanic and Atmospheric Administration/Earth System Research Laboratory/Global Monitoring Division, NOAA/ESRL/GMD, , 325 Broadway, , 80305, ""Boulder, CO"", USA"
Submitter:                    "McClure-Begley, Audra, Audra.mcclure@noaa.gov, National Oceanic and Atmospheric Administration/Earth System Research Laboratory/Global Monitoring Division, NOAA/ESRL/GMD, , 325 Broadway, , 80305, ""Boulder, CO"", USA"
Acknowledgement:              "Request Acknowledgement details from data originator. http://dx.doi.org/10.7289/V57P8WBF"
starttime endtime O3 O3 O3 O3 O3 O3 O3 O3 flag
[from data line 3107]
274.666667 274.708333   40.505  20.30   43.079  21.59   39.069  19.58   1.077   0.54 0.000000000000000
274.708333 274.750000   41.523  20.81   44.037  22.07   39.149  19.62   1.357   0.68 0.189000000000000
274.750000 274.791667   40.924  20.51   42.082  21.09   39.907  20.00   0.678   0.34 0.189000000000000
274.791667 274.833333   41.882  20.99   43.119  21.61   39.667  19.88   0.938   0.47 0.189000000000000
274.833333 274.875000   47.230  23.67   59.341  29.74   42.042  21.07   6.525   3.27 0.189000000000000
274.875000 274.916667  108.387  54.32  132.571  66.44   79.115  39.65  14.307   7.17 0.189000000000000
274.916667 274.958333  110.043  55.15  140.412  70.37   79.574  39.88  22.507  11.28 0.189000000000000
274.958333 275.000000  126.704  63.50  135.344  67.83  108.008  54.13   8.201   4.11 0.189000000000000
275.000000 275.041667  116.309  58.29  129.558  64.93  100.825  50.53   9.757   4.89 0.189000000000000
275.041667 275.083333  133.089  66.70  137.639  68.98  128.101  64.20   2.933   1.47 0.189000000000000
275.083333 275.125000  115.271  57.77  124.430  62.36  106.731  53.49   5.507   2.76 0.188189000000000
275.125000 275.166667  105.254  52.75  113.096  56.68  100.166  50.20   4.031   2.02 0.189000000000000
275.166667 275.208333  104.217  52.23  108.826  54.54   94.180  47.20   4.031   2.02 0.189000000000000
275.208333 275.250000   87.655  43.93   91.167  45.69   80.971  40.58   3.213   1.61 0.189000000000000
275.250000 275.291667   89.411  44.81   96.096  48.16   82.667  41.43   4.609   2.31 0.189188000000000
275.291667 275.333333   77.399  38.79   80.552  40.37   73.269  36.72   2.235   1.12 0.000000000000000
275.333333 275.375000   78.297  39.24   86.598  43.40   73.628  36.90   3.592   1.80 0.188189000000000
275.375000 275.416667   76.422  38.30   83.665  41.93   72.810  36.49   3.272   1.64 0.000000000000000
275.416667 275.458333   77.260  38.72   80.313  40.25   74.346  37.26   1.995   1.00 0.000000000000000
275.458333 275.500000   82.547  41.37   84.124  42.16   80.871  40.53   1.077   0.54 0.000000000000000
275.500000 275.541667   83.006  41.60   86.418  43.31   80.891  40.54   1.916   0.96 0.000000000000000
275.541667 275.583333   86.319  43.26   94.859  47.54   80.851  40.52   4.909   2.46 0.000000000000000
275.583333 275.625000   91.566  45.89   97.612  48.92   87.296  43.75   3.193   1.60 0.000000000000000
275.625000 275.666667   94.080  47.15  100.665  50.45   92.205  46.21   2.374   1.19 0.000000000000000
275.666667 275.708333  101.084  50.66  105.334  52.79   98.430  49.33   1.935   0.97 0.000000000000000
275.708333 275.750000  107.369  53.81  114.772  57.52  101.723  50.98   3.871   1.94 0.000000000000000
275.750000 275.791667  118.264  59.27  123.073  61.68  112.218  56.24   3.671   1.84 0.000000000000000
275.791667 275.833333  108.866  54.56  113.256  56.76  100.964  50.60   4.090   2.05 0.000000000000000
275.833333 275.875000  105.653  52.95  107.369  53.81  103.059  51.65   1.397   0.70 0.000000000000000
275.875000 275.916667  100.984  50.61  106.013  53.13   90.948  45.58   4.310   2.16 0.000000000000000
275.916667 275.958333   90.369  45.29   93.582  46.90   88.733  44.47   1.596   0.80 0.000000000000000
275.958333 276.000000   94.659  47.44   98.031  49.13   92.065  46.14   1.716   0.86 0.000000000000000
276.000000 276.041667 9999.999 999.99 9999.999 999.99 9999.999 999.99 999.999 999.99 0.456000000000000
276.041667 276.083333 9999.999 999.99 9999.999 999.99 9999.999 999.99 999.999 999.99 0.456000000000000
276.083333 276.125000 9999.999 999.99 9999.999 999.99 9999.999 999.99 999.999 999.99 0.456000000000000
276.125000 276.166667  101.064  50.65  104.436  52.34   97.772  49.00   2.255   1.13 0.000000000000000
276.166667 276.208333  101.962  51.10  106.671  53.46   94.879  47.55   3.791   1.90 0.000000000000000
276.208333 276.250000   95.597  47.91  102.561  51.40   92.544  46.38   2.833   1.42 0.189188000000000
276.250000 276.291667   97.632  48.93  101.663  50.95   94.839  47.53   2.255   1.13 0.189188000000000
276.291667 276.333333  107.170  53.71  114.034  57.15  102.441  51.34   3.472   1.74 0.000000000000000
276.333333 276.375000  108.607  54.43  113.495  56.88  102.022  51.13   3.751   1.88 0.000000000000000
276.375000 276.416667   97.672  48.95   98.510  49.37   96.315  48.27   0.658   0.33 0.392000000000000
276.416667 276.458333 9999.999 999.99 9999.999 999.99 9999.999 999.99 999.999 999.99 0.999000000000000
276.458333 276.500000 9999.999 999.99 9999.999 999.99 9999.999 999.99 999.999 999.99 0.999000000000000
276.500000 276.541667 9999.999 999.99 9999.999 999.99 9999.999 999.99 999.999 999.99 0.999000000000000
276.541667 276.583333   57.346  28.74   60.299  30.22   52.517  26.32   2.574   1.29 0.000000000000000
276.583333 276.625000   61.038  30.59   64.908  32.53   57.386  28.76   1.816   0.91 0.000000000000000
276.625000 276.666667   63.013  31.58   65.487  32.82   58.563  29.35   1.975   0.99 0.000000000000000
276.666667 276.708333   54.772  27.45   61.556  30.85   50.662  25.39   3.153   1.58 0.000000000000000
276.708333 276.750000   59.042  29.59   65.387  32.77   52.757  26.44   3.512   1.76 0.000000000000000
276.750000 276.791667   92.364  46.29  107.689  53.97   53.495  26.81  19.315   9.68 0.000000000000000
276.791667 276.833333  109.604  54.93  111.639  55.95  107.669  53.96   1.297   0.65 0.000000000000000
276.833333 276.875000  108.387  54.32  110.323  55.29  106.571  53.41   1.237   0.62 0.189000000000000
276.875000 276.916667  112.178  56.22  112.916  56.59  111.320  55.79   0.499   0.25 0.189188000000000
276.916667 276.958333  107.150  53.70  115.111  57.69   92.145  46.18   5.527   2.77 0.188189000000000
276.958333 277.000000   51.081  25.60   65.906  33.03   43.099  21.60   6.704   3.36 0.188189000000000
277.000000 277.041667   40.007  20.05   41.723  20.91   37.492  18.79   1.297   0.65 0.189188000000000
277.041667 277.083333   42.002  21.05   48.826  24.47   38.530  19.31   3.213   1.61 0.188189000000000
277.083333 277.125000   59.262  29.70   87.296  43.75   44.037  22.07  18.138   9.09 0.189188000000000
277.125000 277.166667   86.079  43.14   87.935  44.07   83.804  42.00   1.516   0.76 0.188189000000000
277.166667 277.208333   84.603  42.40   87.117  43.66   77.818  39.00   2.614   1.31 0.188189000000000
277.208333 277.250000   94.859  47.54  101.962  51.10   89.830  45.02   4.130   2.07 0.000000000000000
277.250000 277.291667   96.994  48.61  102.700  51.47   91.047  45.63   4.210   2.11 0.000000000000000
277.291667 277.333333   89.611  44.91   91.766  45.99   85.361  42.78   1.896   0.95 0.000000000000000
277.333333 277.375000 9999.999 999.99 9999.999 999.99 9999.999 999.99 999.999 999.99 0.456000000000000
277.375000 277.416667 9999.999 999.99 9999.999 999.99 9999.999 999.99 999.999 999.99 0.456000000000000
277.416667 277.458333   50.742  25.43   54.892  27.51   46.831  23.47   2.933   1.47 0.000000000000000
277.458333 277.500000   48.646  24.38   50.342  25.23   46.092  23.10   1.576   0.79 0.000000000000000
277.500000 277.541667   42.920  21.51   48.048  24.08   35.757  17.92   4.609   2.31 0.189188000000000
277.541667 277.583333   39.089  19.59   42.142  21.12   36.734  18.41   1.816   0.91 0.188189000000000
277.583333 277.625000   40.984  20.54   42.760  21.43   40.166  20.13   0.778   0.39 0.000000000000000
277.625000 277.666667   41.004  20.55   42.281  21.19   39.947  20.02   0.778   0.39 0.189188000000000
277.666667 277.708333   39.707  19.90   41.723  20.91   36.395  18.24   1.756   0.88 0.189188000000000
277.708333 277.750000   40.745  20.42   44.117  22.11   39.707  19.90   1.177   0.59 0.189188000000000
277.750000 277.791667   40.106  20.10   41.663  20.88   37.832  18.96   1.137   0.57 0.189188000000000
277.791667 277.833333   45.374  22.74   52.218  26.17   41.543  20.82   3.372   1.69 0.188189000000000
277.833333 277.875000 9999.999 999.99 9999.999 999.99 9999.999 999.99 999.999 999.99 0.456189000000000
277.875000 277.916667   54.014  27.07   58.483  29.31   51.759  25.94   2.335   1.17 0.189000000000000
277.916667 277.958333   52.158  26.14   53.455  26.79   50.602  25.36   0.978   0.49 0.189000000000000
277.958333 278.000000   54.453  27.29   57.725  28.93   51.320  25.72   2.434   1.22 0.189000000000000
278.000000 278.041667   57.326  28.73   58.045  29.09   56.588  28.36   0.519   0.26 0.188189000000000
278.041667 278.083333   58.384  29.26   58.783  29.46   57.865  29.00   0.279   0.14 0.189188000000000
278.083333 278.125000   57.685  28.91   58.623  29.38   56.568  28.35   0.698   0.35 0.189188000000000
278.125000 278.166667   54.992  27.56   55.730  27.93   54.194  27.16   0.439   0.22 0.189000000000000
278.166667 278.208333   54.054  27.09   55.949  28.04   53.176  26.65   0.758   0.38 0.189188000000000
278.208333 278.250000   52.039  26.08   52.677  26.40   51.161  25.64   0.459   0.23 0.189188000000000
278.250000 278.291667   53.575  26.85   54.652  27.39   51.859  25.99   0.958   0.48 0.189188000000000
278.291667 278.333333   54.772  27.45   58.164  29.15   52.218  26.17   1.995   1.00 0.188000000000000
278.333333 278.375000   58.025  29.08   60.000  30.07   54.652  27.39   1.656   0.83 0.188000000000000
278.375000 278.416667   53.635  26.88   60.559  30.35   51.181  25.65   2.594   1.30 0.000000000000000
278.416667 278.458333   56.448  28.29   59.481  29.81   53.914  27.02   1.616   0.81 0.000000000000000
278.458333 278.500000   56.069  28.10   58.164  29.15   54.433  27.28   1.038   0.52 0.000000000000000
278.500000 278.541667   62.035  31.09   66.565  33.36   59.481  29.81   1.975   0.99 0.000000000000000
278.541667 278.583333   64.849  32.50   70.954  35.56   60.439  30.29   3.332   1.67 0.000000000000000
278.583333 278.625000   67.722  33.94   73.528  36.85   63.372  31.76   2.634   1.32 0.000000000000000
278.625000 278.666667   66.245  33.20   70.296  35.23   64.609  32.38   1.656   0.83 0.000000000000000
278.666667 278.708333   74.546  37.36   88.194  44.20   64.190  32.17   8.660   4.34 0.000000000000000
278.708333 278.750000   80.352  40.27  100.126  50.18   71.992  36.08   9.618   4.82 0.189000000000000
278.750000 278.791667  107.030  53.64  112.577  56.42  103.518  51.88   3.252   1.63 0.188189000000000
278.791667 278.833333  112.058  56.16  115.291  57.78  110.123  55.19   1.477   0.74 0.188189000000000
278.833333 278.875000  114.413  57.34  115.451  57.86  111.739  56.00   1.337   0.67 0.189000000000000
278.875000 278.916667  112.398  56.33  116.169  58.22  110.402  55.33   1.836   0.92 0.189000000000000
278.916667 278.958333  103.478  51.86  107.270  53.76   98.750  49.49   3.213   1.61 0.189000000000000
278.958333 279.000000   88.613  44.41   93.342  46.78   85.261  42.73   2.295   1.15 0.189000000000000
279.000000 279.041667   89.930  45.07   92.783  46.50   88.533  44.37   1.257   0.63 0.189188000000000
279.041667 279.083333   96.595  48.41  102.960  51.60   94.140  47.18   2.993   1.50 0.189000000000000
279.083333 279.125000  103.219  51.73  104.736  52.49  101.603  50.92   1.018   0.51 0.188189000000000
279.125000 279.166667  106.751  53.50  108.567  54.41  103.917  52.08   1.676   0.84 0.189188000000000
279.166667 279.208333  111.779  56.02  114.493  57.38  108.447  54.35   1.876   0.94 0.189000000000000
279.208333 279.250000  116.049  58.16  118.344  59.31  114.513  57.39   1.437   0.72 0.000000000000000
279.250000 279.291667  121.476  60.88  125.387  62.84  118.743  59.51   2.155   1.08 0.000000000000000
279.291667 279.333333  128.380  64.34  132.012  66.16  126.764  63.53   1.457   0.73 0.000000000000000
279.333333 279.375000  137.479  68.90  139.734  70.03  134.805  67.56   1.457   0.73 0.000000000000000
279.375000 279.416667  125.248  62.77  134.227  67.27  115.949  58.11   5.088   2.55 0.000000000000000
279.416667 279.458333  116.608  58.44  120.978  60.63  110.283  55.27   3.691   1.85 0.000000000000000
279.458333 279.500000   97.113  48.67  102.561  51.40   92.065  46.14   2.973   1.49 0.000000000000000
279.500000 279.541667   82.966  41.58   90.748  45.48   78.736  39.46   3.472   1.74 0.000000000000000
279.541667 279.583333   73.648  36.91   78.098  39.14   71.353  35.76   2.135   1.07 0.000000000000000
279.583333 279.625000   71.613  35.89   73.967  37.07   69.318  34.74   1.197   0.60 0.000000000000000
279.625000 279.666667   68.440  34.30   69.438  34.80   67.323  33.74   0.718   0.36 0.000000000000000
279.666667 279.708333   69.159  34.66   71.393  35.78   67.383  33.77   1.297   0.65 0.000000000000000
279.708333 279.750000   67.762  33.96   72.032  36.10   66.644  33.40   1.477   0.74 0.000000000000000
279.750000 279.791667   71.633  35.90   81.530  40.86   67.862  34.01   4.968   2.49 0.189000000000000
279.791667 279.833333   83.485  41.84   90.768  45.49   68.261  34.21   6.984   3.50 0.189000000000000
279.833333 279.875000   93.781  47.00   98.051  49.14   91.566  45.89   2.035   1.02 0.189000000000000
279.875000 279.916667   94.041  47.13   96.954  48.59   91.766  45.99   1.497   0.75 0.189000000000000
279.916667 279.958333   95.158  47.69   96.515  48.37   93.981  47.10   0.758   0.38 0.189000000000000
279.958333 280.000000   95.717  47.97   97.752  48.99   94.859  47.54   0.858   0.43 0.189000000000000
280.000000 280.041667  101.403  50.82  104.616  52.43   98.470  49.35   1.796   0.90 0.189000000000000
280.041667 280.083333  103.878  52.06  104.516  52.38  103.059  51.65   0.379   0.19 0.189000000000000
280.083333 280.125000  101.822  51.03  104.037  52.14   97.951  49.09   1.716   0.86 0.189000000000000
280.125000 280.166667   92.504  46.36   96.934  48.58   89.212  44.71   2.813   1.41 0.189188000000000
280.166667 280.208333   88.653  44.43   90.070  45.14   87.356  43.78   0.858   0.43 0.188189000000000
280.208333 280.250000   91.886  46.05   95.976  48.10   85.640  42.92   3.153   1.58 0.188189000000000
280.250000 280.291667   97.632  48.93  101.623  50.93   92.105  46.16   2.714   1.36 0.188000000000000
280.291667 280.333333   98.011  49.12  101.403  50.82   94.899  47.56   2.355   1.18 0.188000000000000
280.333333 280.375000  102.321  51.28  103.678  51.96  101.164  50.70   0.798   0.40 0.000000000000000
280.375000 280.416667  100.765  50.50  103.199  51.72   98.610  49.42   1.636   0.82 0.188000000000000
280.416667 280.458333   96.575  48.40  100.525  50.38   89.052  44.63   4.031   2.02 0.000000000000000
280.458333 280.500000   82.707  41.45   87.775  43.99   77.339  38.76   3.452   1.73 0.000000000000000
280.500000 280.541667   72.850  36.51   77.519  38.85   68.979  34.57   2.853   1.43 0.000000000000000
280.541667 280.583333   67.223  33.69   69.418  34.79   65.707  32.93   1.117   0.56 0.000000000000000
280.583333 280.625000   63.193  31.67   64.809  32.48   61.317  30.73   1.038   0.52 0.188000000000000
280.625000 280.666667   62.275  31.21   62.913  31.53   61.536  30.84   0.559   0.28 0.188000000000000
280.666667 280.708333   63.871  32.01   64.729  32.44   62.734  31.44   0.579   0.29 0.000000000000000
280.708333 280.750000   65.567  32.86   67.822  33.99   64.410  32.28   1.117   0.56 0.188189000000000
280.750000 280.791667   68.999  34.58   74.446  37.31   64.709  32.43   3.412   1.71 0.189188000000000
280.791667 280.833333   76.282  38.23   83.445  41.82   69.498  34.83   4.490   2.25 0.189188000000000
280.833333 280.875000   83.126  41.66   88.553  44.38   80.173  40.18   2.355   1.18 0.188189000000000
280.875000 280.916667   92.265  46.24  100.845  50.54   90.030  45.12   2.873   1.44 0.188189000000000
280.916667 280.958333  104.376  52.31  106.352  53.30  101.703  50.97   1.257   0.63 0.189000000000000
280.958333 281.000000  104.137  52.19  105.374  52.81  103.099  51.67   0.758   0.38 0.189000000000000
281.000000 281.041667  104.736  52.49  105.873  53.06  103.139  51.69   0.858   0.43 0.189000000000000
281.041667 281.083333  105.474  52.86  106.272  53.26  103.439  51.84   0.858   0.43 0.188189000000000
281.083333 281.125000  105.594  52.92  111.779  56.02  103.897  52.07   2.075   1.04 0.188189000000000
