ozone_datasets/Ebas_221019_1549/US1200R.20140101000000.20180129171638.uv_abs.ozone.air.1y.1h.US06L_Thermo_49C_MLO.US06L_AM.lev2.nas
86 1001
McClure-Begley, Audra; Petropavlovskikh, Irina
US06L, National Oceanic and Atmospheric Administration, NOAA/ESRL/GMD, "Earth System Research Laboratory, Global Monitoring Division", 325 Broadway, , CO 80305-3, Boulder, U.S.A.
McClure-Begley, Audra
GAW-WDCRG NOAA-ESRL
1 1
2014 01 01 2018 01 29
0.041667
days from file reference point
10
1 1 1 1 1 1 1 1 1 1
999.999999 9999.999 999.99 9999.999 999.99 9999.999 999.99 999.999 999.99 9.999999999999999
end_time of measurement, days from the file reference point
ozone, ug/m3, Statistics=arithmetic mean, Volume std. temperature=293.15 K, Volume std. pressure=1013.25 hPa, Detection limit=1.995 ug/m3, Measurement uncertainty=1.995 ug/m3, Measurement uncertainty expl.=includes statistical uncertainty of individual sample and calibration uncertainty, "Comment=Data converted on import into EBAS from 'nmol/mol' to 'ug/m3' at 293.15 K, 1013.25 hPa, conversion factor 1.99534."
ozone, nmol/mol, Statistics=arithmetic mean, Detection limit=1.0 nmol/mol, Measurement uncertainty=1.0 nmol/mol, Measurement uncertainty expl.=includes statistical uncertainty of individual sample and calibration uncertainty, "Comment=Data converted on import into EBAS from 'nmol/mol' to 'ug/m3' at 293.15 K, 1013.25 hPa, conversion factor 1.99534. -- Data converted on export from EBAS from 'ug/m3' at 293.15 K, 1013.25 hPa to 'nmol/mol', conversion factor 0.5012. Measurement uncertainty converted from '1.995 ug/m3' at 293.15 K, 1013.25 hPa to '1.0 nmol/mol', conversion factor 0.5012. Detection limit converted from '1.995 ug/m3' at 293.15 K, 1013.25 hPa to '1.0 nmol/mol', conversion factor 0.5012."
ozone, ug/m3, Statistics=maximum, Volume std. temperature=293.15 K, Volume std. pressure=1013.25 hPa, Detection limit=1.995 ug/m3, "Comment=Data converted on import into EBAS from 'nmol/mol' to 'ug/m3' at 293.15 K, 1013.25 hPa, conversion factor 1.99534. Detection limit converted from '1.0 nmol/mol' to '1.995 ug/m3' at 293.15 K, 1013.25 hPa, conversion factor 1.99534."
ozone, nmol/mol, Statistics=maximum, Detection limit=1.0 nmol/mol, "Comment=Data converted on import into EBAS from 'nmol/mol' to 'ug/m3' at 293.15 K, 1013.25 hPa, conversion factor 1.99534. Detection limit converted from '1.0 nmol/mol' to '1.995 ug/m3' at 293.15 K, 1013.25 hPa, conversion factor 1.99534. -- Data converted on export from EBAS from 'ug/m3' at 293.15 K, 1013.25 hPa to 'nmol/mol', conversion factor 0.5012. Detection limit converted from '1.995 ug/m3' at 293.15 K, 1013.25 hPa to '1.0 nmol/mol', conversion factor 0.5012."
ozone, ug/m3, Statistics=minimum, Volume std. temperature=293.15 K, Volume std. pressure=1013.25 hPa, Detection limit=1.995 ug/m3, "Comment=Data converted on import into EBAS from 'nmol/mol' to 'ug/m3' at 293.15 K, 1013.25 hPa, conversion factor 1.99534. Detection limit converted from '1.0 nmol/mol' to '1.995 ug/m3' at 293.15 K, 1013.25 hPa, conversion factor 1.99534."
[...]
Inlet type:                   Hat or hood
Inlet description:            Downward Facing, teflon inlet bell
Inlet tube material:          Teflon
Inlet tube outer diameter:    6.35 mm
Inlet tube inner diameter:    4.76 mm
Inlet tube length:            7.0 m
Flow rate:                    1.0 l/min
Humidity/temperature control description: Automatic
Zero/negative values code:    Zero/negative possible
Zero/negative values:         Zero and neg. values may appear due to statistical variations at very low concentrations
Absorption cross section:     Hearn, 1961 cm2
QA1 measure ID:               US06L_reference_calibration_20070630
QA1 date:                     20100101
QA1 outcome:                  pass
Originator:                   "McClure-Begley, Audra, Audra.mcclure@noaa.gov, National Oceanic and Atmospheric Administration/Earth System Research Laboratory/Global Monitoring Division, NOAA/ESRL/GMD, , 325 Broadway, , 80305, ""Boulder, CO"", USA"
Originator:                   "Petropavlovskikh, Irina, Irina.petro@noaa.gov, National Oceanic and Atmospheric Administration/Earth System Research Laboratory/Global Monitoring Division, NOAA/ESRL/GMD, , 325 Broadway, , 80305, ""Boulder, CO"", USA"
Submitter:                    "McClure-Begley, Audra, Audra.mcclure@noaa.gov, National Oceanic and Atmospheric Administration/Earth System Research Laboratory/Global Monitoring Division, NOAA/ESRL/GMD, , 325 Broadway, , 80305, ""Boulder, CO"", USA"
Acknowledgement:              "Request Acknowledgement details from data originator. http://dx.doi.org/10.7289/V57P8WBF"
starttime endtime O3 O3 O3 O3 O3 O3 O3 O3 flag
[from data line 6525]
271.875000 271.916667   55.910  28.02   57.087  28.61   54.892  27.51   0.698   0.35 0.189000000000000
271.916667 271.958333   53.655  26.89   55.071  27.60   50.522  25.32   1.297   0.65 0.189000000000000
271.958333 272.000000   49.445  24.78   50.961  25.54   48.247  24.18   0.838   0.42 0.189000000000000
272.000000 272.041667   55.131  27.63   61.676  30.91   49.365  24.74   4.569   2.29 0.188189000000000
272.041667 272.083333   55.810  27.97   59.361  29.75   51.979  26.05   2.335   1.17 0.188189000000000
272.083333 272.125000   60.638  30.39   71.593  35.88   47.310  23.71   9.797   4.91 0.189188000000000
272.125000 272.166667   52.318  26.22   55.710  27.92   49.325  24.72   1.776   0.89 0.189188000000000
272.166667 272.208333   72.790  36.48   81.530  40.86   51.380  25.75   9.657   4.84 0.189000000000000
272.208333 272.250000   76.801  38.49   80.013  40.10   69.538  34.85   3.193   1.60 0.189000000000000
272.250000 272.291667   77.778  38.98   82.687  41.44   71.992  36.08   2.873   1.44 0.000000000000000
272.291667 272.333333   89.770  44.99   95.058  47.64   82.906  41.55   3.911   1.96 0.000000000000000
272.333333 272.375000   93.941  47.08   94.879  47.55   92.803  46.51   0.599   0.30 0.000000000000000
272.375000 272.416667   92.783  46.50   94.659  47.44   90.908  45.56   1.097   0.55 0.000000000000000
272.416667 272.458333   85.500  42.85   89.431  44.82   80.911  40.55   2.434   1.22 0.000000000000000
272.458333 272.500000   75.085  37.63   78.078  39.13   70.555  35.36   1.836   0.92 0.000000000000000
272.500000 272.541667   70.116  35.14   72.571  36.37   67.742  33.95   1.417   0.71 0.000000000000000
272.541667 272.583333   67.742  33.95   68.400  34.28   66.664  33.41   0.579   0.29 0.000000000000000
272.583333 272.625000   71.353  35.76   74.546  37.36   65.687  32.92   2.793   1.40 0.000000000000000
272.625000 272.666667   74.646  37.41   75.883  38.03   73.548  36.86   0.738   0.37 0.000000000000000
272.666667 272.708333   74.726  37.45   77.499  38.84   73.508  36.84   1.257   0.63 0.189188000000000
272.708333 272.750000   75.424  37.80   78.377  39.28   74.067  37.12   1.397   0.70 0.189188000000000
272.750000 272.791667   71.094  35.63   81.809  41.00   60.459  30.30   7.822   3.92 0.188189394000000
272.791667 272.833333   64.709  32.43   69.837  35.00   62.674  31.41   2.035   1.02 0.189188000000000
272.833333 272.875000   64.889  32.52   66.664  33.41   62.295  31.22   1.377   0.69 0.189188000000000
272.875000 272.916667   56.947  28.54   61.437  30.79   52.497  26.31   3.193   1.60 0.188189000000000
272.916667 272.958333   53.934  27.03   56.348  28.24   51.779  25.95   1.437   0.72 0.189188000000000
272.958333 273.000000   55.550  27.84   57.586  28.86   54.852  27.49   0.898   0.45 0.189392000000000
273.000000 273.041667   58.444  29.29   60.000  30.07   57.326  28.73   1.117   0.56 0.390189000000000
273.041667 273.083333   58.324  29.23   60.858  30.50   57.246  28.69   1.058   0.53 0.189188000000000
273.083333 273.125000   58.464  29.30   59.800  29.97   57.606  28.87   0.599   0.30 0.188189000000000
273.125000 273.166667   61.896  31.02   66.944  33.55   57.765  28.95   3.093   1.55 0.188189000000000
273.166667 273.208333   63.532  31.84   67.762  33.96   55.650  27.89   4.110   2.06 0.188189000000000
273.208333 273.250000   62.235  31.19   68.660  34.41   54.932  27.53   4.909   2.46 0.188189000000000
273.250000 273.291667   68.879  34.52   70.994  35.58   66.984  33.57   1.137   0.57 0.188189000000000
273.291667 273.333333   69.657  34.91   70.775  35.47   68.740  34.45   0.658   0.33 0.188000000000000
273.333333 273.375000   67.682  33.92   68.680  34.42   67.004  33.58   0.539   0.27 0.000000000000000
273.375000 273.416667   67.482  33.82   68.620  34.39   66.425  33.29   0.599   0.30 0.000000000000000
273.416667 273.458333   70.276  35.22   71.154  35.66   69.179  34.67   0.579   0.29 0.188189000000000
273.458333 273.500000   73.488  36.83   74.646  37.41   72.710  36.44   0.579   0.29 0.189188000000000
273.500000 273.541667   74.905  37.54   76.601  38.39   73.708  36.94   0.918   0.46 0.000000000000000
273.541667 273.583333   74.227  37.20   76.302  38.24   72.072  36.12   1.177   0.59 0.000000000000000
273.583333 273.625000   72.251  36.21   73.309  36.74   71.234  35.70   0.718   0.36 0.000000000000000
273.625000 273.666667   71.373  35.77   72.132  36.15   70.735  35.45   0.419   0.21 0.000000000000000
273.666667 273.708333   71.653  35.91   74.107  37.14   69.717  34.94   1.497   0.75 0.000000000000000
273.708333 273.750000   73.668  36.92   74.865  37.52   72.491  36.33   0.758   0.38 0.189188000000000
273.750000 273.791667   73.089  36.63   78.118  39.15   69.697  34.93   2.554   1.28 0.188189000000000
273.791667 273.833333   68.839  34.50   73.888  37.03   63.572  31.86   3.811   1.91 0.189188000000000
273.833333 273.875000   65.547  32.85   68.021  34.09   62.454  31.30   1.736   0.87 0.189188000000000
273.875000 273.916667   66.485  33.32   67.083  33.62   64.709  32.43   0.698   0.35 0.189000000000000
273.916667 273.958333   58.424  29.28   64.270  32.21   54.373  27.25   3.272   1.64 0.189000000000000
273.958333 274.000000   54.273  27.20   56.109  28.12   52.517  26.32   0.938   0.47 0.189000000000000
274.000000 274.041667   56.608  28.37   57.845  28.99   54.533  27.33   0.998   0.50 0.188189000000000
274.041667 274.083333   56.768  28.45   57.645  28.89   55.910  28.02   0.479   0.24 0.189000000000000
274.083333 274.125000   57.286  28.71   58.084  29.11   56.608  28.37   0.419   0.21 0.189188000000000
274.125000 274.166667   57.047  28.59   58.084  29.11   55.411  27.77   0.798   0.40 0.189188000000000
274.166667 274.208333   56.967  28.55   60.399  30.27   55.052  27.59   1.437   0.72 0.189188000000000
274.208333 274.250000   62.614  31.38   65.048  32.60   59.681  29.91   2.035   1.02 0.189000000000000
274.250000 274.291667   62.973  31.56   63.831  31.99   61.038  30.59   0.818   0.41 0.189000000000000
274.291667 274.333333   59.661  29.90   63.093  31.62   55.650  27.89   2.793   1.40 0.189188000000000
274.333333 274.375000   64.829  32.49   69.518  34.84   62.315  31.23   2.574   1.29 0.000000000000000
274.375000 274.416667   69.618  34.89   71.952  36.06   66.425  33.29   1.497   0.75 0.000000000000000
274.416667 274.458333   69.677  34.92   70.436  35.30   68.819  34.49   0.559   0.28 0.000000000000000
274.458333 274.500000   69.618  34.89   71.054  35.61   68.301  34.23   0.958   0.48 0.000000000000000
274.500000 274.541667   72.112  36.14   74.167  37.17   70.575  35.37   1.317   0.66 0.000000000000000
274.541667 274.583333   69.877  35.02   70.615  35.39   69.338  34.75   0.399   0.20 0.000000000000000
274.583333 274.625000   69.837  35.00   71.334  35.75   68.580  34.37   0.898   0.45 0.394000000000000
274.625000 274.666667   69.937  35.05   71.972  36.07   68.680  34.42   1.097   0.55 0.189000000000000
274.666667 274.708333   69.159  34.66   72.231  36.20   66.644  33.40   2.255   1.13 0.189000000000000
274.708333 274.750000   71.334  35.75   72.730  36.45   69.498  34.83   0.998   0.50 0.189188000000000
274.750000 274.791667   67.782  33.97   70.096  35.13   64.190  32.17   2.355   1.18 0.188189000000000
274.791667 274.833333   64.110  32.13   69.478  34.82   59.960  30.05   3.213   1.61 0.189000000000000
274.833333 274.875000   59.800  29.97   64.031  32.09   57.526  28.83   1.696   0.85 0.189188000000000
274.875000 274.916667   55.969  28.05   57.945  29.04   53.475  26.80   1.576   0.79 0.189188000000000
274.916667 274.958333   50.981  25.55   53.635  26.88   48.726  24.42   1.876   0.94 0.189000000000000
274.958333 275.000000   49.784  24.95   50.981  25.55   48.666  24.39   0.758   0.38 0.188189000000000
275.000000 275.041667   48.427  24.27   49.026  24.57   47.868  23.99   0.339   0.17 0.189188000000000
275.041667 275.083333   48.766  24.44   49.305  24.71   48.148  24.13   0.319   0.16 0.188189000000000
275.083333 275.125000   47.509  23.81   48.148  24.13   46.531  23.32   0.519   0.26 0.188189000000000
275.125000 275.166667   47.270  23.69   50.163  25.14   45.434  22.77   1.576   0.79 0.189188000000000
275.166667 275.208333   47.310  23.71   48.008  24.06   46.292  23.20   0.579   0.29 0.188189000000000
275.208333 275.250000   50.023  25.07   52.617  26.37   48.467  24.29   1.197   0.60 0.188189000000000
275.250000 275.291667   50.941  25.53   53.934  27.03   48.706  24.41   1.955   0.98 0.189188000000000
275.291667 275.333333   55.231  27.68   61.776  30.96   53.794  26.96   2.295   1.15 0.189188000000000
275.333333 275.375000   58.444  29.29   62.295  31.22   54.652  27.39   2.235   1.12 0.188189000000000
275.375000 275.416667   62.135  31.14   67.842  34.00   59.421  29.78   2.514   1.26 0.000000000000000
275.416667 275.458333   66.724  33.44   67.762  33.96   65.168  32.66   0.938   0.47 0.189188000000000
275.458333 275.500000   67.383  33.77   69.019  34.59   65.926  33.04   0.918   0.46 0.189188000000000
275.500000 275.541667   68.181  34.17   70.176  35.17   66.664  33.41   1.058   0.53 0.000000000000000
275.541667 275.583333   69.358  34.76   70.216  35.19   68.939  34.55   0.419   0.21 0.188000000000000
275.583333 275.625000   71.673  35.92   75.883  38.03   70.236  35.20   1.696   0.85 0.188000000000000
275.625000 275.666667   72.371  36.27   74.985  37.58   70.715  35.44   1.437   0.72 0.000000000000000
275.666667 275.708333   75.324  37.75   76.003  38.09   74.805  37.49   0.339   0.17 0.188000000000000
275.708333 275.750000   72.371  36.27   75.743  37.96   67.562  33.86   2.694   1.35 0.188189000000000
275.750000 275.791667   67.263  33.71   69.059  34.61   65.846  33.00   1.018   0.51 0.189188000000000
275.791667 275.833333   62.993  31.57   67.323  33.74   59.980  30.06   2.414   1.21 0.188189000000000
275.833333 275.875000   54.213  27.17   58.104  29.12   50.821  25.47   2.793   1.40 0.189000000000000
275.875000 275.916667   47.988  24.05   50.562  25.34   45.414  22.76   1.696   0.85 0.189000000000000
275.916667 275.958333   43.638  21.87   45.274  22.69   42.800  21.45   0.758   0.38 0.189000000000000
275.958333 276.000000   43.838  21.97   44.895  22.50   43.379  21.74   0.459   0.23 0.189000000000000
276.000000 276.041667   46.711  23.41   48.387  24.25   44.815  22.46   1.097   0.55 0.189188000000000
276.041667 276.083333   48.487  24.30   48.906  24.51   47.150  23.63   0.439   0.22 0.189000000000000
276.083333 276.125000   49.584  24.85   51.101  25.61   46.651  23.38   1.177   0.59 0.188189000000000
276.125000 276.166667   46.551  23.33   47.330  23.72   45.933  23.02   0.419   0.21 0.188189000000000
276.166667 276.208333   48.547  24.33   52.697  26.41   44.396  22.25   2.614   1.31 0.188189000000000
276.208333 276.250000   43.658  21.88   45.474  22.79   41.683  20.89   1.257   0.63 0.188189000000000
276.250000 276.291667   40.545  20.32   43.718  21.91   37.772  18.93   1.377   0.69 0.188189000000000
276.291667 276.333333   39.667  19.88   40.745  20.42   38.829  19.46   0.658   0.33 0.188189000000000
276.333333 276.375000   37.293  18.69   39.488  19.79   33.981  17.03   1.536   0.77 0.189188000000000
276.375000 276.416667   36.116  18.10   37.373  18.73   34.360  17.22   0.938   0.47 0.188189000000000
276.416667 276.458333   36.455  18.27   37.892  18.99   35.098  17.59   0.798   0.40 0.188189000000000
276.458333 276.500000   39.189  19.64   40.226  20.16   38.311  19.20   0.678   0.34 0.188189000000000
276.500000 276.541667   46.053  23.08   54.313  27.22   40.007  20.05   4.909   2.46 0.189188000000000
276.541667 276.583333   43.957  22.03   45.913  23.01   40.545  20.32   1.955   0.98 0.189188000000000
276.583333 276.625000   43.718  21.91   44.456  22.28   43.000  21.55   0.479   0.24 0.188189000000000
276.625000 276.666667   47.150  23.63   50.981  25.55   43.618  21.86   2.355   1.18 0.189188000000000
276.666667 276.708333   46.312  23.21   48.068  24.09   43.618  21.86   1.297   0.65 0.189188000000000
276.708333 276.750000   48.746  24.43   50.921  25.52   47.090  23.60   1.277   0.64 0.188189000000000
276.750000 276.791667   48.646  24.38   53.874  27.00   43.937  22.02   3.073   1.54 0.188189000000000
276.791667 276.833333   51.041  25.58   53.395  26.76   46.252  23.18   2.115   1.06 0.189188000000000
276.833333 276.875000   45.793  22.95   46.751  23.43   44.696  22.40   0.658   0.33 0.189000000000000
276.875000 276.916667   46.751  23.43   49.405  24.76   45.893  23.00   1.097   0.55 0.189000000000000
276.916667 276.958333   48.387  24.25   50.183  25.15   47.050  23.58   0.758   0.38 0.189000000000000
276.958333 277.000000   51.959  26.04   53.695  26.91   50.522  25.32   1.097   0.55 0.189000000000000
277.000000 277.041667   54.293  27.21   57.685  28.91   52.557  26.34   1.277   0.64 0.189000000000000
277.041667 277.083333   53.216  26.67   55.371  27.75   51.260  25.69   1.077   0.54 0.189000000000000
277.083333 277.125000   50.323  25.22   52.577  26.35   49.065  24.59   0.998   0.50 0.189000000000000
277.125000 277.166667   47.290  23.70   49.085  24.60   45.853  22.98   0.898   0.45 0.189000000000000
277.166667 277.208333   54.553  27.34   62.634  31.39   48.467  24.29   4.290   2.15 0.189000000000000
277.208333 277.250000   52.956  26.54   54.313  27.22   49.285  24.70   1.357   0.68 0.189000000000000
277.250000 277.291667   55.431  27.78   59.242  29.69   51.280  25.70   2.734   1.37 0.189000000000000
277.291667 277.333333   57.705  28.92   60.559  30.35   54.273  27.20   1.955   0.98 0.000000000000000
277.333333 277.375000   51.879  26.00   53.655  26.89   49.345  24.73   1.536   0.77 0.188189000000000
277.375000 277.416667   48.966  24.54   53.256  26.69   46.092  23.10   1.896   0.95 0.189188000000000
277.416667 277.458333   51.260  25.69   52.897  26.51   49.225  24.67   1.097   0.55 0.000000000000000
277.458333 277.500000   48.906  24.51   51.620  25.87   46.292  23.20   1.916   0.96 0.000000000000000
277.500000 277.541667   53.176  26.65   54.054  27.09   52.238  26.18   0.539   0.27 0.000000000000000
277.541667 277.583333   52.517  26.32   53.755  26.94   50.602  25.36   1.197   0.60 0.000000000000000
277.583333 277.625000   50.263  25.19   51.380  25.75   48.966  24.54   0.778   0.39 0.000000000000000
277.625000 277.666667   58.883  29.51   69.179  34.67   49.285  24.70   7.542   3.78 0.000000000000000
277.666667 277.708333   75.264  37.72   79.415  39.80   70.456  35.31   2.833   1.42 0.000000000000000
277.708333 277.750000   81.570  40.88   83.685  41.94   79.534  39.86   1.337   0.67 0.189188000000000
277.750000 277.791667   63.891  32.02   83.764  41.98   46.831  23.47  12.511   6.27 0.189188000000000
277.791667 277.833333   46.571  23.34   48.646  24.38   45.095  22.60   0.978   0.49 0.188189000000000
277.833333 277.875000   46.591  23.35   47.489  23.80   45.195  22.65   0.898   0.45 0.189000000000000
277.875000 277.916667   46.472  23.29   49.983  25.05   44.975  22.54   1.417   0.71 0.189000000000000
277.916667 277.958333   48.188  24.15   50.163  25.14   46.591  23.35   1.097   0.55 0.189000000000000
277.958333 278.000000   46.771  23.44   48.227  24.17   45.993  23.05   0.639   0.32 0.189000000000000
278.000000 278.041667   50.342  25.23   52.797  26.46   48.387  24.25   1.497   0.75 0.189000000000000
278.041667 278.083333   49.564  24.84   52.158  26.14   47.968  24.04   1.477   0.74 0.189000000000000
278.083333 278.125000   51.480  25.80   54.273  27.20   50.243  25.18   1.217   0.61 0.189000000000000
278.125000 278.166667   51.380  25.75   57.027  28.58   48.567  24.34   2.135   1.07 0.189000000000000
278.166667 278.208333   67.403  33.78   78.816  39.50   54.613  27.37   9.218   4.62 0.189000000000000
278.208333 278.250000   76.362  38.27   78.497  39.34   75.045  37.61   0.958   0.48 0.000000000000000
278.250000 278.291667   74.805  37.49   76.082  38.13   73.169  36.67   0.798   0.40 0.000000000000000
