ozone_datasets/Ebas_221019_1549/US1200R.20190101000000.20220419100242.uv_abs.ozone.air.1y.1h.US06L_Thermo_49C_MLO.US06L_AM.lev2.nas
84 1001
McClure-Begley, Audra; Petropavlovskikh, Irina
US06L, National Oceanic and Atmospheric Administration, NOAA/ESRL/GMD, "Earth System Research Laboratory, Global Monitoring Division", 325 Broadway, , CO 80305-3, Boulder, U.S.A.
McClure-Begley, Audra; Petropavlovskikh, Irina
GAW-WDCRG NOAA-ESRL
1 1
2019 01 01 2022 04 19
0.041667
days from file reference point
10
1 1 1 1 1 1 1 1 1 1
999.999999 9999.999 9999.99 9999.999 9999.99 9999.999 9999.99 999.999 999.99 9.999999999
end_time of measurement, days from the file reference point
ozone, ug/m3, Statistics=arithmetic mean, Volume std. temperature=293.15 K, Volume std. pressure=1013.25 hPa, "Comment=Data converted on import into EBAS from 'ppb' to 'ug/m3' at 293.15 K, 1013.25 hPa, conversion factor 1.99534."
ozone, nmol/mol, Statistics=arithmetic mean, "Comment=Data converted on import into EBAS from 'ppb' to 'ug/m3' at 293.15 K, 1013.25 hPa, conversion factor 1.99534. -- Data converted on export from EBAS from 'ug/m3' at 293.15 K, 1013.25 hPa to 'nmol/mol', conversion factor 0.5012."
ozone, ug/m3, Statistics=maximum, Volume std. temperature=293.15 K, Volume std. pressure=1013.25 hPa, "Comment=Data converted on import into EBAS from 'ppb' to 'ug/m3' at 293.15 K, 1013.25 hPa, conversion factor 1.99534."
ozone, nmol/mol, Statistics=maximum, "Comment=Data converted on import into EBAS from 'ppb' to 'ug/m3' at 293.15 K, 1013.25 hPa, conversion factor 1.99534. -- Data converted on export from EBAS from 'ug/m3' at 293.15 K, 1013.25 hPa to 'nmol/mol', conversion factor 0.5012."
ozone, ug/m3, Statistics=minimum, Volume std. temperature=293.15 K, Volume std. pressure=1013.25 hPa, "Comment=Data converted on import into EBAS from 'ppb' to 'ug/m3' at 293.15 K, 1013.25 hPa, conversion factor 1.99534."
ozone, nmol/mol, Statistics=minimum, "Comment=Data converted on import into EBAS from 'ppb' to 'ug/m3' at 293.15 K, 1013.25 hPa, conversion factor 1.99534. -- Data converted on export from EBAS from 'ug/m3' at 293.15 K, 1013.25 hPa to 'nmol/mol', conversion factor 0.5012."
ozone, ug/m3, Statistics=stddev, Volume std. temperature=293.15 K, Volume std. pressure=1013.25 hPa, "Comment=Data converted on import into EBAS from 'ppb' to 'ug/m3' at 293.15 K, 1013.25 hPa, conversion factor 1.99534."
ozone, nmol/mol, Statistics=stddev, "Comment=Data converted on import into EBAS from 'ppb' to 'ug/m3' at 293.15 K, 1013.25 hPa, conversion factor 1.99534. -- Data converted on export from EBAS from 'ug/m3' at 293.15 K, 1013.25 hPa to 'nmol/mol', conversion factor 0.5012."
numflag, no unit
0
60
Data definition:              EBAS_1.1
Set type code:                TU
Timezone:                     UTC
File name:                    US1200R.20190101000000.20220419100242.uv_abs.ozone.air.1y.1h.US06L_Thermo_49C_MLO.US06L_AM.lev2.nas
File creation:                20221019135549885000
Export state:                 20221019135004513121
Export filter:                exclude-900,exclude-invalid
Startdate:                    20190101000000
Revision date:                20220419100242
Version:                      1
Version description:          Version numbering not tracked, generated by CPD3 EBAS Export v26 run as da.output.ebas (21601) run by mcclure on aero.cmdl.noaa.gov via da.output.ebas --profile=ozone mlo 2019-01-01 2020-01-01
Data level:                   2
[...]
Inlet type:                   Hat or hood
Inlet description:            Downward Facing, teflon inlet bell
Inlet tube material:          Teflon
Inlet tube outer diameter:    6.35 mm
Inlet tube inner diameter:    4.76 mm
Inlet tube length:            7.0 m
Flow rate:                    1.1 l/min
Absorption cross section:     Hearn, 1961 cm2
QA1 measure ID:               US06L_reference_calibration_20070630
QA1 date:                     20100101
QA1 outcome:                  pass
Originator:                   "McClure-Begley, Audra, Audra.mcclure@noaa.gov, National Oceanic and Atmospheric Administration/Earth System Research Laboratory/Global Monitoring Division, NOAA/ESRL/GMD, , 325 Broadway, , 80305, ""Boulder, CO"", USA"
Originator:                   "Petropavlovskikh, Irina, Irina.petro@noaa.gov, National Oceanic and Atmospheric Administration/Earth System Research Laboratory/Global Monitoring Division, NOAA/ESRL/GMD, , 325 Broadway, , 80305, ""Boulder, CO"", USA"
Submitter:                    "McClure-Begley, Audra, Audra.mcclure@noaa.gov, National Oceanic and Atmospheric Administration/Earth System Research Laboratory/Global Monitoring Division, NOAA/ESRL/GMD, , 325 Broadway, , 80305, ""Boulder, CO"", USA"
Submitter:                    "Petropavlovskikh, Irina, Irina.petro@noaa.gov, National Oceanic and Atmospheric Administration/Earth System Research Laboratory/Global Monitoring Division, NOAA/ESRL/GMD, , 325 Broadway, , 80305, ""Boulder, CO"", USA"
Acknowledgement:              "Request Acknowledgement details from data originator. http://dx.doi.org/10.7289/V57P8WBF"
starttime endtime O3 O3 O3 O3 O3 O3 O3 O3 flag
[from data line 5281]
220.041667 220.083333   34.360   17.22   34.978   17.53   33.741   16.91   0.339   0.17 0.189000000
220.083333 220.125000   34.639   17.36   35.437   17.76   34.001   17.04   0.479   0.24 0.189000000
220.125000 220.166667   35.597   17.84   36.495   18.29   34.799   17.44   0.519   0.26 0.189000000
220.166667 220.208333   39.208   19.65   43.119   21.61   35.577   17.83   3.013   1.51 0.189000000
220.208333 220.250000   42.102   21.10   46.851   23.48   34.021   17.05   4.130   2.07 0.189000000
220.250000 220.291667   31.327   15.70   33.242   16.66   30.429   15.25   0.738   0.37 0.000000000
220.291667 220.333333   30.529   15.30   30.888   15.48   30.309   15.19   0.160   0.08 0.000000000
220.333333 220.375000   30.389   15.23   30.988   15.53   29.810   14.94   0.339   0.17 0.000000000
220.375000 220.416667   31.646   15.86   32.744   16.41   30.329   15.20   0.658   0.33 0.000000000
220.416667 220.458333   31.766   15.92   32.644   16.36   30.349   15.21   0.818   0.41 0.000000000
220.458333 220.500000   31.945   16.01   33.262   16.67   30.648   15.36   0.938   0.47 0.000000000
220.500000 220.541667   31.307   15.69   32.823   16.45   30.130   15.10   0.798   0.40 0.000000000
220.541667 220.583333   31.906   15.99   33.941   17.01   29.312   14.69   1.756   0.88 0.000000000
220.583333 220.625000   32.903   16.49   34.839   17.46   29.032   14.55   1.816   0.91 0.000000000
220.625000 220.666667   35.517   17.80   38.011   19.05   31.746   15.91   1.736   0.87 0.000000000
220.666667 220.708333   36.415   18.25   38.989   19.54   33.881   16.98   1.955   0.98 0.189000000
220.708333 220.750000   33.362   16.72   34.739   17.41   31.965   16.02   0.898   0.45 0.189188000
220.750000 220.791667   32.464   16.27   34.120   17.10   31.427   15.75   0.898   0.45 0.189000000
220.791667 220.833333   52.278   26.20   68.360   34.26   33.881   16.98  11.812   5.92 0.188189000
220.833333 220.875000   55.431   27.78   59.282   29.71   49.425   24.77   2.754   1.38 0.189000000
220.875000 220.916667   54.573   27.35   59.022   29.58   51.041   25.58   2.355   1.18 0.189000000
220.916667 220.958333   43.678   21.89   49.046   24.58   37.792   18.94   4.130   2.07 0.189000000
220.958333 221.000000   33.701   16.89   36.634   18.36   31.726   15.90   1.616   0.81 0.189000000
221.000000 221.041667   27.216   13.64   29.192   14.63   25.101   12.58   1.377   0.69 0.189000000
221.041667 221.083333   25.321   12.69   25.999   13.03   24.802   12.43   0.359   0.18 0.189000000
221.083333 221.125000   23.824   11.94   25.959   13.01   22.208   11.13   1.058   0.53 0.189000000
221.125000 221.166667   20.811   10.43   21.410   10.73   19.894    9.97   0.419   0.21 0.189000000
221.166667 221.208333   30.130   15.10   41.902   21.00   19.475    9.76   7.223   3.62 0.189000000
221.208333 221.250000   28.573   14.32   30.968   15.52   25.540   12.80   1.516   0.76 0.189000000
221.250000 221.291667   30.928   15.50   34.659   17.37   28.354   14.21   2.035   1.02 0.189000000
221.291667 221.333333   31.467   15.77   34.041   17.06   28.174   14.12   1.975   0.99 0.189000000
221.333333 221.375000   32.424   16.25   37.073   18.58   29.431   14.75   3.073   1.54 0.000000000
221.375000 221.416667   23.306   11.68   28.334   14.20   21.191   10.62   1.836   0.92 0.189188000
221.416667 221.458333   25.740   12.90   29.012   14.54   22.907   11.48   2.275   1.14 0.188189000
221.458333 221.500000   23.485   11.77   27.376   13.72   19.874    9.96   2.793   1.40 0.189188000
221.500000 221.541667   26.418   13.24   28.015   14.04   24.204   12.13   1.018   0.51 0.189188000
221.541667 221.583333   29.930   15.00   35.377   17.73   25.461   12.76   4.130   2.07 0.000000000
221.583333 221.625000   35.956   18.02   37.014   18.55   34.978   17.53   0.539   0.27 0.000000000
221.625000 221.666667   30.569   15.32   36.954   18.52   21.270   10.66   6.944   3.48 0.189000000
221.666667 221.708333   22.926   11.49   27.556   13.81   21.250   10.65   2.015   1.01 0.189000000
221.708333 221.750000   27.077   13.57   29.511   14.79   21.689   10.87   2.275   1.14 0.189188000
221.750000 221.791667   20.532   10.29   21.051   10.55   20.053   10.05   0.319   0.16 0.188189000
221.791667 221.833333   23.106   11.58   27.276   13.67   19.315    9.68   3.232   1.62 0.189000000
221.833333 221.875000   23.445   11.75   27.177   13.62   21.510   10.78   1.477   0.74 0.189000000
221.875000 221.916667   22.108   11.08   24.303   12.18   20.173   10.11   1.457   0.73 0.189000000
221.916667 221.958333   24.004   12.03   26.378   13.22   20.811   10.43   1.497   0.75 0.189000000
221.958333 222.000000   20.173   10.11   22.468   11.26   18.078    9.06   1.437   0.72 0.189000000
222.000000 222.041667   21.929   10.99   23.645   11.85   20.552   10.30   0.878   0.44 0.189000000
222.041667 222.083333   23.745   11.90   25.640   12.85   21.610   10.83   1.297   0.65 0.189000000
222.083333 222.125000   21.769   10.91   22.847   11.45   20.971   10.51   0.479   0.24 0.189000000
222.125000 222.166667   23.625   11.84   24.702   12.38   21.829   10.94   0.878   0.44 0.189000000
222.166667 222.208333   23.804   11.93   24.982   12.52   21.450   10.75   1.097   0.55 0.189000000
222.208333 222.250000   24.842   12.45   25.022   12.54   24.623   12.34   0.140   0.07 0.189000000
222.250000 222.291667   26.897   13.48   28.893   14.48   25.042   12.55   1.277   0.64 0.000000000
222.291667 222.333333   27.735   13.90   28.553   14.31   27.117   13.59   0.559   0.28 0.000000000
222.333333 222.375000   28.853   14.46   29.830   14.95   28.174   14.12   0.539   0.27 0.000000000
222.375000 222.416667   29.990   15.03   30.888   15.48   29.172   14.62   0.579   0.29 0.000000000
222.416667 222.458333   32.245   16.16   33.921   17.00   30.848   15.46   1.117   0.56 0.000000000
222.458333 222.500000   34.300   17.19   34.859   17.47   33.641   16.86   0.399   0.20 0.000000000
222.500000 222.541667   35.238   17.66   36.096   18.09   34.659   17.37   0.359   0.18 0.000000000
222.541667 222.583333   36.694   18.39   37.532   18.81   35.637   17.86   0.579   0.29 0.000000000
222.583333 222.625000   37.253   18.67   38.111   19.10   36.535   18.31   0.479   0.24 0.000000000
222.625000 222.666667   36.156   18.12   37.113   18.60   35.537   17.81   0.439   0.22 0.000000000
222.666667 222.708333   38.550   19.32   39.029   19.56   37.732   18.91   0.479   0.24 0.000000000
222.708333 222.750000   36.196   18.14   38.051   19.07   34.579   17.33   1.077   0.54 0.189000000
222.750000 222.791667   33.901   16.99   37.413   18.75   31.646   15.86   1.676   0.84 0.189000000
222.791667 222.833333   31.806   15.94   33.402   16.74   30.289   15.18   0.998   0.50 0.189000000
222.833333 222.875000   30.110   15.09   31.526   15.80   28.753   14.41   0.978   0.49 0.189000000
222.875000 222.916667   29.970   15.02   30.988   15.53   29.192   14.63   0.579   0.29 0.189000000
222.916667 222.958333   30.489   15.28   30.828   15.45   30.010   15.04   0.299   0.15 0.189000000
222.958333 223.000000   30.010   15.04   31.387   15.73   29.491   14.78   0.559   0.28 0.189000000
223.000000 223.041667   29.371   14.72   30.289   15.18   28.593   14.33   0.559   0.28 0.189000000
223.041667 223.083333   28.094   14.08   28.952   14.51   26.618   13.34   0.698   0.35 0.189000000
223.083333 223.125000   27.376   13.72   28.573   14.32   26.658   13.36   0.619   0.31 0.189000000
223.125000 223.166667   27.177   13.62   29.531   14.80   26.099   13.08   1.137   0.57 0.189000000
223.166667 223.208333   29.910   14.99   33.701   16.89   26.498   13.28   2.634   1.32 0.189000000
223.208333 223.250000   35.158   17.62   38.770   19.43   29.711   14.89   3.532   1.77 0.189000000
223.250000 223.291667   38.051   19.07   38.869   19.48   35.776   17.93   0.918   0.46 0.000000000
223.291667 223.333333   35.637   17.86   36.774   18.43   34.200   17.14   0.778   0.39 0.000000000
223.333333 223.375000   36.375   18.23   37.492   18.79   35.497   17.79   0.678   0.34 0.000000000
223.375000 223.416667   36.156   18.12   36.974   18.53   35.417   17.75   0.519   0.26 0.000000000
223.416667 223.458333   37.492   18.79   38.231   19.16   36.874   18.48   0.419   0.21 0.000000000
223.458333 223.500000   39.448   19.77   40.366   20.23   38.829   19.46   0.459   0.23 0.000000000
223.500000 223.541667   38.570   19.33   39.608   19.85   37.812   18.95   0.539   0.27 0.000000000
223.541667 223.583333   40.685   20.39   41.304   20.70   39.747   19.92   0.439   0.22 0.000000000
223.583333 223.625000   43.898   22.00   46.332   23.22   41.623   20.86   1.816   0.91 0.000000000
223.625000 223.666667   49.285   24.70   51.639   25.88   46.651   23.38   1.357   0.68 0.000000000
223.666667 223.708333   60.000   30.07   65.108   32.63   53.236   26.68   4.350   2.18 0.000000000
223.708333 223.750000   62.255   31.20   65.088   32.62   58.903   29.52   2.374   1.19 0.000000000
223.750000 223.791667   60.978   30.56   65.387   32.77   58.723   29.43   2.215   1.11 0.189000000
223.791667 223.833333   59.182   29.66   60.898   30.52   57.246   28.69   1.177   0.59 0.189000000
223.833333 223.875000   58.982   29.56   61.177   30.66   57.286   28.71   1.137   0.57 0.189000000
223.875000 223.916667   55.471   27.80   56.448   28.29   54.732   27.43   0.499   0.25 0.189000000
223.916667 223.958333   52.677   26.40   55.111   27.62   50.622   25.37   1.536   0.77 0.189000000
223.958333 224.000000   49.604   24.86   50.762   25.44   48.188   24.15   0.898   0.45 0.189000000
224.000000 224.041667   46.332   23.22   48.447   24.28   44.436   22.27   1.516   0.76 0.189000000
224.041667 224.083333   47.070   23.59   48.347   24.23   46.212   23.16   0.758   0.38 0.189000000
224.083333 224.125000   48.806   24.46   51.200   25.66   47.709   23.91   0.918   0.46 0.189000000
224.125000 224.166667   46.531   23.32   47.689   23.90   45.673   22.89   0.878   0.44 0.189000000
224.166667 224.208333   50.662   25.39   53.575   26.85   48.367   24.24   1.437   0.72 0.189000000
224.208333 224.250000   54.972   27.55   58.184   29.16   52.637   26.38   1.616   0.81 0.000000000
224.250000 224.291667   60.399   30.27   63.193   31.67   57.047   28.59   1.935   0.97 0.000000000
224.291667 224.333333   58.164   29.15   59.960   30.05   55.690   27.91   1.516   0.76 0.000000000
224.333333 224.375000   54.313   27.22   55.790   27.96   52.976   26.55   0.918   0.46 0.000000000
224.375000 224.416667   56.688   28.41   62.015   31.08   54.373   27.25   2.474   1.24 0.000000000
224.416667 224.458333   65.627   32.89   68.301   34.23   61.616   30.88   2.015   1.01 0.000000000
224.458333 224.500000   70.196   35.18   75.843   38.01   66.305   33.23   2.993   1.50 0.000000000
224.500000 224.541667   71.174   35.67   81.450   40.82   62.833   31.49   7.343   3.68 0.000000000
224.541667 224.583333   58.244   29.19   71.912   36.04   49.744   24.93   6.964   3.49 0.000000000
224.583333 224.625000   47.928   24.02   48.726   24.42   47.210   23.66   0.539   0.27 0.000000000
224.625000 224.666667   51.440   25.78   52.617   26.37   49.704   24.91   0.838   0.42 0.000000000
224.666667 224.708333   50.323   25.22   52.617   26.37   49.026   24.57   1.177   0.59 0.000000000
224.708333 224.750000   59.062   29.60   62.773   31.46   55.969   28.05   2.115   1.06 0.000000000
224.750000 224.791667   60.838   30.49   64.669   32.41   56.169   28.15   2.913   1.46 0.000000000
224.791667 224.833333   54.034   27.08   55.171   27.65   52.897   26.51   0.738   0.37 0.189000000
224.833333 224.875000   51.739   25.93   55.012   27.57   47.369   23.74   2.434   1.22 0.189000000
224.875000 224.916667   48.048   24.08   51.440   25.78   45.015   22.56   1.656   0.83 0.189000000
224.916667 224.958333   48.926   24.52   57.845   28.99   42.461   21.28   5.767   2.89 0.189000000
224.958333 225.000000   46.152   23.13   55.451   27.79   41.244   20.67   4.390   2.20 0.189000000
225.000000 225.041667   54.852   27.49   61.137   30.64   45.155   22.63   4.609   2.31 0.189000000
225.041667 225.083333   51.759   25.94   58.523   29.33   45.095   22.60   5.028   2.52 0.189000000
225.083333 225.125000   55.870   28.00   60.399   30.27   51.141   25.63   2.634   1.32 0.189000000
225.125000 225.166667   74.486   37.33   88.015   44.11   60.758   30.45  10.476   5.25 0.189000000
225.166667 225.208333   80.652   40.42   85.500   42.85   74.426   37.30   2.793   1.40 0.189000000
225.208333 225.250000   87.037   43.62   94.320   47.27   78.038   39.11   6.405   3.21 0.000000000
225.250000 225.291667   93.821   47.02   94.799   47.51   92.863   46.54   0.559   0.28 0.000000000
225.291667 225.333333   87.735   43.97   96.315   48.27   69.777   34.97   8.440   4.23 0.000000000
225.333333 225.375000   56.887   28.51   74.267   37.22   44.197   22.15  12.631   6.33 0.000000000
225.375000 225.416667   56.847   28.49   76.881   38.53   44.416   22.26  12.331   6.18 0.000000000
225.416667 225.458333   81.889   41.04   85.900   43.05   79.415   39.80   1.916   0.96 0.000000000
225.458333 225.500000   88.873   44.54   99.029   49.63   81.091   40.64   7.702   3.86 0.000000000
225.500000 225.541667   99.967   50.10  105.015   52.63   89.411   44.81   5.168   2.59 0.000000000
225.541667 225.583333   95.138   47.68   99.049   49.64   89.092   44.65   3.332   1.67 0.000000000
225.583333 225.625000   89.152   44.68   92.265   46.24   87.316   43.76   1.477   0.74 0.000000000
225.625000 225.666667  101.483   50.86  113.635   56.95   91.826   46.02   7.742   3.88 0.000000000
225.666667 225.708333  110.442   55.35  114.932   57.60  107.170   53.71   2.374   1.19 0.000000000
225.708333 225.750000  114.134   57.20  124.908   62.60  108.726   54.49   5.088   2.55 0.189000000
225.750000 225.791667  116.029   58.15  131.713   66.01   91.167   45.69  14.746   7.39 0.189000000
225.791667 225.833333   72.351   36.26   93.901   47.06   59.262   29.70   9.677   4.85 0.189000000
225.833333 225.875000   57.386   28.76   59.940   30.04   54.772   27.45   1.636   0.82 0.189000000
225.875000 225.916667   56.169   28.15   68.680   34.42   50.781   25.45   5.926   2.97 0.189000000
225.916667 225.958333   69.059   34.61   77.978   39.08   54.772   27.45   7.363   3.69 0.189000000
225.958333 226.000000   50.981   25.55   54.533   27.33   47.150   23.63   2.255   1.13 0.189000000
226.000000 226.041667   55.271   27.70   57.167   28.65   51.719   25.92   1.716   0.86 0.189000000
226.041667 226.083333   60.898   30.52   71.074   35.62   54.213   27.17   4.569   2.29 0.189000000
226.083333 226.125000   60.499   30.32   68.480   34.32   56.548   28.34   3.352   1.68 0.189000000
226.125000 226.166667   65.367   32.76   77.180   38.68   55.850   27.99   7.662   3.84 0.189000000
226.166667 226.208333   67.103   33.63   91.686   45.95   57.087   28.61  10.276   5.15 0.189188000
226.208333 226.250000   77.459   38.82   87.695   43.95   59.800   29.97   8.500   4.26 0.189000000
226.250000 226.291667   77.479   38.83   79.455   39.82   75.145   37.66   1.197   0.60 0.189188000
226.291667 226.333333   81.091   40.64   85.580   42.89   77.379   38.78   3.033   1.52 0.189000000
226.333333 226.375000   80.293   40.24   82.248   41.22   75.983   38.08   2.215   1.11 0.189000000
226.375000 226.416667   76.222   38.20   77.958   39.07   72.670   36.42   1.536   0.77 0.189000000
226.416667 226.458333   70.316   35.24   71.872   36.02   69.119   34.64   0.918   0.46 0.000000000
226.458333 226.500000   73.069   36.62   74.726   37.45   71.154   35.66   1.297   0.65 0.000000000
226.500000 226.541667   74.027   37.10   75.564   37.87   72.112   36.14   1.117   0.56 0.000000000
226.541667 226.583333   76.940   38.56   86.738   43.47   71.892   36.03   4.490   2.25 0.000000000
226.583333 226.625000   78.856   39.52   86.299   43.25   74.666   37.42   4.430   2.22 0.000000000
226.625000 226.666667   76.462   38.32   77.759   38.97   73.349   36.76   1.297   0.65 0.000000000
