ozone_datasets/Ebas_221019_1549/US1200R.20100102060000.20180130175327.uv_abs.ozone.air.5mo.1h.US06L_Thermo_49C_MLO.US06L_AM.lev2.nas
86 1001
McClure-Begley, Audra; Petropavlovskikh, Irina
US06L, National Oceanic and Atmospheric Administration, NOAA/ESRL/GMD, "Earth System Research Laboratory, Global Monitoring Division", 325 Broadway, , CO 80305-3, Boulder, U.S.A.
McClure-Begley, Audra
GAW-WDCRG NOAA-ESRL
1 1
2010 01 01 2018 01 30
0.041667
days from file reference point
10
1 1 1 1 1 1 1 1 1 1
999.999999 9999.999 999.99 9999.999 999.99 9999.999 999.99 999.999 999.99 9.999999999999999
end_time of measurement, days from the file reference point
ozone, ug/m3, Statistics=arithmetic mean, Volume std. temperature=293.15 K, Volume std. pressure=1013.25 hPa, Detection limit=1.995 ug/m3, Measurement uncertainty=1.995 ug/m3, Measurement uncertainty expl.=includes statistical uncertainty of individual sample and calibration uncertainty, "Comment=Data converted on import into EBAS from 'nmol/mol' to 'ug/m3' at 293.15 K, 1013.25 hPa, conversion factor 1.99534."
ozone, nmol/mol, Statistics=arithmetic mean, Detection limit=1.0 nmol/mol, Measurement uncertainty=1.0 nmol/mol, Measurement uncertainty expl.=includes statistical uncertainty of individual sample and calibration uncertainty, "Comment=Data converted on import into EBAS from 'nmol/mol' to 'ug/m3' at 293.15 K, 1013.25 hPa, conversion factor 1.99534. -- Data converted on export from EBAS from 'ug/m3' at 293.15 K, 1013.25 hPa to 'nmol/mol', conversion factor 0.5012. Measurement uncertainty converted from '1.995 ug/m3' at 293.15 K, 1013.25 hPa to '1.0 nmol/mol', conversion factor 0.5012. Detection limit converted from '1.995 ug/m3' at 293.15 K, 1013.25 hPa to '1.0 nmol/mol', conversion factor 0.5012."
ozone, ug/m3, Statistics=maximum, Volume std. temperature=293.15 K, Volume std. pressure=1013.25 hPa, Detection limit=1.995 ug/m3, "Comment=Data converted on import into EBAS from 'nmol/mol' to 'ug/m3' at 293.15 K, 1013.25 hPa, conversion factor 1.99534. Detection limit converted from '1.0 nmol/mol' to '1.995 ug/m3' at 293.15 K, 1013.25 hPa, conversion factor 1.99534."
ozone, nmol/mol, Statistics=maximum, Detection limit=1.0 nmol/mol, "Comment=Data converted on import into EBAS from 'nmol/mol' to 'ug/m3' at 293.15 K, 1013.25 hPa, conversion factor 1.99534. Detection limit converted from '1.0 nmol/mol' to '1.995 ug/m3' at 293.15 K, 1013.25 hPa, conversion factor 1.99534. -- Data converted on export from EBAS from 'ug/m3' at 293.15 K, 1013.25 hPa to 'nmol/mol', conversion factor 0.5012. Detection limit converted from '1.995 ug/m3' at 293.15 K, 1013.25 hPa to '1.0 nmol/mol', conversion factor 0.5012."
ozone, ug/m3, Statistics=minimum, Volume std. temperature=293.15 K, Volume std. pressure=1013.25 hPa, Detection limit=1.995 ug/m3, "Comment=Data converted on import into EBAS from 'nmol/mol' to 'ug/m3' at 293.15 K, 1013.25 hPa, conversion factor 1.99534. Detection limit converted from '1.0 nmol/mol' to '1.995 ug/m3' at 293.15 K, 1013.25 hPa, conversion factor 1.99534."
[...]
Inlet type:                   Hat or hood
Inlet description:            Downward Facing, teflon inlet bell
Inlet tube material:          Teflon
Inlet tube outer diameter:    6.35 mm
Inlet tube inner diameter:    4.76 mm
Inlet tube length:            7.0 m
Flow rate:                    0.9 l/min
Humidity/temperature control description: Automatic
Zero/negative values code:    Zero/negative possible
Zero/negative values:         Zero and neg. values may appear due to statistical variations at very low concentrations
Absorption cross section:     Hearn, 1961 cm2
QA1 measure ID:               US06L_reference_calibration_20070630
QA1 date:                     20100101
QA1 outcome:                  pass
Originator:                   "McClure-Begley, Audra, Audra.mcclure@noaa.gov, National Oceanic and Atmospheric Administration/Earth System Research Laboratory/Global Monitoring Division, NOAA/ESRL/GMD, , 325 Broadway, , 80305, ""Boulder, CO"", USA"
Originator:                   "Petropavlovskikh, Irina, Irina.petro@noaa.gov, National Oceanic and Atmospheric Administration/Earth System Research Laboratory/Global Monitoring Division, NOAA/ESRL/GMD, , 325 Broadway, , 80305, ""Boulder, CO"", USA"
Submitter:                    "McClure-Begley, Audra, Audra.mcclure@noaa.gov, National Oceanic and Atmospheric Administration/Earth System Research Laboratory/Global Monitoring Division, NOAA/ESRL/GMD, , 325 Broadway, , 80305, ""Boulder, CO"", USA"
Acknowledgement:              "Request Acknowledgement details from data originator. http://dx.doi.org/10.7289/V57P8WBF"
starttime endtime O3 O3 O3 O3 O3 O3 O3 O3 flag
[from data line 2952]
124.250000 124.291667  140.213  70.27  143.804  72.07  135.763  68.04   2.135   1.07 0.188189000000000
124.291667 124.333333  131.613  65.96  133.249  66.78  129.099  64.70   1.457   0.73 0.000000000000000
124.333333 124.375000  134.805  67.56  137.858  69.09  133.069  66.69   1.497   0.75 0.000000000000000
124.375000 124.416667  135.464  67.89  138.058  69.19  133.349  66.83   1.437   0.72 0.000000000000000
124.416667 124.458333  123.971  62.13  137.359  68.84  103.000  51.62  13.249   6.64 0.000000000000000
124.458333 124.500000   97.892  49.06  101.403  50.82   94.479  47.35   2.175   1.09 0.000000000000000
124.500000 124.541667   91.427  45.82   93.462  46.84   89.751  44.98   1.077   0.54 0.000000000000000
124.541667 124.583333   95.737  47.98  104.935  52.59   90.229  45.22   4.509   2.26 0.000000000000000
124.583333 124.625000   98.849  49.54  105.554  52.90   85.121  42.66   7.363   3.69 0.000000000000000
124.625000 124.666667  103.099  51.67  121.277  60.78   93.482  46.85   8.181   4.10 0.000000000000000
124.666667 124.708333  142.807  71.57  149.810  75.08  126.086  63.19   6.684   3.35 0.000000000000000
124.708333 124.750000  145.800  73.07  154.360  77.36  118.463  59.37  10.156   5.09 0.000000000000000
124.750000 124.791667  153.482  76.92  160.446  80.41  151.067  75.71   3.013   1.51 0.189000000000000
124.791667 124.833333  157.672  79.02  160.026  80.20  155.517  77.94   1.417   0.71 0.189000000000000
124.833333 124.875000  154.459  77.41  155.517  77.94  151.666  76.01   1.257   0.63 0.189000000000000
124.875000 124.916667  150.968  75.66  154.679  77.52  147.077  73.71   2.754   1.38 0.189000000000000
124.916667 124.958333  146.757  73.55  149.930  75.14  141.749  71.04   3.193   1.60 0.189000000000000
124.958333 125.000000  140.632  70.48  143.445  71.89  137.359  68.84   1.896   0.95 0.189000000000000
125.000000 125.041667  135.983  68.15  137.938  69.13  134.267  67.29   1.177   0.59 0.189000000000000
125.041667 125.083333  139.534  69.93  141.410  70.87  137.280  68.80   1.317   0.66 0.189000000000000
125.083333 125.125000  138.377  69.35  141.869  71.10  133.329  66.82   2.873   1.44 0.189000000000000
125.125000 125.166667  136.621  68.47  142.428  71.38  134.426  67.37   2.315   1.16 0.189000000000000
125.166667 125.208333  145.121  72.73  146.059  73.20  143.385  71.86   0.758   0.38 0.189000000000000
125.208333 125.250000  143.365  71.85  144.563  72.45  141.849  71.09   0.998   0.50 0.000000000000000
125.250000 125.291667  142.906  71.62  145.680  73.01  139.594  69.96   2.075   1.04 0.000000000000000
125.291667 125.333333  134.406  67.36  136.003  68.16  133.209  66.76   0.858   0.43 0.000000000000000
125.333333 125.375000  134.765  67.54  136.701  68.51  133.468  66.89   0.978   0.49 0.000000000000000
125.375000 125.416667  138.477  69.40  139.794  70.06  136.262  68.29   0.938   0.47 0.000000000000000
125.416667 125.458333  133.349  66.83  140.732  70.53  123.252  61.77   6.724   3.37 0.000000000000000
125.458333 125.500000  140.213  70.27  142.886  71.61  138.796  69.56   1.297   0.65 0.000000000000000
125.500000 125.541667  140.093  70.21  142.966  71.65  138.257  69.29   1.437   0.72 0.188189000000000
125.541667 125.583333  125.288  62.79  145.181  72.76   96.096  48.16  12.690   6.36 0.000000000000000
125.583333 125.625000  121.596  60.94  138.976  69.65   97.333  48.78  16.482   8.26 0.000000000000000
125.625000 125.666667  131.074  65.69  139.075  69.70  118.583  59.43   5.607   2.81 0.000000000000000
125.666667 125.708333  136.322  68.32  142.108  71.22  124.709  62.50   5.427   2.72 0.189000000000000
125.708333 125.750000  150.688  75.52  158.051  79.21  142.288  71.31   4.789   2.40 0.189000000000000
125.750000 125.791667  159.328  79.85  161.802  81.09  156.375  78.37   1.995   1.00 0.189000000000000
125.791667 125.833333  154.021  77.19  157.253  78.81  150.529  75.44   1.836   0.92 0.189000000000000
125.833333 125.875000  159.168  79.77  165.893  83.14  154.898  77.63   3.931   1.97 0.189000000000000
125.875000 125.916667  156.495  78.43  160.685  80.53  150.289  75.32   3.213   1.61 0.189000000000000
125.916667 125.958333  140.492  70.41  147.057  73.70  137.080  68.70   2.973   1.49 0.189000000000000
125.958333 126.000000  138.098  69.21  139.474  69.90  136.242  68.28   0.978   0.49 0.189000000000000
126.000000 126.041667  133.488  66.90  135.444  67.88  130.017  65.16   1.756   0.88 0.189000000000000
126.041667 126.083333  132.630  66.47  135.883  68.10  130.017  65.16   2.095   1.05 0.189000000000000
126.083333 126.125000  136.442  68.38  140.751  70.54  134.486  67.40   2.115   1.06 0.189000000000000
126.125000 126.166667  147.077  73.71  154.998  77.68  143.665  72.00   3.232   1.62 0.189000000000000
126.166667 126.208333  149.810  75.08  157.532  78.95  143.964  72.15   4.829   2.42 0.189000000000000
126.208333 126.250000  159.228  79.80  161.264  80.82  154.639  77.50   2.295   1.15 0.189000000000000
126.250000 126.291667  161.383  80.88  162.660  81.52  160.446  80.41   0.698   0.35 0.000000000000000
126.291667 126.333333  163.798  82.09  165.414  82.90  162.002  81.19   0.918   0.46 0.000000000000000
126.333333 126.375000  162.620  81.50  163.399  81.89  161.423  80.90   0.579   0.29 0.000000000000000
126.375000 126.416667  159.647  80.01  160.845  80.61  157.672  79.02   0.958   0.48 0.000000000000000
126.416667 126.458333  153.442  76.90  157.293  78.83  147.416  73.88   3.651   1.83 0.188189000000000
126.458333 126.500000  149.132  74.74  152.025  76.19  146.578  73.46   1.556   0.78 0.000000000000000
126.500000 126.541667  138.956  69.64  141.849  71.09  134.965  67.64   2.295   1.15 0.000000000000000
126.541667 126.583333  140.532  70.43  143.146  71.74  137.319  68.82   1.916   0.96 0.000000000000000
126.583333 126.625000  141.550  70.94  144.124  72.23  137.379  68.85   1.716   0.86 0.000000000000000
126.625000 126.666667  141.410  70.87  144.882  72.61  138.138  69.23   2.135   1.07 0.000000000000000
126.666667 126.708333  137.778  69.05  140.432  70.38  135.065  67.69   1.776   0.89 0.000000000000000
126.708333 126.750000 9999.999 999.99 9999.999 999.99 9999.999 999.99 999.999 999.99 0.456000000000000
126.750000 126.791667  139.933  70.13  141.530  70.93  137.399  68.86   1.197   0.60 0.189000000000000
126.791667 126.833333 9999.999 999.99 9999.999 999.99 9999.999 999.99 999.999 999.99 0.189456000000000
126.833333 126.875000  144.064  72.20  147.915  74.13  140.313  70.32   2.813   1.41 0.189000000000000
126.875000 126.916667  146.458  73.40  148.414  74.38  145.221  72.78   0.938   0.47 0.189000000000000
126.916667 126.958333  145.022  72.68  145.720  73.03  144.243  72.29   0.519   0.26 0.189000000000000
126.958333 127.000000  145.640  72.99  147.077  73.71  144.263  72.30   0.718   0.36 0.189000000000000
127.000000 127.041667  145.500  72.92  146.538  73.44  144.363  72.35   0.619   0.31 0.189000000000000
127.041667 127.083333  146.059  73.20  149.651  75.00  143.485  71.91   1.816   0.91 0.189000000000000
127.083333 127.125000  147.077  73.71  150.130  75.24  144.403  72.37   1.935   0.97 0.189000000000000
127.125000 127.166667  149.252  74.80  151.127  75.74  147.176  73.76   1.038   0.52 0.189000000000000
127.166667 127.208333  148.733  74.54  151.885  76.12  145.680  73.01   1.935   0.97 0.189000000000000
127.208333 127.250000  150.908  75.63  154.021  77.19  147.017  73.68   2.434   1.22 0.189000000000000
127.250000 127.291667  134.167  67.24  134.726  67.52  132.571  66.44   0.678   0.34 0.189000000000000
127.291667 127.333333  138.397  69.36  145.421  72.88  133.049  66.68   4.070   2.04 0.000000000000000
127.333333 127.375000  144.223  72.28  148.593  74.47  134.426  67.37   5.427   2.72 0.000000000000000
127.375000 127.416667  142.108  71.22  150.090  75.22  127.203  63.75   7.263   3.64 0.000000000000000
127.416667 127.458333  123.811  62.05  134.706  67.51  111.460  55.86   6.904   3.46 0.000000000000000
127.458333 127.500000   97.253  48.74  105.993  53.12   84.642  42.42   7.762   3.89 0.000000000000000
127.500000 127.541667   98.590  49.41  103.538  51.89   92.444  46.33   3.771   1.89 0.000000000000000
127.541667 127.583333   97.093  48.66  105.035  52.64   87.376  43.79   5.786   2.90 0.000000000000000
127.583333 127.625000   99.867  50.05  104.257  52.25   96.156  48.19   2.813   1.41 0.000000000000000
127.625000 127.666667  102.022  51.13  111.320  55.79   90.249  45.23   6.186   3.10 0.000000000000000
127.666667 127.708333  110.223  55.24  120.519  60.40   94.519  47.37   8.520   4.27 0.188189000000000
127.708333 127.750000  119.601  59.94  129.677  64.99  110.622  55.44   6.066   3.04 0.188189000000000
127.750000 127.791667  137.778  69.05  153.781  77.07  129.278  64.79   7.702   3.86 0.189000000000000
127.791667 127.833333  157.792  79.08  163.319  81.85  154.440  77.40   2.793   1.40 0.189000000000000
127.833333 127.875000  162.840  81.61  170.622  85.51  156.594  78.48   4.889   2.45 0.189000000000000
127.875000 127.916667  138.616  69.47  155.776  78.07  130.815  65.56   7.243   3.63 0.189000000000000
127.916667 127.958333  148.833  74.59  158.610  79.49  139.155  69.74   5.986   3.00 0.189000000000000
127.958333 128.000000  118.703  59.49  137.379  68.85  105.274  52.76  11.992   6.01 0.189000000000000
128.000000 128.041667  108.926  54.59  113.595  56.93  104.496  52.37   2.714   1.36 0.189000000000000
128.041667 128.083333  112.058  56.16  115.929  58.10  107.070  53.66   2.853   1.43 0.189000000000000
128.083333 128.125000  116.049  58.16  118.643  59.46  112.976  56.62   2.095   1.05 0.189000000000000
128.125000 128.166667  126.525  63.41  130.715  65.51  118.503  59.39   4.390   2.20 0.189000000000000
128.166667 128.208333  130.715  65.51  131.433  65.87  129.937  65.12   0.399   0.20 0.189000000000000
128.208333 128.250000  128.500  64.40  130.396  65.35  125.766  63.03   1.696   0.85 0.189000000000000
128.250000 128.291667  118.204  59.24  121.616  60.95  113.036  56.65   2.953   1.48 0.000000000000000
128.291667 128.333333  120.120  60.20  124.729  62.51  112.857  56.56   3.053   1.53 0.000000000000000
128.333333 128.375000  110.003  55.13  116.548  58.41  104.716  52.48   3.771   1.89 0.000000000000000
128.375000 128.416667  110.582  55.42  120.559  60.42  100.446  50.34   5.806   2.91 0.188189000000000
128.416667 128.458333  100.645  50.44  107.369  53.81   93.103  46.66   3.811   1.91 0.188189000000000
128.458333 128.500000  103.439  51.84  110.422  55.34   96.874  48.55   4.150   2.08 0.188189000000000
128.500000 128.541667  110.442  55.35  125.667  62.98   99.707  49.97   7.682   3.85 0.188189000000000
128.541667 128.583333  106.671  53.46  118.623  59.45  102.162  51.20   5.727   2.87 0.189000000000000
128.583333 128.625000  107.848  54.05  117.845  59.06   85.161  42.68   9.159   4.59 0.189000000000000
128.625000 128.666667  125.168  62.73  138.557  69.44  105.574  52.91  10.436   5.23 0.189000000000000
128.666667 128.708333  121.217  60.75  136.222  68.27  110.921  55.59   7.343   3.68 0.189000000000000
128.708333 128.750000  135.564  67.94  145.061  72.70  130.934  65.62   4.170   2.09 0.189000000000000
128.750000 128.791667  149.292  74.82  173.216  86.81  137.838  69.08  12.690   6.36 0.189000000000000
128.791667 128.833333  147.596  73.97  167.669  84.03  131.912  66.11  11.533   5.78 0.189000000000000
128.833333 128.875000  136.481  68.40  152.624  76.49  127.941  64.12   7.941   3.98 0.189000000000000
128.875000 128.916667  128.580  64.44  131.373  65.84  127.323  63.81   1.377   0.69 0.189000000000000
128.916667 128.958333  128.580  64.44  133.089  66.70  126.225  63.26   2.494   1.25 0.189000000000000
128.958333 129.000000  130.136  65.22  137.938  69.13  125.447  62.87   4.190   2.10 0.189000000000000
129.000000 129.041667  139.574  69.95  143.665  72.00  136.601  68.46   2.095   1.05 0.189000000000000
129.041667 129.083333  137.559  68.94  141.370  70.85  134.965  67.64   1.896   0.95 0.189000000000000
129.083333 129.125000  136.282  68.30  137.679  69.00  133.249  66.78   1.337   0.67 0.189000000000000
129.125000 129.166667  134.107  67.21  137.359  68.84  132.551  66.43   1.197   0.60 0.189000000000000
129.166667 129.208333  157.313  78.84  162.401  81.39  149.391  74.87   3.572   1.79 0.188189000000000
129.208333 129.250000  153.482  76.92  156.076  78.22  149.232  74.79   2.175   1.09 0.188189000000000
129.250000 129.291667  159.428  79.90  164.616  82.50  154.300  77.33   3.771   1.89 0.188189000000000
129.291667 129.333333  147.117  73.73  160.126  80.25  139.734  70.03   6.265   3.14 0.000000000000000
129.333333 129.375000  163.997  82.19  165.354  82.87  160.904  80.64   1.477   0.74 0.000000000000000
129.375000 129.416667  160.206  80.29  164.237  82.31  153.302  76.83   4.290   2.15 0.392000000000000
129.416667 129.458333  135.584  67.95  136.023  68.17  135.145  67.73   0.619   0.31 0.390000000000000
129.458333 129.500000  118.164  59.22  123.372  61.83  110.662  55.46   4.569   2.29 0.000000000000000
129.500000 129.541667  103.957  52.10  116.229  58.25   93.881  47.05   6.884   3.45 0.000000000000000
129.541667 129.583333   89.112  44.66   94.659  47.44   85.081  42.64   3.113   1.56 0.000000000000000
129.583333 129.625000   95.098  47.66  103.818  52.03   88.074  44.14   5.846   2.93 0.000000000000000
129.625000 129.666667  100.685  50.46  114.473  57.37   91.427  45.82   6.146   3.08 0.000000000000000
129.666667 129.708333  123.412  61.85  153.582  76.97   92.205  46.21  19.355   9.70 0.189000000000000
129.708333 129.750000  126.465  63.38  138.956  69.64  114.333  57.30   7.103   3.56 0.189000000000000
129.750000 129.791667 9999.999 999.99 9999.999 999.99 9999.999 999.99 999.999 999.99 0.189456000000000
129.791667 129.833333  156.894  78.63  164.716  82.55  149.671  75.01   6.704   3.36 0.189000000000000
129.833333 129.875000  160.186  80.28  162.760  81.57  155.896  78.13   2.315   1.16 0.189000000000000
129.875000 129.916667  140.492  70.41  155.976  78.17  127.941  64.12  10.595   5.31 0.189000000000000
129.916667 129.958333  125.866  63.08  126.704  63.50  125.308  62.80   0.379   0.19 0.189000000000000
129.958333 130.000000  125.188  62.74  125.707  63.00  124.689  62.49   0.259   0.13 0.189000000000000
130.000000 130.041667  125.966  63.13  127.642  63.97  124.569  62.43   0.918   0.46 0.189000000000000
130.041667 130.083333  127.622  63.96  129.099  64.70  125.547  62.92   1.137   0.57 0.189000000000000
130.083333 130.125000  125.866  63.08  126.884  63.59  125.228  62.76   0.559   0.28 0.189000000000000
130.125000 130.166667  115.630  57.95  123.412  61.85  111.041  55.65   3.711   1.86 0.189000000000000
130.166667 130.208333  114.433  57.35  114.972  57.62  112.557  56.41   0.658   0.33 0.188189000000000
130.208333 130.250000  106.152  53.20  113.455  56.86  102.481  51.36   3.632   1.82 0.188189000000000
130.250000 130.291667  105.075  52.66  107.729  53.99  103.000  51.62   1.397   0.70 0.188000000000000
130.291667 130.333333  114.692  57.48  127.004  63.65  105.334  52.79   7.502   3.76 0.000000000000000
130.333333 130.375000  123.472  61.88  129.398  64.85  118.104  59.19   3.412   1.71 0.000000000000000
130.375000 130.416667  103.578  51.91  115.830  58.05   89.012  44.61   8.560   4.29 0.000000000000000
130.416667 130.458333   95.397  47.81  102.880  51.56   88.094  44.15   4.968   2.49 0.000000000000000
130.458333 130.500000   92.484  46.35   96.595  48.41   86.179  43.19   3.552   1.78 0.000000000000000
130.500000 130.541667   82.068  41.13   86.159  43.18   75.264  37.72   3.093   1.55 0.000000000000000
130.541667 130.583333   74.606  37.39   77.300  38.74   72.351  36.26   1.676   0.84 0.000000000000000
130.583333 130.625000   74.865  37.52   81.909  41.05   71.174  35.67   3.332   1.67 0.000000000000000
130.625000 130.666667   81.071  40.63   85.480  42.84   78.377  39.28   2.095   1.05 0.000000000000000
