ozone_datasets/Ebas_221019_1549/US1200R.20200101000000.20220419100242.uv_abs.ozone.air.1y.1h.US06L_Thermo_49C_MLO.US06L_AM.lev2.nas
84 1001
McClure-Begley, Audra; Petropavlovskikh, Irina
US06L, National Oceanic and Atmospheric Administration, NOAA/ESRL/GMD, "Earth System Research Laboratory, Global Monitoring Division", 325 Broadway, , CO 80305-3, Boulder, U.S.A.
McClure-Begley, Audra; Petropavlovskikh, Irina
GAW-WDCRG NOAA-ESRL
1 1
2020 01 01 2022 04 19
0.041667
days from file reference point
10
1 1 1 1 1 1 1 1 1 1
999.999999 9999.999 9999.99 9999.999 9999.99 9999.999 9999.99 999.999 999.99 9.999999999
end_time of measurement, days from the file reference point
ozone, ug/m3, Statistics=arithmetic mean, Volume std. temperature=293.15 K, Volume std. pressure=1013.25 hPa, "Comment=Data converted on import into EBAS from 'ppb' to 'ug/m3' at 293.15 K, 1013.25 hPa, conversion factor 1.99534."
ozone, nmol/mol, Statistics=arithmetic mean, "Comment=Data converted on import into EBAS from 'ppb' to 'ug/m3' at 293.15 K, 1013.25 hPa, conversion factor 1.99534. -- Data converted on export from EBAS from 'ug/m3' at 293.15 K, 1013.25 hPa to 'nmol/mol', conversion factor 0.5012."
ozone, ug/m3, Statistics=maximum, Volume std. temperature=293.15 K, Volume std. pressure=1013.25 hPa, "Comment=Data converted on import into EBAS from 'ppb' to 'ug/m3' at 293.15 K, 1013.25 hPa, conversion factor 1.99534."
ozone, nmol/mol, Statistics=maximum, "Comment=Data converted on import into EBAS from 'ppb' to 'ug/m3' at 293.15 K, 1013.25 hPa, conversion factor 1.99534. -- Data converted on export from EBAS from 'ug/m3' at 293.15 K, 1013.25 hPa to 'nmol/mol', conversion factor 0.5012."
ozone, ug/m3, Statistics=minimum, Volume std. temperature=293.15 K, Volume std. pressure=1013.25 hPa, "Comment=Data converted on import into EBAS from 'ppb' to 'ug/m3' at 293.15 K, 1013.25 hPa, conversion factor 1.99534."
ozone, nmol/mol, Statistics=minimum, "Comment=Data converted on import into EBAS from 'ppb' to 'ug/m3' at 293.15 K, 1013.25 hPa, conversion factor 1.99534. -- Data converted on export from EBAS from 'ug/m3' at 293.15 K, 1013.25 hPa to 'nmol/mol', conversion factor 0.5012."
ozone, ug/m3, Statistics=stddev, Volume std. temperature=293.15 K, Volume std. pressure=1013.25 hPa, "Comment=Data converted on import into EBAS from 'ppb' to 'ug/m3' at 293.15 K, 1013.25 hPa, conversion factor 1.99534."
ozone, nmol/mol, Statistics=stddev, "Comment=Data converted on import into EBAS from 'ppb' to 'ug/m3' at 293.15 K, 1013.25 hPa, conversion factor 1.99534. -- Data converted on export from EBAS from 'ug/m3' at 293.15 K, 1013.25 hPa to 'nmol/mol', conversion factor 0.5012."
numflag, no unit
0
60
Data definition:              EBAS_1.1
Set type code:                TU
Timezone:                     UTC
File name:                    US1200R.20200101000000.20220419100242.uv_abs.ozone.air.1y.1h.US06L_Thermo_49C_MLO.US06L_AM.lev2.nas
File creation:                20221019135551369000
Export state:                 20221019135004513121
Export filter:                exclude-900,exclude-invalid
Startdate:                    20200101000000
Revision date:                20220419100242
Version:                      1
Version description:          Version numbering not tracked, generated by CPD3 EBAS Export v26-17-g4e1f988-m run as da.output.ebas (17503) run by mcclure on aero.cmdl.noaa.gov via da.output.ebas --profile=ozone mlo 2020-01-01 2021-01-01
[...]
Inlet type:                   Hat or hood
Inlet description:            Downward Facing, teflon inlet bell
Inlet tube material:          Teflon
Inlet tube outer diameter:    6.35 mm
Inlet tube inner diameter:    4.76 mm
Inlet tube length:            7.0 m
Flow rate:                    1.2 l/min
Absorption cross section:     Hearn, 1961 cm2
QA1 measure ID:               US06L_reference_calibration_20070630
QA1 date:                     20100101
QA1 outcome:                  pass
Originator:                   "McClure-Begley, Audra, Audra.mcclure@noaa.gov, National Oceanic and Atmospheric Administration/Earth System Research Laboratory/Global Monitoring Division, NOAA/ESRL/GMD, , 325 Broadway, , 80305, ""Boulder, CO"", USA"
Originator:                   "Petropavlovskikh, Irina, Irina.petro@noaa.gov, National Oceanic and Atmospheric Administration/Earth System Research Laboratory/Global Monitoring Division, NOAA/ESRL/GMD, , 325 Broadway, , 80305, ""Boulder, CO"", USA"
Submitter:                    "McClure-Begley, Audra, Audra.mcclure@noaa.gov, National Oceanic and Atmospheric Administration/Earth System Research Laboratory/Global Monitoring Division, NOAA/ESRL/GMD, , 325 Broadway, , 80305, ""Boulder, CO"", USA"
Submitter:                    "Petropavlovskikh, Irina, Irina.petro@noaa.gov, National Oceanic and Atmospheric Administration/Earth System Research Laboratory/Global Monitoring Division, NOAA/ESRL/GMD, , 325 Broadway, , 80305, ""Boulder, CO"", USA"
Acknowledgement:              "Request Acknowledgement details from data originator. http://dx.doi.org/10.7289/V57P8WBF"
starttime endtime O3 O3 O3 O3 O3 O3 O3 O3 flag
[from data line 5121]
213.375000 213.416667  121.397   60.84  124.908   62.60  115.311   57.79   3.153   1.58 0.000000000
213.416667 213.458333  124.809   62.55  127.742   64.02  121.556   60.92   1.876   0.94 0.000000000
213.458333 213.500000  119.481   59.88  127.941   64.12  112.976   56.62   5.647   2.83 0.189000000
213.500000 213.541667  116.129   58.20  118.603   59.44  113.595   56.93   1.457   0.73 0.189000000
213.541667 213.583333  120.160   60.22  121.756   61.02  117.905   59.09   1.177   0.59 0.000000000
213.583333 213.625000  119.581   59.93  120.818   60.55  118.304   59.29   0.858   0.43 0.000000000
213.625000 213.666667  118.444   59.36  119.681   59.98  117.386   58.83   0.639   0.32 0.000000000
213.666667 213.708333  119.820   60.05  121.257   60.77  118.603   59.44   0.938   0.47 0.189000000
213.708333 213.750000  127.163   63.73  133.309   66.81  119.681   59.98   5.108   2.56 0.189000000
213.750000 213.791667  131.713   66.01  134.785   67.55  126.445   63.37   2.774   1.39 0.189000000
213.791667 213.833333  108.148   54.20  122.494   61.39   97.692   48.96   8.181   4.10 0.189000000
213.833333 213.875000   88.633   44.42   92.245   46.23   85.361   42.78   1.916   0.96 0.189000000
213.875000 213.916667   90.110   45.16   91.925   46.07   88.773   44.49   0.878   0.44 0.189000000
213.916667 213.958333   83.405   41.80   89.072   44.64   80.293   40.24   2.694   1.35 0.189000000
213.958333 214.000000   87.915   44.06   90.389   45.30   83.665   41.93   2.015   1.01 0.189000000
214.000000 214.041667   76.043   38.11   86.019   43.11   68.480   34.32   5.627   2.82 0.189000000
214.041667 214.083333   63.991   32.07   69.418   34.79   58.703   29.42   3.512   1.76 0.189000000
214.083333 214.125000   87.576   43.89   96.794   48.51   64.529   32.34  11.513   5.77 0.189000000
214.125000 214.166667  101.144   50.69  104.616   52.43   95.697   47.96   3.033   1.52 0.189000000
214.166667 214.208333   95.058   47.64  103.917   52.08   85.201   42.70   6.505   3.26 0.189000000
214.208333 214.250000   94.160   47.19  104.416   52.33   86.338   43.27   5.348   2.68 0.189188000
214.250000 214.291667  104.217   52.23  120.199   60.24   79.814   40.00  15.444   7.74 0.189188000
214.291667 214.333333  121.077   60.68  125.746   63.02  113.176   56.72   3.751   1.88 0.000000000
214.333333 214.375000  128.500   64.40  131.972   66.14  124.928   62.61   1.916   0.96 0.000000000
214.375000 214.416667  125.427   62.86  128.360   64.33  120.599   60.44   3.053   1.53 0.000000000
214.416667 214.458333  126.265   63.28  131.673   65.99  119.840   60.06   4.031   2.02 0.000000000
214.458333 214.500000  131.413   65.86  135.224   67.77  124.849   62.57   3.013   1.51 0.000000000
214.500000 214.541667  115.989   58.13  123.352   61.82  106.930   53.59   5.687   2.85 0.000000000
214.541667 214.583333  104.815   52.53  106.432   53.34  101.244   50.74   1.836   0.92 0.000000000
214.583333 214.625000  102.241   51.24  107.389   53.82   99.647   49.94   2.414   1.21 0.000000000
214.625000 214.666667  113.555   56.91  117.905   59.09  108.467   54.36   2.614   1.31 0.000000000
214.666667 214.708333  112.477   56.37  114.313   57.29  109.564   54.91   1.576   0.79 0.000000000
214.708333 214.750000  107.030   53.64  114.672   57.47   96.076   48.15   6.724   3.37 0.189000000
214.750000 214.791667   92.325   46.27   95.956   48.09   90.010   45.11   1.736   0.87 0.189000000
214.791667 214.833333   89.411   44.81   98.550   49.39   78.856   39.52   6.525   3.27 0.189000000
214.833333 214.875000   71.992   36.08   80.831   40.51   66.345   33.25   3.931   1.97 0.189000000
214.875000 214.916667   68.440   34.30   70.216   35.19   66.944   33.55   0.998   0.50 0.189000000
214.916667 214.958333   66.884   33.52   68.281   34.22   65.647   32.90   0.778   0.39 0.189000000
214.958333 215.000000   60.619   30.38   67.782   33.97   54.692   27.41   4.350   2.18 0.189000000
215.000000 215.041667   53.874   27.00   56.109   28.12   51.081   25.60   1.716   0.86 0.189000000
215.041667 215.083333   55.850   27.99   57.406   28.77   52.358   26.24   1.497   0.75 0.189000000
215.083333 215.125000   56.967   28.55   62.035   31.09   54.932   27.53   1.916   0.96 0.189000000
215.125000 215.166667   64.090   32.12   66.525   33.34   60.778   30.46   2.374   1.19 0.189000000
215.166667 215.208333   74.426   37.30   83.924   42.06   66.565   33.36   6.186   3.10 0.189000000
215.208333 215.250000  117.865   59.07  126.525   63.41  104.017   52.13   7.642   3.83 0.189000000
215.250000 215.291667  124.669   62.48  126.684   63.49  122.634   61.46   0.998   0.50 0.188189000
215.291667 215.333333  122.674   61.48  130.076   65.19  108.666   54.46   7.103   3.56 0.189188000
215.333333 215.375000  136.581   68.45  143.904   72.12  125.786   63.04   5.786   2.90 0.000000000
215.375000 215.416667  133.668   66.99  147.855   74.10  119.162   59.72  10.376   5.20 0.000000000
215.416667 215.458333  126.964   63.63  137.958   69.14  114.752   57.51   7.582   3.80 0.000000000
215.458333 215.500000  143.066   71.70  149.711   75.03  128.261   64.28   7.243   3.63 0.000000000
215.500000 215.541667  145.959   73.15  149.391   74.87  143.505   71.92   2.075   1.04 0.000000000
215.541667 215.583333  138.597   69.46  142.747   71.54  137.000   68.66   1.816   0.91 0.000000000
215.583333 215.625000  137.659   68.99  144.084   72.21  123.412   61.85   6.166   3.09 0.000000000
215.625000 215.666667  126.046   63.17  132.670   66.49  118.883   59.58   4.490   2.25 0.000000000
215.666667 215.708333  138.197   69.26  147.496   73.92  121.576   60.93   9.917   4.97 0.000000000
215.708333 215.750000  143.784   72.06  150.668   75.51  127.981   64.14   7.323   3.67 0.189000000
215.750000 215.791667  101.403   50.82  122.614   61.45   89.651   44.93  11.194   5.61 0.189000000
215.791667 215.833333   83.804   42.00   88.573   44.39   79.734   39.96   3.053   1.53 0.189000000
215.833333 215.875000   77.240   38.71   80.732   40.46   72.571   36.37   2.394   1.20 0.189000000
215.875000 215.916667   73.548   36.86   77.320   38.75   68.460   34.31   2.634   1.32 0.189000000
215.916667 215.958333   69.957   35.06   72.790   36.48   66.644   33.40   1.596   0.80 0.189000000
215.958333 216.000000   69.159   34.66   70.156   35.16   68.340   34.25   0.678   0.34 0.189000000
216.000000 216.041667   68.021   34.09   69.857   35.01   63.811   31.98   1.816   0.91 0.189000000
216.041667 216.083333   61.157   30.65   65.088   32.62   58.483   29.31   2.255   1.13 0.189000000
216.083333 216.125000   61.656   30.90   64.928   32.54   58.184   29.16   1.876   0.94 0.189000000
216.125000 216.166667   66.844   33.50   69.218   34.69   65.128   32.64   1.177   0.59 0.189000000
216.166667 216.208333   63.412   31.78   74.606   37.39   59.082   29.61   4.250   2.13 0.188189000
216.208333 216.250000   67.842   34.00   82.068   41.13   58.045   29.09   8.640   4.33 0.189188000
216.250000 216.291667   90.868   45.54  100.924   50.58   68.859   34.51   9.997   5.01 0.188189000
216.291667 216.333333   93.043   46.63   99.169   49.70   85.361   42.78   4.709   2.36 0.000000000
216.333333 216.375000  109.943   55.10  120.279   60.28  101.563   50.90   6.445   3.23 0.000000000
216.375000 216.416667  128.141   64.22  140.332   70.33  106.771   53.51  10.037   5.03 0.189188000
216.416667 216.458333  119.681   59.98  139.075   69.70  106.152   53.20  11.673   5.85 0.189188000
216.458333 216.500000  147.795   74.07  156.914   78.64  139.016   69.67   5.328   2.67 0.000000000
216.500000 216.541667  161.264   80.82  162.521   81.45  159.707   80.04   0.958   0.48 0.000000000
216.541667 216.583333  159.568   79.97  161.902   81.14  156.894   78.63   1.816   0.91 0.000000000
216.583333 216.625000  147.117   73.73  157.872   79.12  131.513   65.91   9.598   4.81 0.000000000
216.625000 216.666667  129.717   65.01  131.353   65.83  127.502   63.90   1.197   0.60 0.000000000
216.666667 216.708333  125.008   62.65  126.864   63.58  120.439   60.36   2.255   1.13 0.000000000
216.708333 216.750000  113.435   56.85  116.568   58.42  110.163   55.21   2.035   1.02 0.000000000
216.750000 216.791667  102.142   51.19  113.894   57.08   93.621   46.92   7.163   3.59 0.189000000
216.791667 216.833333   84.962   42.58   96.096   48.16   73.728   36.95   7.443   3.73 0.189000000
216.833333 216.875000   73.868   37.02  108.866   54.56   64.011   32.08  13.129   6.58 0.189000000
216.875000 216.916667  124.390   62.34  130.236   65.27  115.770   58.02   4.988   2.50 0.189000000
216.916667 216.958333  120.658   60.47  129.637   64.97  115.830   58.05   4.769   2.39 0.000000000
216.958333 217.000000  110.263   55.26  117.745   59.01  100.485   50.36   6.026   3.02 0.000000000
217.000000 217.041667   95.198   47.71   99.987   50.11   90.309   45.26   2.853   1.43 0.000000000
217.041667 217.083333   86.159   43.18   89.691   44.95   80.831   40.51   2.474   1.24 0.000000000
217.083333 217.125000   80.452   40.32   81.610   40.90   78.816   39.50   0.858   0.43 0.000000000
217.125000 217.166667   86.398   43.30   88.573   44.39   80.851   40.52   2.315   1.16 0.000000000
217.166667 217.208333   80.352   40.27   86.039   43.12   77.499   38.84   2.893   1.45 0.000000000
217.208333 217.250000   67.802   33.98   79.175   39.68   62.813   31.48   6.066   3.04 0.000000000
217.250000 217.291667   68.899   34.53   72.231   36.20   65.707   32.93   1.696   0.85 0.000000000
217.291667 217.333333   74.945   37.56   77.120   38.65   70.735   35.45   1.975   0.99 0.000000000
217.333333 217.375000   70.476   35.32   79.295   39.74   66.086   33.12   4.051   2.03 0.000000000
217.375000 217.416667   72.950   36.56   80.392   40.29   68.201   34.18   4.310   2.16 0.000000000
217.416667 217.458333   68.520   34.34   73.488   36.83   64.649   32.40   3.472   1.74 0.000000000
217.458333 217.500000   70.974   35.57   73.149   36.66   66.724   33.44   1.935   0.97 0.000000000
217.500000 217.541667   62.135   31.14   68.979   34.57   53.016   26.57   4.909   2.46 0.000000000
217.541667 217.583333   53.016   26.57   58.723   29.43   48.766   24.44   2.793   1.40 0.000000000
217.583333 217.625000   56.109   28.12   58.683   29.41   53.415   26.77   1.656   0.83 0.000000000
217.625000 217.666667   50.323   25.22   54.333   27.23   45.075   22.59   3.452   1.73 0.000000000
217.666667 217.708333   41.982   21.04   43.858   21.98   40.865   20.48   0.878   0.44 0.000000000
217.708333 217.750000   53.655   26.89   62.614   31.38   41.643   20.87   7.103   3.56 0.000000000
217.750000 217.791667   68.021   34.09   73.488   36.83   63.412   31.78   2.993   1.50 0.000000000
217.791667 217.833333   75.244   37.71   79.215   39.70   72.092   36.13   2.075   1.04 0.189000000
217.833333 217.875000   81.769   40.98   84.742   42.47   77.679   38.93   2.275   1.14 0.189000000
217.875000 217.916667   82.966   41.58   87.216   43.71   79.036   39.61   2.594   1.30 0.189000000
217.916667 217.958333   83.904   42.05   88.593   44.40   78.656   39.42   3.193   1.60 0.189000000
217.958333 218.000000   81.749   40.97   87.057   43.63   75.823   38.00   3.711   1.86 0.189000000
218.000000 218.041667   87.396   43.80   90.509   45.36   84.962   42.58   1.616   0.81 0.189000000
218.041667 218.083333   88.753   44.48   90.110   45.16   86.698   43.45   0.978   0.49 0.189000000
218.083333 218.125000   90.628   45.42   92.285   46.25   88.733   44.47   1.137   0.57 0.189000000
218.125000 218.166667   83.904   42.05   85.959   43.08   82.128   41.16   1.077   0.54 0.189000000
218.166667 218.208333   87.137   43.67   90.688   45.45   84.862   42.53   1.656   0.83 0.000000000
218.208333 218.250000   94.739   47.48   96.934   48.58   89.331   44.77   2.534   1.27 0.000000000
218.250000 218.291667   97.852   49.04  102.640   51.44   91.886   46.05   3.492   1.75 0.000000000
218.291667 218.333333   68.819   34.49   87.456   43.83   55.431   27.78  10.835   5.43 0.000000000
218.333333 218.375000   70.316   35.24   95.597   47.91   60.459   30.30  12.052   6.04 0.000000000
218.375000 218.416667   89.172   44.69   97.093   48.66   78.118   39.15   5.667   2.84 0.000000000
218.416667 218.458333   84.084   42.14   86.338   43.27   79.614   39.90   2.414   1.21 0.000000000
218.458333 218.500000   91.486   45.85   95.337   47.78   86.857   43.53   2.813   1.41 0.000000000
218.500000 218.541667   83.306   41.75   86.219   43.21   80.372   40.28   2.075   1.04 0.000000000
218.541667 218.583333   75.544   37.86   81.290   40.74   70.456   35.31   3.971   1.99 0.000000000
218.583333 218.625000   62.374   31.26   70.934   35.55   57.606   28.87   4.509   2.26 0.000000000
218.625000 218.666667   56.129   28.13   57.546   28.84   54.872   27.50   0.778   0.39 0.000000000
218.666667 218.708333   56.368   28.25   57.266   28.70   55.052   27.59   0.539   0.27 0.000000000
218.708333 218.750000   57.366   28.75   58.823   29.48   56.189   28.16   0.798   0.40 0.000000000
218.750000 218.791667   57.406   28.77   59.960   30.05   55.650   27.89   1.177   0.59 0.000000000
218.791667 218.833333   58.583   29.36   60.519   30.33   56.927   28.53   1.237   0.62 0.000000000
218.833333 218.875000   61.018   30.58   63.631   31.89   58.683   29.41   1.896   0.95 0.000000000
218.875000 218.916667   63.691   31.92   68.121   34.14   59.601   29.87   2.454   1.23 0.000000000
218.916667 218.958333   59.242   29.69   73.808   36.99   49.445   24.78   7.223   3.62 0.189000000
218.958333 219.000000   47.290   23.70   49.245   24.68   45.614   22.86   1.197   0.60 0.189000000
219.000000 219.041667   49.205   24.66   51.440   25.78   45.534   22.82   1.596   0.80 0.189000000
219.041667 219.083333   48.487   24.30   50.582   25.35   47.330   23.72   1.018   0.51 0.189000000
219.083333 219.125000   53.256   26.69   55.730   27.93   47.868   23.99   2.474   1.24 0.189000000
219.125000 219.166667   47.529   23.82   54.872   27.50   42.840   21.47   3.711   1.86 0.189000000
219.166667 219.208333   43.937   22.02   45.813   22.96   41.942   21.02   1.337   0.67 0.189000000
219.208333 219.250000   52.098   26.11   54.613   27.37   46.631   23.37   2.454   1.23 0.189000000
219.250000 219.291667   55.471   27.80   56.069   28.10   54.533   27.33   0.439   0.22 0.000000000
219.291667 219.333333   55.790   27.96   56.847   28.49   54.553   27.34   0.838   0.42 0.000000000
219.333333 219.375000   57.226   28.68   57.865   29.00   56.628   28.38   0.379   0.19 0.000000000
219.375000 219.416667   55.670   27.90   57.266   28.70   53.575   26.85   1.077   0.54 0.000000000
219.416667 219.458333   52.378   26.25   53.276   26.70   51.719   25.92   0.479   0.24 0.000000000
219.458333 219.500000   52.078   26.10   52.617   26.37   51.600   25.86   0.339   0.17 0.000000000
219.500000 219.541667   54.074   27.10   56.648   28.39   52.537   26.33   1.596   0.80 0.000000000
219.541667 219.583333   58.364   29.25   59.302   29.72   57.007   28.57   0.639   0.32 0.000000000
219.583333 219.625000   59.741   29.94   60.399   30.27   58.763   29.45   0.459   0.23 0.000000000
219.625000 219.666667   64.110   32.13   66.724   33.44   60.778   30.46   1.816   0.91 0.000000000
219.666667 219.708333   63.093   31.62   64.968   32.56   61.656   30.90   0.898   0.45 0.000000000
219.708333 219.750000   59.521   29.83   61.277   30.71   56.648   28.39   1.816   0.91 0.189000000
219.750000 219.791667   54.732   27.43   56.029   28.08   53.675   26.90   0.778   0.39 0.189000000
219.791667 219.833333   61.097   30.62   66.545   33.35   54.473   27.30   3.951   1.98 0.189000000
219.833333 219.875000   64.070   32.11   66.684   33.42   60.259   30.20   2.175   1.09 0.189000000
219.875000 219.916667   66.684   33.42   69.717   34.94   63.093   31.62   2.255   1.13 0.189000000
219.916667 219.958333   64.569   32.36   68.779   34.47   60.718   30.43   2.374   1.19 0.000000000
219.958333 220.000000   62.654   31.40   65.826   32.99   58.464   29.30   2.275   1.14 0.000000000
