ozone_datasets/Ebas_221019_1549/US1200R.20200101000000.20220419100242.uv_abs.ozone.air.1y.1h.US06L_Thermo_49C_MLO.US06L_AM.lev2.nas
84 1001
McClure-Begley, Audra; Petropavlovskikh, Irina
US06L, National Oceanic and Atmospheric Administration, NOAA/ESRL/GMD, "Earth System Research Laboratory, Global Monitoring Division", 325 Broadway, , CO 80305-3, Boulder, U.S.A.
McClure-Begley, Audra; Petropavlovskikh, Irina
GAW-WDCRG NOAA-ESRL
1 1
2020 01 01 2022 04 19
0.041667
days from file reference point
10
1 1 1 1 1 1 1 1 1 1
999.999999 9999.999 9999.99 9999.999 9999.99 9999.999 9999.99 999.999 999.99 9.999999999
end_time of measurement, days from the file reference point
ozone, ug/m3, Statistics=arithmetic mean, Volume std. temperature=293.15 K, Volume std. pressure=1013.25 hPa, "Comment=Data converted on import into EBAS from 'ppb' to 'ug/m3' at 293.15 K, 1013.25 hPa, conversion factor 1.99534."
ozone, nmol/mol, Statistics=arithmetic mean, "Comment=Data converted on import into EBAS from 'ppb' to 'ug/m3' at 293.15 K, 1013.25 hPa, conversion factor 1.99534. -- Data converted on export from EBAS from 'ug/m3' at 293.15 K, 1013.25 hPa to 'nmol/mol', conversion factor 0.5012."
ozone, ug/m3, Statistics=maximum, Volume std. temperature=293.15 K, Volume std. pressure=1013.25 hPa, "Comment=Data converted on import into EBAS from 'ppb' to 'ug/m3' at 293.15 K, 1013.25 hPa, conversion factor 1.99534."
ozone, nmol/mol, Statistics=maximum, "Comment=Data converted on import into EBAS from 'ppb' to 'ug/m3' at 293.15 K, 1013.25 hPa, conversion factor 1.99534. -- Data converted on export from EBAS from 'ug/m3' at 293.15 K, 1013.25 hPa to 'nmol/mol', conversion factor 0.5012."
ozone, ug/m3, Statistics=minimum, Volume std. temperature=293.15 K, Volume std. pressure=1013.25 hPa, "Comment=Data converted on import into EBAS from 'ppb' to 'ug/m3' at 293.15 K, 1013.25 hPa, conversion factor 1.99534."
ozone, nmol/mol, Statistics=minimum, "Comment=Data converted on import into EBAS from 'ppb' to 'ug/m3' at 293.15 K, 1013.25 hPa, conversion factor 1.99534. -- Data converted on export from EBAS from 'ug/m3' at 293.15 K, 1013.25 hPa to 'nmol/mol', conversion factor 0.5012."
ozone, ug/m3, Statistics=stddev, Volume std. temperature=293.15 K, Volume std. pressure=1013.25 hPa, "Comment=Data converted on import into EBAS from 'ppb' to 'ug/m3' at 293.15 K, 1013.25 hPa, conversion factor 1.99534."
ozone, nmol/mol, Statistics=stddev, "Comment=Data converted on import into EBAS from 'ppb' to 'ug/m3' at 293.15 K, 1013.25 hPa, conversion factor 1.99534. -- Data converted on export from EBAS from 'ug/m3' at 293.15 K, 1013.25 hPa to 'nmol/mol', conversion factor 0.5012."
numflag, no unit
0
60
Data definition:              EBAS_1.1
Set type code:                TU
Timezone:                     UTC
File name:                    US1200R.20200101000000.20220419100242.uv_abs.ozone.air.1y.1h.US06L_Thermo_49C_MLO.US06L_AM.lev2.nas
File creation:                20221019135551369000
Export state:                 20221019135004513121
Export filter:                exclude-900,exclude-invalid
Startdate:                    20200101000000
Revision date:                20220419100242
Version:                      1
Version description:          Version numbering not tracked, generated by CPD3 EBAS Export v26-17-g4e1f988-m run as da.output.ebas (17503) run by mcclure on aero.cmdl.noaa.gov via da.output.ebas --profile=ozone mlo 2020-01-01 2021-01-01
[...]
Inlet type:                   Hat or hood
Inlet description:            Downward Facing, teflon inlet bell
Inlet tube material:          Teflon
Inlet tube outer diameter:    6.35 mm
Inlet tube inner diameter:    4.76 mm
Inlet tube length:            7.0 m
Flow rate:                    1.2 l/min
Absorption cross section:     Hearn, 1961 cm2
QA1 measure ID:               US06L_reference_calibration_20070630
QA1 date:                     20100101
QA1 outcome:                  pass
Originator:                   "McClure-Begley, Audra, Audra.mcclure@noaa.gov, National Oceanic and Atmospheric Administration/Earth System Research Laboratory/Global Monitoring Division, NOAA/ESRL/GMD, , 325 Broadway, , 80305, ""Boulder, CO"", USA"
Originator:                   "Petropavlovskikh, Irina, Irina.petro@noaa.gov, National Oceanic and Atmospheric Administration/Earth System Research Laboratory/Global Monitoring Division, NOAA/ESRL/GMD, , 325 Broadway, , 80305, ""Boulder, CO"", USA"
Submitter:                    "McClure-Begley, Audra, Audra.mcclure@noaa.gov, National Oceanic and Atmospheric Administration/Earth System Research Laboratory/Global Monitoring Division, NOAA/ESRL/GMD, , 325 Broadway, , 80305, ""Boulder, CO"", USA"
Submitter:                    "Petropavlovskikh, Irina, Irina.petro@noaa.gov, National Oceanic and Atmospheric Administration/Earth System Research Laboratory/Global Monitoring Division, NOAA/ESRL/GMD, , 325 Broadway, , 80305, ""Boulder, CO"", USA"
Acknowledgement:              "Request Acknowledgement details from data originator. http://dx.doi.org/10.7289/V57P8WBF"
starttime endtime O3 O3 O3 O3 O3 O3 O3 O3 flag
[from data line 8641]
360.041667 360.083333   54.892   27.51   55.949   28.04   54.233   27.18   0.539   0.27 0.188189000
360.083333 360.125000   56.029   28.08   57.167   28.65   54.094   27.11   0.818   0.41 0.189188000
360.125000 360.166667   58.304   29.22   64.011   32.08   56.169   28.15   2.175   1.09 0.189188000
360.166667 360.208333   64.270   32.21   68.700   34.43   59.920   30.03   3.252   1.63 0.189188000
360.208333 360.250000   67.522   33.84   69.757   34.96   65.806   32.98   1.257   0.63 0.188189000
360.250000 360.291667   68.161   34.16   70.196   35.18   65.727   32.94   1.337   0.67 0.188189000
360.291667 360.333333   65.547   32.85   66.704   33.43   63.991   32.07   0.778   0.39 0.188189000
360.333333 360.375000   67.303   33.73   68.321   34.24   66.186   33.17   0.758   0.38 0.189000000
360.375000 360.416667   69.079   34.62   70.775   35.47   68.021   34.09   0.958   0.48 0.188189000
360.416667 360.458333   70.735   35.45   72.591   36.38   69.358   34.76   0.818   0.41 0.189188000
360.458333 360.500000   77.639   38.91   81.091   40.64   74.686   37.43   2.175   1.09 0.188189000
360.500000 360.541667   84.543   42.37   88.194   44.20   81.869   41.03   2.195   1.10 0.000000000
360.541667 360.583333   85.081   42.64   87.755   43.98   79.834   40.01   3.073   1.54 0.188189000
360.583333 360.625000   78.936   39.56   83.864   42.03   73.329   36.75   3.352   1.68 0.188189000
360.625000 360.666667   71.952   36.06   82.507   41.35   64.629   32.39   6.525   3.27 0.189188000
360.666667 360.708333   62.494   31.32   64.150   32.15   60.998   30.57   0.898   0.45 0.000000000
360.708333 360.750000   71.533   35.85   81.649   40.92   64.430   32.29   6.664   3.34 0.000000000
360.750000 360.791667   89.731   44.97   93.362   46.79   84.084   42.14   3.093   1.55 0.189000000
360.791667 360.833333   88.294   44.25   92.085   46.15   85.441   42.82   2.115   1.06 0.189000000
360.833333 360.875000   84.922   42.56   87.576   43.89   78.736   39.46   3.133   1.57 0.189000000
360.875000 360.916667   79.494   39.84   86.877   43.54   74.606   37.39   5.068   2.54 0.189000000
360.916667 360.958333   74.147   37.16   75.823   38.00   72.251   36.21   1.457   0.73 0.189000000
360.958333 361.000000   78.796   39.49   81.889   41.04   75.165   37.67   2.075   1.04 0.189000000
361.000000 361.041667   78.497   39.34   79.894   40.04   76.821   38.50   1.097   0.55 0.189000000
361.041667 361.083333   68.620   34.39   77.300   38.74   63.651   31.90   4.390   2.20 0.189000000
361.083333 361.125000   62.534   31.34   64.509   32.33   60.898   30.52   1.157   0.58 0.188189000
361.125000 361.166667   80.452   40.32   86.358   43.28   67.223   33.69   6.625   3.32 0.189000000
361.166667 361.208333   75.264   37.72   79.514   39.85   73.608   36.89   1.556   0.78 0.000000000
361.208333 361.250000   73.828   37.00   75.963   38.07   71.593   35.88   1.776   0.89 0.000000000
361.250000 361.291667   73.967   37.07   75.045   37.61   73.329   36.75   0.559   0.28 0.189000000
361.291667 361.333333   72.471   36.32   74.666   37.42   70.495   35.33   1.556   0.78 0.189000000
361.333333 361.375000   68.241   34.20   72.052   36.11   60.539   30.34   4.450   2.23 0.189000000
361.375000 361.416667   63.053   31.60   66.166   33.16   59.980   30.06   2.534   1.27 0.189000000
361.416667 361.458333   65.407   32.78   72.351   36.26   61.636   30.89   2.933   1.47 0.189188000
361.458333 361.500000   72.172   36.17   73.049   36.61   71.234   35.70   0.639   0.32 0.188189000
361.500000 361.541667   69.019   34.59   70.914   35.54   67.283   33.72   1.277   0.64 0.189000000
361.541667 361.583333   69.677   34.92   73.768   36.97   67.482   33.82   2.215   1.11 0.189000000
361.583333 361.625000   77.080   38.63   85.560   42.88   71.772   35.97   4.968   2.49 0.000000000
361.625000 361.666667   81.310   40.75   89.192   44.70   73.788   36.98   5.348   2.68 0.000000000
361.666667 361.708333   70.196   35.18   72.611   36.39   68.560   34.36   1.357   0.68 0.000000000
361.708333 361.750000   69.697   34.93   71.054   35.61   68.360   34.26   0.978   0.49 0.000000000
361.750000 361.791667   72.471   36.32   73.668   36.92   70.735   35.45   0.878   0.44 0.188189000
361.791667 361.833333   70.815   35.49   73.449   36.81   69.937   35.05   1.058   0.53 0.188189000
361.833333 361.875000   71.274   35.72   71.892   36.03   70.236   35.20   0.499   0.25 0.188189000
361.875000 361.916667   75.344   37.76   77.719   38.95   71.673   35.92   2.295   1.15 0.189000000
361.916667 361.958333   75.883   38.03   76.481   38.33   75.344   37.76   0.339   0.17 0.189000000
361.958333 362.000000   72.511   36.34   75.125   37.65   69.598   34.88   2.075   1.04 0.189000000
362.000000 362.041667   66.664   33.41   69.099   34.63   65.188   32.67   1.058   0.53 0.189000000
362.041667 362.083333   67.662   33.91   70.635   35.40   65.328   32.74   2.175   1.09 0.189000000
362.083333 362.125000   68.600   34.38   70.535   35.35   67.542   33.85   1.117   0.56 0.000000000
362.125000 362.166667   69.398   34.78   70.495   35.33   68.380   34.27   0.718   0.36 0.000000000
362.166667 362.208333   68.440   34.30   71.393   35.78   66.066   33.11   2.135   1.07 0.000000000
362.208333 362.250000   70.735   35.45   71.573   35.87   69.438   34.80   0.579   0.29 0.000000000
362.250000 362.291667   68.919   34.54   71.553   35.86   67.902   34.03   1.058   0.53 0.000000000
362.291667 362.333333   71.832   36.00   72.511   36.34   70.735   35.45   0.499   0.25 0.000000000
362.333333 362.375000   70.914   35.54   72.032   36.10   70.096   35.13   0.658   0.33 0.000000000
362.375000 362.416667   72.710   36.44   73.967   37.07   70.815   35.49   0.898   0.45 0.000000000
362.416667 362.458333   77.479   38.83   80.652   40.42   71.413   35.79   3.193   1.60 0.000000000
362.458333 362.500000   82.607   41.40   85.161   42.68   79.375   39.78   2.015   1.01 0.000000000
362.500000 362.541667   87.635   43.92   91.367   45.79   84.782   42.49   2.155   1.08 0.000000000
362.541667 362.583333   84.463   42.33   91.167   45.69   78.178   39.18   5.208   2.61 0.189000000
362.583333 362.625000   72.172   36.17   77.339   38.76   67.363   33.76   3.412   1.71 0.189000000
362.625000 362.666667   66.066   33.11   68.480   34.32   63.851   32.00   1.636   0.82 0.000000000
362.666667 362.708333   64.749   32.45   66.884   33.52   61.816   30.98   1.516   0.76 0.000000000
362.708333 362.750000   56.907   28.52   63.153   31.65   52.378   26.25   3.352   1.68 0.000000000
362.750000 362.791667   58.284   29.21   61.816   30.98   55.032   27.58   2.195   1.10 0.000000000
362.791667 362.833333   63.013   31.58   65.308   32.73   61.676   30.91   1.038   0.52 0.000000000
362.833333 362.875000   72.032   36.10   74.227   37.20   68.680   34.42   1.457   0.73 0.000000000
362.875000 362.916667   71.932   36.05   73.449   36.81   67.941   34.05   1.716   0.86 0.189000000
362.916667 362.958333   66.924   33.54   69.179   34.67   63.711   31.93   1.477   0.74 0.189000000
362.958333 363.000000   62.215   31.18   63.691   31.92   60.798   30.47   1.018   0.51 0.189000000
363.000000 363.041667   60.279   30.21   60.978   30.56   59.561   29.85   0.439   0.22 0.189000000
363.041667 363.083333   63.751   31.95   65.108   32.63   61.277   30.71   1.097   0.55 0.189000000
363.083333 363.125000   64.210   32.18   64.928   32.54   63.731   31.94   0.339   0.17 0.189000000
363.125000 363.166667   63.212   31.68   64.450   32.30   62.654   31.40   0.579   0.29 0.189000000
363.166667 363.208333   62.514   31.33   63.432   31.79   61.935   31.04   0.479   0.24 0.000000000
363.208333 363.250000   65.168   32.66   65.906   33.03   64.430   32.29   0.399   0.20 0.000000000
363.250000 363.291667   66.465   33.31   68.261   34.21   65.567   32.86   0.858   0.43 0.000000000
363.291667 363.333333   70.954   35.56   72.950   36.56   68.261   34.21   1.297   0.65 0.000000000
363.333333 363.375000   73.808   36.99   75.584   37.88   72.331   36.25   1.277   0.64 0.000000000
363.375000 363.416667   78.078   39.13   79.754   39.97   75.983   38.08   1.018   0.51 0.000000000
363.416667 363.458333   74.626   37.40   77.559   38.87   70.914   35.54   2.374   1.19 0.000000000
363.458333 363.500000   73.030   36.60   73.828   37.00   71.194   35.68   0.758   0.38 0.000000000
363.500000 363.541667   71.673   35.92   72.551   36.36   70.396   35.28   0.619   0.31 0.000000000
363.541667 363.583333   70.655   35.41   71.314   35.74   70.196   35.18   0.379   0.19 0.000000000
363.583333 363.625000   70.755   35.46   71.034   35.60   70.076   35.12   0.279   0.14 0.000000000
363.625000 363.666667   70.037   35.10   70.456   35.31   69.637   34.90   0.279   0.14 0.000000000
363.666667 363.708333   69.218   34.69   69.957   35.06   68.301   34.23   0.519   0.26 0.000000000
363.708333 363.750000   68.680   34.42   69.338   34.75   68.261   34.21   0.339   0.17 0.000000000
363.750000 363.791667   69.318   34.74   69.637   34.90   68.919   34.54   0.219   0.11 0.000000000
363.791667 363.833333 9999.999 9999.99 9999.999 9999.99 9999.999 9999.99 999.999 999.99 0.999000000
363.833333 363.875000 9999.999 9999.99 9999.999 9999.99 9999.999 9999.99 999.999 999.99 0.999000000
363.875000 363.916667   66.285   33.22   67.183   33.67   65.587   32.87   0.459   0.23 0.000000000
363.916667 363.958333   66.006   33.08   67.562   33.86   64.509   32.33   1.038   0.52 0.189000000
363.958333 364.000000   64.769   32.46   65.667   32.91   63.651   31.90   0.559   0.28 0.189000000
364.000000 364.041667   64.649   32.40   65.028   32.59   63.951   32.05   0.319   0.16 0.189000000
364.041667 364.083333   64.809   32.48   65.507   32.83   63.871   32.01   0.459   0.23 0.189000000
364.083333 364.125000   64.669   32.41   65.447   32.80   64.011   32.08   0.499   0.25 0.189000000
364.125000 364.166667   65.188   32.67   65.766   32.96   63.891   32.02   0.678   0.34 0.000000000
364.166667 364.208333   63.651   31.90   64.090   32.12   63.352   31.75   0.219   0.11 0.000000000
364.208333 364.250000   67.702   33.93   71.393   35.78   63.711   31.93   2.474   1.24 0.000000000
364.250000 364.291667   72.172   36.17   73.608   36.89   70.895   35.53   0.998   0.50 0.000000000
364.291667 364.333333   76.122   38.15   79.953   40.07   73.349   36.76   2.155   1.08 0.000000000
364.333333 364.375000   86.877   43.54   92.744   46.48   80.233   40.21   4.150   2.08 0.000000000
364.375000 364.416667   92.803   46.51   93.382   46.80   92.125   46.17   0.479   0.24 0.000000000
364.416667 364.458333   93.003   46.61   93.542   46.88   92.265   46.24   0.359   0.18 0.000000000
364.458333 364.500000   91.447   45.83   92.225   46.22   90.868   45.54   0.439   0.22 0.000000000
364.500000 364.541667   90.409   45.31   90.768   45.49   90.090   45.15   0.219   0.11 0.000000000
364.541667 364.583333   91.287   45.75   92.145   46.18   90.289   45.25   0.658   0.33 0.000000000
364.583333 364.625000   90.748   45.48   91.606   45.91   89.212   44.71   0.838   0.42 0.000000000
364.625000 364.666667   88.513   44.36   89.212   44.71   87.476   43.84   0.439   0.22 0.000000000
364.666667 364.708333   89.471   44.84   90.050   45.13   88.334   44.27   0.559   0.28 0.000000000
364.708333 364.750000   90.289   45.25   91.766   45.99   89.631   44.92   0.758   0.38 0.000000000
364.750000 364.791667   91.267   45.74   92.285   46.25   90.130   45.17   0.718   0.36 0.000000000
364.791667 364.833333   92.145   46.18   93.362   46.79   90.708   45.46   0.858   0.43 0.189000000
364.833333 364.875000   89.751   44.98   90.549   45.38   88.593   44.40   0.579   0.29 0.189000000
364.875000 364.916667   89.092   44.65   89.810   45.01   88.334   44.27   0.519   0.26 0.189000000
364.916667 364.958333   89.232   44.72   89.711   44.96   88.533   44.37   0.399   0.20 0.189000000
364.958333 365.000000   89.870   45.04   90.369   45.29   88.773   44.49   0.599   0.30 0.189000000
365.000000 365.041667   88.673   44.44   89.751   44.98   87.616   43.91   0.599   0.30 0.189000000
365.041667 365.083333   86.219   43.21   87.655   43.93   84.982   42.59   0.858   0.43 0.189000000
365.083333 365.125000   84.722   42.46   85.061   42.63   83.844   42.02   0.339   0.17 0.189000000
365.125000 365.166667   83.804   42.00   85.919   43.06   80.153   40.17   2.055   1.03 0.189000000
365.166667 365.208333   81.011   40.60   85.421   42.81   78.178   39.18   2.155   1.08 0.000000000
365.208333 365.250000   79.913   40.05   84.982   42.59   77.998   39.09   2.235   1.12 0.000000000
365.250000 365.291667   80.033   40.11   83.625   41.91   77.359   38.77   1.856   0.93 0.000000000
365.291667 365.333333   78.078   39.13   79.255   39.72   77.439   38.81   0.559   0.28 0.000000000
365.333333 365.375000   76.222   38.20   77.320   38.75   75.364   37.77   0.519   0.26 0.000000000
365.375000 365.416667   75.524   37.85   76.601   38.39   74.885   37.53   0.479   0.24 0.000000000
365.416667 365.458333   75.025   37.60   76.262   38.22   73.748   36.96   0.639   0.32 0.000000000
365.458333 365.500000   75.364   37.77   75.883   38.03   74.865   37.52   0.319   0.16 0.000000000
365.500000 365.541667   74.965   37.57   75.424   37.80   74.486   37.33   0.279   0.14 0.000000000
365.541667 365.583333   74.127   37.15   74.686   37.43   73.349   36.76   0.499   0.25 0.000000000
365.583333 365.625000   76.102   38.14   78.816   39.50   74.047   37.11   1.935   0.97 0.000000000
365.625000 365.666667   75.105   37.64   77.020   38.60   73.488   36.83   1.077   0.54 0.000000000
365.666667 365.708333   75.723   37.95   77.459   38.82   73.049   36.61   1.457   0.73 0.000000000
365.708333 365.750000   75.204   37.69   75.943   38.06   74.346   37.26   0.499   0.25 0.000000000
365.750000 365.791667   75.284   37.73   76.541   38.36   73.429   36.80   1.177   0.59 0.000000000
365.791667 365.833333 9999.999 9999.99 9999.999 9999.99 9999.999 9999.99 999.999 999.99 0.999000000
365.833333 365.875000 9999.999 9999.99 9999.999 9999.99 9999.999 9999.99 999.999 999.99 0.999000000
365.875000 365.916667 9999.999 9999.99 9999.999 9999.99 9999.999 9999.99 999.999 999.99 0.999000000
365.916667 365.958333 9999.999 9999.99 9999.999 9999.99 9999.999 9999.99 999.999 999.99 0.999000000
365.958333 366.000000 9999.999 9999.99 9999.999 9999.99 9999.999 9999.99 999.999 999.99 0.999000000
