ozone_datasets/Ebas_221019_1549/US1200R.20150101000000.20180102202851.uv_abs.ozone.air.17w.1h.US06L_Thermo_49C_MLO.US06L_AM.lev2.nas
81 1001
McClure-Begley, Audra; Petropavlovskikh, Irina
US06L, National Oceanic and Atmospheric Administration, NOAA/ESRL/GMD, "Earth System Research Laboratory, Global Monitoring Division", 325 Broadway, , CO 80305-3, Boulder, U.S.A.
McClure-Begley, Audra
GAW-WDCRG NOAA-ESRL
1 1
2015 01 01 2018 01 02
0.041667
days from file reference point
10
1 1 1 1 1 1 1 1 1 1
999.999999 9999.999 999.99 9999.999 999.99 9999.999 999.99 999.999 999.99 9.999999999999999
end_time of measurement, days from the file reference point
ozone, ug/m3, Statistics=arithmetic mean, Volume std. temperature=293.15 K, Volume std. pressure=1013.25 hPa, Detection limit=1.995 ug/m3, Measurement uncertainty=1.995 ug/m3, Measurement uncertainty expl.=includes statistical uncertainty of individual sample and calibration uncertainty, "Comment=Data converted on import into EBAS from 'nmol/mol' to 'ug/m3' at 293.15 K, 1013.25 hPa, conversion factor 1.99534."
ozone, nmol/mol, Statistics=arithmetic mean, Detection limit=1.0 nmol/mol, Measurement uncertainty=1.0 nmol/mol, Measurement uncertainty expl.=includes statistical uncertainty of individual sample and calibration uncertainty, "Comment=Data converted on import into EBAS from 'nmol/mol' to 'ug/m3' at 293.15 K, 1013.25 hPa, conversion factor 1.99534. -- Data converted on export from EBAS from 'ug/m3' at 293.15 K, 1013.25 hPa to 'nmol/mol', conversion factor 0.5012. Measurement uncertainty converted from '1.995 ug/m3' at 293.15 K, 1013.25 hPa to '1.0 nmol/mol', conversion factor 0.5012. Detection limit converted from '1.995 ug/m3' at 293.15 K, 1013.25 hPa to '1.0 nmol/mol', conversion factor 0.5012."
ozone, ug/m3, Statistics=maximum, Volume std. temperature=293.15 K, Volume std. pressure=1013.25 hPa, Detection limit=1.995 ug/m3, "Comment=Data converted on import into EBAS from 'nmol/mol' to 'ug/m3' at 293.15 K, 1013.25 hPa, conversion factor 1.99534. Detection limit converted from '1.0 nmol/mol' to '1.995 ug/m3' at 293.15 K, 1013.25 hPa, conversion factor 1.99534."
ozone, nmol/mol, Statistics=maximum, Detection limit=1.0 nmol/mol, "Comment=Data converted on import into EBAS from 'nmol/mol' to 'ug/m3' at 293.15 K, 1013.25 hPa, conversion factor 1.99534. Detection limit converted from '1.0 nmol/mol' to '1.995 ug/m3' at 293.15 K, 1013.25 hPa, conversion factor 1.99534. -- Data converted on export from EBAS from 'ug/m3' at 293.15 K, 1013.25 hPa to 'nmol/mol', conversion factor 0.5012. Detection limit converted from '1.995 ug/m3' at 293.15 K, 1013.25 hPa to '1.0 nmol/mol', conversion factor 0.5012."
ozone, ug/m3, Statistics=minimum, Volume std. temperature=293.15 K, Volume std. pressure=1013.25 hPa, Detection limit=1.995 ug/m3, "Comment=Data converted on import into EBAS from 'nmol/mol' to 'ug/m3' at 293.15 K, 1013.25 hPa, conversion factor 1.99534. Detection limit converted from '1.0 nmol/mol' to '1.995 ug/m3' at 293.15 K, 1013.25 hPa, conversion factor 1.99534."
[...]
Instrument name:              Thermo_49C_MLO
Instrument manufacturer:      Thermo
Instrument model:             49C
Method ref:                   US06L_AM
Standard method:              SOP=GAW_209(2013)
Inlet type:                   Hat or hood
Inlet description:            Downward Facing, teflon inlet bell
Inlet tube material:          Teflon
Inlet tube outer diameter:    6.35 mm
Inlet tube inner diameter:    4.76 mm
Inlet tube length:            7.0 m
Humidity/temperature control description: Automatic
Zero/negative values code:    Zero/negative possible
Zero/negative values:         Zero and neg. values may appear due to statistical variations at very low concentrations
Absorption cross section:     Hearn, 1961 cm2
Originator:                   "McClure-Begley, Audra, Audra.mcclure@noaa.gov, National Oceanic and Atmospheric Administration/Earth System Research Laboratory/Global Monitoring Division, NOAA/ESRL/GMD, , 325 Broadway, , 80305, ""Boulder, CO"", USA"
Originator:                   "Petropavlovskikh, Irina, Irina.petro@noaa.gov, National Oceanic and Atmospheric Administration/Earth System Research Laboratory/Global Monitoring Division, NOAA/ESRL/GMD, , 325 Broadway, , 80305, ""Boulder, CO"", USA"
Submitter:                    "McClure-Begley, Audra, Audra.mcclure@noaa.gov, National Oceanic and Atmospheric Administration/Earth System Research Laboratory/Global Monitoring Division, NOAA/ESRL/GMD, , 325 Broadway, , 80305, ""Boulder, CO"", USA"
Acknowledgement:              "Request Acknowledgement details from data originator. http://dx.doi.org/10.7289/V57P8WBF"
starttime endtime O3 O3 O3 O3 O3 O3 O3 O3 flag
[from data line 1709]
 71.208333  71.250000  117.506  58.89  117.506  58.89  117.506  58.89 999.999 999.99 0.000000000000000
 71.250000  71.291667  121.935  61.11  121.935  61.11  121.935  61.11 999.999 999.99 0.000000000000000
 71.291667  71.333333  128.540  64.42  128.540  64.42  128.540  64.42 999.999 999.99 0.000000000000000
 71.333333  71.375000  130.495  65.40  130.495  65.40  130.495  65.40 999.999 999.99 0.000000000000000
 71.375000  71.416667  128.081  64.19  128.081  64.19  128.081  64.19 999.999 999.99 0.000000000000000
 71.416667  71.458333  128.720  64.51  128.720  64.51  128.720  64.51 999.999 999.99 0.000000000000000
 71.458333  71.500000  124.948  62.62  124.948  62.62  124.948  62.62 999.999 999.99 0.000000000000000
 71.500000  71.541667  114.732  57.50  114.732  57.50  114.732  57.50 999.999 999.99 0.000000000000000
 71.541667  71.583333  117.805  59.04  117.805  59.04  117.805  59.04 999.999 999.99 0.000000000000000
 71.583333  71.625000  117.546  58.91  117.546  58.91  117.546  58.91 999.999 999.99 0.189000000000000
 71.625000  71.666667  118.603  59.44  118.603  59.44  118.603  59.44 999.999 999.99 0.000000000000000
 71.666667  71.708333  121.776  61.03  121.776  61.03  121.776  61.03 999.999 999.99 0.000000000000000
 71.708333  71.750000  125.986  63.14  125.986  63.14  125.986  63.14 999.999 999.99 0.000000000000000
 71.750000  71.791667  133.688  67.00  133.688  67.00  133.688  67.00 999.999 999.99 0.189000000000000
 71.791667  71.833333  136.900  68.61  136.900  68.61  136.900  68.61 999.999 999.99 0.189000000000000
 71.833333  71.875000  136.222  68.27  136.222  68.27  136.222  68.27 999.999 999.99 0.189000000000000
 71.875000  71.916667  132.910  66.61  132.910  66.61  132.910  66.61 999.999 999.99 0.189000000000000
 71.916667  71.958333  133.548  66.93  133.548  66.93  133.548  66.93 999.999 999.99 0.189000000000000
 71.958333  72.000000  130.196  65.25  130.196  65.25  130.196  65.25 999.999 999.99 0.189000000000000
 72.000000  72.041667  122.873  61.58  122.873  61.58  122.873  61.58 999.999 999.99 0.189000000000000
 72.041667  72.083333  120.080  60.18  120.080  60.18  120.080  60.18 999.999 999.99 0.189000000000000
 72.083333  72.125000  116.189  58.23  116.189  58.23  116.189  58.23 999.999 999.99 0.189000000000000
 72.125000  72.166667  117.286  58.78  117.286  58.78  117.286  58.78 999.999 999.99 0.189000000000000
 72.166667  72.208333  117.526  58.90  117.526  58.90  117.526  58.90 999.999 999.99 0.189000000000000
 72.208333  72.250000  120.559  60.42  120.559  60.42  120.559  60.42 999.999 999.99 0.000000000000000
 72.250000  72.291667  122.055  61.17  122.055  61.17  122.055  61.17 999.999 999.99 0.000000000000000
 72.291667  72.333333  121.237  60.76  121.237  60.76  121.237  60.76 999.999 999.99 0.000000000000000
 72.333333  72.375000  121.676  60.98  121.676  60.98  121.676  60.98 999.999 999.99 0.000000000000000
 72.375000  72.416667  119.421  59.85  119.421  59.85  119.421  59.85 999.999 999.99 0.000000000000000
 72.416667  72.458333  110.263  55.26  110.263  55.26  110.263  55.26 999.999 999.99 0.000000000000000
 72.458333  72.500000  105.354  52.80  105.354  52.80  105.354  52.80 999.999 999.99 0.000000000000000
 72.500000  72.541667  108.726  54.49  108.726  54.49  108.726  54.49 999.999 999.99 0.000000000000000
 72.541667  72.583333  110.203  55.23  110.203  55.23  110.203  55.23 999.999 999.99 0.000000000000000
 72.583333  72.625000  106.871  53.56  106.871  53.56  106.871  53.56 999.999 999.99 0.000000000000000
 72.625000  72.666667  100.625  50.43  100.625  50.43  100.625  50.43 999.999 999.99 0.000000000000000
 72.666667  72.708333   96.674  48.45   96.674  48.45   96.674  48.45 999.999 999.99 0.000000000000000
 72.708333  72.750000   98.829  49.53   98.829  49.53   98.829  49.53 999.999 999.99 0.189000000000000
 72.750000  72.791667  103.997  52.12  103.997  52.12  103.997  52.12 999.999 999.99 0.189000000000000
 72.791667  72.833333  114.433  57.35  114.433  57.35  114.433  57.35 999.999 999.99 0.189000000000000
 72.833333  72.875000  116.348  58.31  116.348  58.31  116.348  58.31 999.999 999.99 0.189000000000000
 72.875000  72.916667  112.238  56.25  112.238  56.25  112.238  56.25 999.999 999.99 0.189000000000000
 72.916667  72.958333  111.619  55.94  111.619  55.94  111.619  55.94 999.999 999.99 0.189000000000000
 72.958333  73.000000  113.615  56.94  113.615  56.94  113.615  56.94 999.999 999.99 0.189000000000000
 73.000000  73.041667  113.475  56.87  113.475  56.87  113.475  56.87 999.999 999.99 0.189000000000000
 73.041667  73.083333  112.896  56.58  112.896  56.58  112.896  56.58 999.999 999.99 0.188189000000000
 73.083333  73.125000  111.121  55.69  111.121  55.69  111.121  55.69 999.999 999.99 0.189000000000000
 73.125000  73.166667  110.223  55.24  110.223  55.24  110.223  55.24 999.999 999.99 0.189000000000000
 73.166667  73.208333  107.190  53.72  107.190  53.72  107.190  53.72 999.999 999.99 0.189000000000000
 73.208333  73.250000  105.534  52.89  105.534  52.89  105.534  52.89 999.999 999.99 0.000000000000000
 73.250000  73.291667  106.671  53.46  106.671  53.46  106.671  53.46 999.999 999.99 0.000000000000000
 73.291667  73.333333  105.833  53.04  105.833  53.04  105.833  53.04 999.999 999.99 0.000000000000000
 73.333333  73.375000  105.514  52.88  105.514  52.88  105.514  52.88 999.999 999.99 0.000000000000000
 73.375000  73.416667  105.374  52.81  105.374  52.81  105.374  52.81 999.999 999.99 0.000000000000000
 73.416667  73.458333  111.460  55.86  111.460  55.86  111.460  55.86 999.999 999.99 0.000000000000000
 73.458333  73.500000 9999.999 999.99 9999.999 999.99 9999.999 999.99 999.999 999.99 0.999999999999999
 73.500000  73.541667  107.150  53.70  107.150  53.70  107.150  53.70 999.999 999.99 0.000000000000000
 73.541667  73.583333  103.419  51.83  103.419  51.83  103.419  51.83 999.999 999.99 0.000000000000000
 73.583333  73.625000  101.164  50.70  101.164  50.70  101.164  50.70 999.999 999.99 0.000000000000000
 73.625000  73.666667   98.590  49.41   98.590  49.41   98.590  49.41 999.999 999.99 0.000000000000000
 73.666667  73.708333  103.478  51.86  103.478  51.86  103.478  51.86 999.999 999.99 0.000000000000000
 73.708333  73.750000  106.152  53.20  106.152  53.20  106.152  53.20 999.999 999.99 0.189000000000000
 73.750000  73.791667  107.010  53.63  107.010  53.63  107.010  53.63 999.999 999.99 0.189000000000000
 73.791667  73.833333  106.731  53.49  106.731  53.49  106.731  53.49 999.999 999.99 0.188189000000000
 73.833333  73.875000  105.933  53.09  105.933  53.09  105.933  53.09 999.999 999.99 0.188189000000000
 73.875000  73.916667  105.434  52.84  105.434  52.84  105.434  52.84 999.999 999.99 0.188189000000000
 73.916667  73.958333  100.386  50.31  100.386  50.31  100.386  50.31 999.999 999.99 0.188189000000000
 73.958333  74.000000   95.776  48.00   95.776  48.00   95.776  48.00 999.999 999.99 0.188189000000000
 74.000000  74.041667   91.886  46.05   91.886  46.05   91.886  46.05 999.999 999.99 0.189000000000000
 74.041667  74.083333   90.090  45.15   90.090  45.15   90.090  45.15 999.999 999.99 0.189000000000000
 74.083333  74.125000   95.537  47.88   95.537  47.88   95.537  47.88 999.999 999.99 0.189000000000000
 74.125000  74.166667   93.761  46.99   93.761  46.99   93.761  46.99 999.999 999.99 0.189000000000000
 74.166667  74.208333  106.950  53.60  106.950  53.60  106.950  53.60 999.999 999.99 0.189000000000000
 74.208333  74.250000  106.392  53.32  106.392  53.32  106.392  53.32 999.999 999.99 0.000000000000000
 74.250000  74.291667  112.956  56.61  112.956  56.61  112.956  56.61 999.999 999.99 0.000000000000000
 74.291667  74.333333  112.198  56.23  112.198  56.23  112.198  56.23 999.999 999.99 0.000000000000000
 74.333333  74.375000  112.956  56.61  112.956  56.61  112.956  56.61 999.999 999.99 0.000000000000000
 74.375000  74.416667  113.056  56.66  113.056  56.66  113.056  56.66 999.999 999.99 0.000000000000000
 74.416667  74.458333  114.433  57.35  114.433  57.35  114.433  57.35 999.999 999.99 0.000000000000000
 74.458333  74.500000  113.495  56.88  113.495  56.88  113.495  56.88 999.999 999.99 0.000000000000000
 74.500000  74.541667  114.892  57.58  114.892  57.58  114.892  57.58 999.999 999.99 0.000000000000000
 74.541667  74.583333  115.530  57.90  115.530  57.90  115.530  57.90 999.999 999.99 0.000000000000000
 74.583333  74.625000  118.324  59.30  118.324  59.30  118.324  59.30 999.999 999.99 0.000000000000000
 74.625000  74.666667  119.561  59.92  119.561  59.92  119.561  59.92 999.999 999.99 0.000000000000000
 74.666667  74.708333  117.765  59.02  117.765  59.02  117.765  59.02 999.999 999.99 0.000000000000000
 74.708333  74.750000  126.804  63.55  126.804  63.55  126.804  63.55 999.999 999.99 0.000000000000000
 74.750000  74.791667  134.326  67.32  134.326  67.32  134.326  67.32 999.999 999.99 0.000000000000000
 74.791667  74.833333  138.636  69.48  138.636  69.48  138.636  69.48 999.999 999.99 0.189000000000000
 74.833333  74.875000  140.632  70.48  140.632  70.48  140.632  70.48 999.999 999.99 0.189000000000000
 74.875000  74.916667   76.741  38.46   76.741  38.46   76.741  38.46 999.999 999.99 0.189000000000000
 74.916667  74.958333   95.158  47.69   95.158  47.69   95.158  47.69 999.999 999.99 0.189000000000000
 74.958333  75.000000   88.753  44.48   88.753  44.48   88.753  44.48 999.999 999.99 0.188189000000000
 75.000000  75.041667   86.678  43.44   86.678  43.44   86.678  43.44 999.999 999.99 0.188189000000000
 75.041667  75.083333   77.040  38.61   77.040  38.61   77.040  38.61 999.999 999.99 0.188189000000000
 75.083333  75.125000   83.206  41.70   83.206  41.70   83.206  41.70 999.999 999.99 0.189000000000000
 75.125000  75.166667  110.562  55.41  110.562  55.41  110.562  55.41 999.999 999.99 0.189000000000000
 75.166667  75.208333  108.227  54.24  108.227  54.24  108.227  54.24 999.999 999.99 0.188189000000000
 75.208333  75.250000  109.744  55.00  109.744  55.00  109.744  55.00 999.999 999.99 0.188189000000000
 75.250000  75.291667  127.383  63.84  127.383  63.84  127.383  63.84 999.999 999.99 0.188189000000000
 75.291667  75.333333  140.951  70.64  140.951  70.64  140.951  70.64 999.999 999.99 0.188189000000000
 75.333333  75.375000  140.612  70.47  140.612  70.47  140.612  70.47 999.999 999.99 0.189000000000000
 75.375000  75.416667  145.121  72.73  145.121  72.73  145.121  72.73 999.999 999.99 0.188189000000000
 75.416667  75.458333  144.203  72.27  144.203  72.27  144.203  72.27 999.999 999.99 0.189000000000000
 75.458333  75.500000  141.769  71.05  141.769  71.05  141.769  71.05 999.999 999.99 0.188000000000000
 75.500000  75.541667  146.678  73.51  146.678  73.51  146.678  73.51 999.999 999.99 0.000000000000000
 75.541667  75.583333  147.895  74.12  147.895  74.12  147.895  74.12 999.999 999.99 0.000000000000000
 75.583333  75.625000  147.675  74.01  147.675  74.01  147.675  74.01 999.999 999.99 0.000000000000000
 75.625000  75.666667  146.598  73.47  146.598  73.47  146.598  73.47 999.999 999.99 0.000000000000000
 75.666667  75.708333  148.154  74.25  148.154  74.25  148.154  74.25 999.999 999.99 0.000000000000000
 75.708333  75.750000  148.174  74.26  148.174  74.26  148.174  74.26 999.999 999.99 0.000000000000000
 75.750000  75.791667  143.465  71.90  143.465  71.90  143.465  71.90 999.999 999.99 0.189000000000000
 75.791667  75.833333  145.141  72.74  145.141  72.74  145.141  72.74 999.999 999.99 0.188189000000000
 75.833333  75.875000  139.913  70.12  139.913  70.12  139.913  70.12 999.999 999.99 0.188189000000000
 75.875000  75.916667  118.104  59.19  118.104  59.19  118.104  59.19 999.999 999.99 0.189000000000000
 75.916667  75.958333   82.068  41.13   82.068  41.13   82.068  41.13 999.999 999.99 0.188189000000000
 75.958333  76.000000   76.741  38.46   76.741  38.46   76.741  38.46 999.999 999.99 0.188189000000000
 76.000000  76.041667   72.750  36.46   72.750  36.46   72.750  36.46 999.999 999.99 0.188189000000000
 76.041667  76.083333   69.957  35.06   69.957  35.06   69.957  35.06 999.999 999.99 0.188189000000000
 76.083333  76.125000   69.937  35.05   69.937  35.05   69.937  35.05 999.999 999.99 0.188189000000000
 76.125000  76.166667   81.450  40.82   81.450  40.82   81.450  40.82 999.999 999.99 0.188189000000000
 76.166667  76.208333   81.689  40.94   81.689  40.94   81.689  40.94 999.999 999.99 0.188189000000000
 76.208333  76.250000   92.823  46.52   92.823  46.52   92.823  46.52 999.999 999.99 0.000000000000000
 76.250000  76.291667  120.938  60.61  120.938  60.61  120.938  60.61 999.999 999.99 0.000000000000000
 76.291667  76.333333  122.554  61.42  122.554  61.42  122.554  61.42 999.999 999.99 0.000000000000000
 76.333333  76.375000  128.720  64.51  128.720  64.51  128.720  64.51 999.999 999.99 0.000000000000000
 76.375000  76.416667  131.054  65.68  131.054  65.68  131.054  65.68 999.999 999.99 0.000000000000000
 76.416667  76.458333  131.972  66.14  131.972  66.14  131.972  66.14 999.999 999.99 0.000000000000000
 76.458333  76.500000  130.954  65.63  130.954  65.63  130.954  65.63 999.999 999.99 0.000000000000000
 76.500000  76.541667  133.069  66.69  133.069  66.69  133.069  66.69 999.999 999.99 0.000000000000000
 76.541667  76.583333  132.950  66.63  132.950  66.63  132.950  66.63 999.999 999.99 0.000000000000000
 76.583333  76.625000  131.892  66.10  131.892  66.10  131.892  66.10 999.999 999.99 0.000000000000000
 76.625000  76.666667  130.176  65.24  130.176  65.24  130.176  65.24 999.999 999.99 0.188189000000000
 76.666667  76.708333  127.941  64.12  127.941  64.12  127.941  64.12 999.999 999.99 0.188189000000000
 76.708333  76.750000  130.116  65.21  130.116  65.21  130.116  65.21 999.999 999.99 0.188189000000000
 76.750000  76.791667  128.620  64.46  128.620  64.46  128.620  64.46 999.999 999.99 0.188189000000000
 76.791667  76.833333  125.766  63.03  125.766  63.03  125.766  63.03 999.999 999.99 0.188189000000000
 76.833333  76.875000  127.183  63.74  127.183  63.74  127.183  63.74 999.999 999.99 0.188189000000000
 76.875000  76.916667  126.185  63.24  126.185  63.24  126.185  63.24 999.999 999.99 0.188189000000000
 76.916667  76.958333  106.531  53.39  106.531  53.39  106.531  53.39 999.999 999.99 0.188189000000000
 76.958333  77.000000   90.768  45.49   90.768  45.49   90.768  45.49 999.999 999.99 0.189000000000000
 77.000000  77.041667   79.275  39.73   79.275  39.73   79.275  39.73 999.999 999.99 0.188189000000000
 77.041667  77.083333   72.890  36.53   72.890  36.53   72.890  36.53 999.999 999.99 0.188189000000000
 77.083333  77.125000   72.910  36.54   72.910  36.54   72.910  36.54 999.999 999.99 0.188189000000000
 77.125000  77.166667   79.255  39.72   79.255  39.72   79.255  39.72 999.999 999.99 0.188189000000000
 77.166667  77.208333   89.711  44.96   89.711  44.96   89.711  44.96 999.999 999.99 0.189000000000000
 77.208333  77.250000  130.775  65.54  130.775  65.54  130.775  65.54 999.999 999.99 0.000000000000000
 77.250000  77.291667  135.723  68.02  135.723  68.02  135.723  68.02 999.999 999.99 0.000000000000000
 77.291667  77.333333  147.875  74.11  147.875  74.11  147.875  74.11 999.999 999.99 0.000000000000000
 77.333333  77.375000  147.077  73.71  147.077  73.71  147.077  73.71 999.999 999.99 0.000000000000000
 77.375000  77.416667  149.371  74.86  149.371  74.86  149.371  74.86 999.999 999.99 0.000000000000000
 77.416667  77.458333  147.596  73.97  147.596  73.97  147.596  73.97 999.999 999.99 0.000000000000000
 77.458333  77.500000  141.510  70.92  141.510  70.92  141.510  70.92 999.999 999.99 0.000000000000000
 77.500000  77.541667  139.195  69.76  139.195  69.76  139.195  69.76 999.999 999.99 0.000000000000000
 77.541667  77.583333  137.758  69.04  137.758  69.04  137.758  69.04 999.999 999.99 0.000000000000000
 77.583333  77.625000  131.294  65.80  131.294  65.80  131.294  65.80 999.999 999.99 0.000000000000000
 77.625000  77.666667  127.842  64.07  127.842  64.07  127.842  64.07 999.999 999.99 0.000000000000000
