ozone_datasets/Ebas_221019_1549/US1200R.20140101000000.20180129171638.uv_abs.ozone.air.1y.1h.US06L_Thermo_49C_MLO.US06L_AM.lev2.nas
86 1001
McClure-Begley, Audra; Petropavlovskikh, Irina
US06L, National Oceanic and Atmospheric Administration, NOAA/ESRL/GMD, "Earth System Research Laboratory, Global Monitoring Division", 325 Broadway, , CO 80305-3, Boulder, U.S.A.
McClure-Begley, Audra
GAW-WDCRG NOAA-ESRL
1 1
2014 01 01 2018 01 29
0.041667
days from file reference point
10
1 1 1 1 1 1 1 1 1 1
999.999999 9999.999 999.99 9999.999 999.99 9999.999 999.99 999.999 999.99 9.999999999999999
end_time of measurement, days from the file reference point
ozone, ug/m3, Statistics=arithmetic mean, Volume std. temperature=293.15 K, Volume std. pressure=1013.25 hPa, Detection limit=1.995 ug/m3, Measurement uncertainty=1.995 ug/m3, Measurement uncertainty expl.=includes statistical uncertainty of individual sample and calibration uncertainty, "Comment=Data converted on import into EBAS from 'nmol/mol' to 'ug/m3' at 293.15 K, 1013.25 hPa, conversion factor 1.99534."
ozone, nmol/mol, Statistics=arithmetic mean, Detection limit=1.0 nmol/mol, Measurement uncertainty=1.0 nmol/mol, Measurement uncertainty expl.=includes statistical uncertainty of individual sample and calibration uncertainty, "Comment=Data converted on import into EBAS from 'nmol/mol' to 'ug/m3' at 293.15 K, 1013.25 hPa, conversion factor 1.99534. -- Data converted on export from EBAS from 'ug/m3' at 293.15 K, 1013.25 hPa to 'nmol/mol', conversion factor 0.5012. Measurement uncertainty converted from '1.995 ug/m3' at 293.15 K, 1013.25 hPa to '1.0 nmol/mol', conversion factor 0.5012. Detection limit converted from '1.995 ug/m3' at 293.15 K, 1013.25 hPa to '1.0 nmol/mol', conversion factor 0.5012."
ozone, ug/m3, Statistics=maximum, Volume std. temperature=293.15 K, Volume std. pressure=1013.25 hPa, Detection limit=1.995 ug/m3, "Comment=Data converted on import into EBAS from 'nmol/mol' to 'ug/m3' at 293.15 K, 1013.25 hPa, conversion factor 1.99534. Detection limit converted from '1.0 nmol/mol' to '1.995 ug/m3' at 293.15 K, 1013.25 hPa, conversion factor 1.99534."
ozone, nmol/mol, Statistics=maximum, Detection limit=1.0 nmol/mol, "Comment=Data converted on import into EBAS from 'nmol/mol' to 'ug/m3' at 293.15 K, 1013.25 hPa, conversion factor 1.99534. Detection limit converted from '1.0 nmol/mol' to '1.995 ug/m3' at 293.15 K, 1013.25 hPa, conversion factor 1.99534. -- Data converted on export from EBAS from 'ug/m3' at 293.15 K, 1013.25 hPa to 'nmol/mol', conversion factor 0.5012. Detection limit converted from '1.995 ug/m3' at 293.15 K, 1013.25 hPa to '1.0 nmol/mol', conversion factor 0.5012."
ozone, ug/m3, Statistics=minimum, Volume std. temperature=293.15 K, Volume std. pressure=1013.25 hPa, Detection limit=1.995 ug/m3, "Comment=Data converted on import into EBAS from 'nmol/mol' to 'ug/m3' at 293.15 K, 1013.25 hPa, conversion factor 1.99534. Detection limit converted from '1.0 nmol/mol' to '1.995 ug/m3' at 293.15 K, 1013.25 hPa, conversion factor 1.99534."
[...]
Inlet type:                   Hat or hood
Inlet description:            Downward Facing, teflon inlet bell
Inlet tube material:          Teflon
Inlet tube outer diameter:    6.35 mm
Inlet tube inner diameter:    4.76 mm
Inlet tube length:            7.0 m
Flow rate:                    1.0 l/min
Humidity/temperature control description: Automatic
Zero/negative values code:    Zero/negative possible
Zero/negative values:         Zero and neg. values may appear due to statistical variations at very low concentrations
Absorption cross section:     Hearn, 1961 cm2
QA1 measure ID:               US06L_reference_calibration_20070630
QA1 date:                     20100101
QA1 outcome:                  pass
Originator:                   "McClure-Begley, Audra, Audra.mcclure@noaa.gov, National Oceanic and Atmospheric Administration/Earth System Research Laboratory/Global Monitoring Division, NOAA/ESRL/GMD, , 325 Broadway, , 80305, ""Boulder, CO"", USA"
Originator:                   "Petropavlovskikh, Irina, Irina.petro@noaa.gov, National Oceanic and Atmospheric Administration/Earth System Research Laboratory/Global Monitoring Division, NOAA/ESRL/GMD, , 325 Broadway, , 80305, ""Boulder, CO"", USA"
Submitter:                    "McClure-Begley, Audra, Audra.mcclure@noaa.gov, National Oceanic and Atmospheric Administration/Earth System Research Laboratory/Global Monitoring Division, NOAA/ESRL/GMD, , 325 Broadway, , 80305, ""Boulder, CO"", USA"
Acknowledgement:              "Request Acknowledgement details from data originator. http://dx.doi.org/10.7289/V57P8WBF"
starttime endtime O3 O3 O3 O3 O3 O3 O3 O3 flag
[from data line 3418]
142.416667 142.458333  108.407  54.33  110.462  55.36  106.471  53.36   1.277   0.64 0.000000000000000
142.458333 142.500000  100.625  50.43  106.412  53.33   96.654  48.44   3.073   1.54 0.000000000000000
142.500000 142.541667   96.914  48.57   98.211  49.22   95.298  47.76   0.778   0.39 0.000000000000000
142.541667 142.583333   97.572  48.90   98.889  49.56   96.255  48.24   0.818   0.41 0.000000000000000
142.583333 142.625000   96.654  48.44  101.862  51.05   92.005  46.11   3.711   1.86 0.000000000000000
142.625000 142.666667   99.009  49.62  100.904  50.57   96.974  48.60   1.018   0.51 0.000000000000000
142.666667 142.708333   98.869  49.55  100.226  50.23   92.983  46.60   1.955   0.98 0.189188000000000
142.708333 142.750000   87.855  44.03   90.489  45.35   84.822  42.51   1.497   0.75 0.189188000000000
142.750000 142.791667   96.235  48.23  100.665  50.45   88.533  44.37   3.452   1.73 0.189188000000000
142.791667 142.833333   88.434  44.32   96.036  48.13   79.355  39.77   6.126   3.07 0.189000000000000
142.833333 142.875000   76.681  38.43   79.814  40.00   73.508  36.84   1.756   0.88 0.189000000000000
142.875000 142.916667   71.593  35.88   78.916  39.55   64.090  32.12   4.310   2.16 0.189000000000000
142.916667 142.958333   58.364  29.25   62.454  31.30   54.273  27.20   2.973   1.49 0.189000000000000
142.958333 143.000000   61.457  30.80   68.500  34.33   54.054  27.09   4.410   2.21 0.189000000000000
143.000000 143.041667   70.076  35.12   78.696  39.44   65.427  32.79   4.809   2.41 0.189000000000000
143.041667 143.083333   68.261  34.21   78.956  39.57   59.441  29.79   6.724   3.37 0.189000000000000
143.083333 143.125000   74.047  37.11   81.649  40.92   69.139  34.65   3.592   1.80 0.189000000000000
143.125000 143.166667   72.870  36.52   80.871  40.53   67.742  33.95   3.472   1.74 0.189000000000000
143.166667 143.208333   79.574  39.88   83.745  41.97   71.992  36.08   3.232   1.62 0.189000000000000
143.208333 143.250000   84.104  42.15   89.511  44.86   80.013  40.10   3.472   1.74 0.188189000000000
143.250000 143.291667   88.094  44.15   89.691  44.95   85.480  42.84   1.377   0.69 0.189188000000000
143.291667 143.333333   88.912  44.56   92.205  46.21   85.860  43.03   2.355   1.18 0.188000000000000
143.333333 143.375000   96.634  48.43   99.647  49.94   95.856  48.04   1.097   0.55 0.188000000000000
143.375000 143.416667   96.375  48.30   99.328  49.78   93.821  47.02   1.796   0.90 0.000000000000000
143.416667 143.458333   88.553  44.38   93.202  46.71   86.239  43.22   2.035   1.02 0.000000000000000
143.458333 143.500000   92.165  46.19   94.360  47.29   87.975  44.09   1.916   0.96 0.000000000000000
143.500000 143.541667   89.471  44.84   90.249  45.23   88.813  44.51   0.519   0.26 0.394000000000000
143.541667 143.583333   88.972  44.59   90.010  45.11   86.917  43.56   1.117   0.56 0.000000000000000
143.583333 143.625000   88.992  44.60   89.890  45.05   87.456  43.83   0.738   0.37 0.000000000000000
143.625000 143.666667   90.648  45.43   91.207  45.71   90.409  45.31   0.219   0.11 0.000000000000000
143.666667 143.708333   91.247  45.73   92.763  46.49   90.249  45.23   0.778   0.39 0.189000000000000
143.708333 143.750000   92.684  46.45   93.661  46.94   90.868  45.54   0.798   0.40 0.188189000000000
143.750000 143.791667   94.779  47.50   95.717  47.97   92.863  46.54   0.938   0.47 0.189188000000000
143.791667 143.833333   90.170  45.19   95.637  47.93   84.064  42.13   4.290   2.15 0.189000000000000
143.833333 143.875000   81.949  41.07   84.762  42.48   78.656  39.42   1.536   0.77 0.189000000000000
143.875000 143.916667   78.656  39.42   81.689  40.94   76.901  38.54   1.217   0.61 0.189000000000000
143.916667 143.958333   72.611  36.39   77.659  38.92   65.766  32.96   4.809   2.41 0.189000000000000
143.958333 144.000000   67.143  33.65   73.349  36.76   60.539  30.34   4.170   2.09 0.189000000000000
144.000000 144.041667   66.405  33.28   76.861  38.52   60.559  30.35   4.928   2.47 0.189000000000000
144.041667 144.083333   66.225  33.19   72.790  36.48   60.479  30.31   4.090   2.05 0.189000000000000
144.083333 144.125000   64.729  32.44   73.389  36.78   61.596  30.87   3.612   1.81 0.189000000000000
144.125000 144.166667   69.997  35.08   77.579  38.88   65.328  32.74   3.851   1.93 0.189000000000000
144.166667 144.208333   63.612  31.88   69.478  34.82   59.421  29.78   2.853   1.43 0.188189000000000
144.208333 144.250000   62.514  31.33   65.248  32.70   60.898  30.52   1.317   0.66 0.188189000000000
144.250000 144.291667   76.541  38.36   87.635  43.92   61.736  30.94  10.116   5.07 0.189188000000000
144.291667 144.333333   86.199  43.20   91.427  45.82   73.349  36.76   5.507   2.76 0.189188000000000
144.333333 144.375000   85.540  42.87   90.110  45.16   80.492  40.34   2.933   1.47 0.188189000000000
144.375000 144.416667   83.565  41.88   85.441  42.82   81.769  40.98   1.077   0.54 0.188189000000000
144.416667 144.458333   86.698  43.45   91.427  45.82   83.485  41.84   2.793   1.40 0.189188000000000
144.458333 144.500000   86.438  43.32   89.930  45.07   80.512  40.35   3.312   1.66 0.188189000000000
144.500000 144.541667   89.391  44.80   92.025  46.12   87.216  43.71   1.676   0.84 0.188000000000000
144.541667 144.583333   82.487  41.34   90.329  45.27   77.719  38.95   4.210   2.11 0.189000000000000
144.583333 144.625000   79.455  39.82   81.889  41.04   77.060  38.62   1.297   0.65 0.000000000000000
144.625000 144.666667   78.617  39.40   83.465  41.83   73.109  36.64   2.853   1.43 0.000000000000000
144.666667 144.708333   81.809  41.00  104.636  52.44   74.346  37.26  10.835   5.43 0.189000000000000
144.708333 144.750000   98.710  49.47  102.301  51.27   94.180  47.20   2.414   1.21 0.189188000000000
144.750000 144.791667   91.167  45.69   95.956  48.09   82.946  41.57   4.909   2.46 0.189188000000000
144.791667 144.833333   84.722  42.46   87.157  43.68   82.847  41.52   1.317   0.66 0.189188000000000
144.833333 144.875000   78.836  39.51   83.685  41.94   76.641  38.41   2.255   1.13 0.189000000000000
144.875000 144.916667   69.578  34.87   73.229  36.70   63.871  32.01   3.232   1.62 0.189000000000000
144.916667 144.958333   60.698  30.42   62.394  31.27   59.960  30.05   0.678   0.34 0.189000000000000
144.958333 145.000000   59.840  29.99   61.935  31.04   58.264  29.20   1.197   0.60 0.188189000000000
145.000000 145.041667   64.829  32.49   66.026  33.09   63.532  31.84   0.658   0.33 0.189188000000000
145.041667 145.083333   64.150  32.15   66.006  33.08   62.893  31.52   0.998   0.50 0.188189000000000
145.083333 145.125000   62.115  31.13   64.390  32.27   59.421  29.78   1.856   0.93 0.189000000000000
145.125000 145.166667   62.554  31.35   65.727  32.94   60.299  30.22   1.696   0.85 0.189000000000000
145.166667 145.208333   61.955  31.05   63.851  32.00   60.100  30.12   1.058   0.53 0.189188000000000
145.208333 145.250000   63.073  31.61   70.316  35.24   56.169  28.15   4.589   2.30 0.189188000000000
145.250000 145.291667   72.670  36.42   77.020  38.60   68.261  34.21   2.754   1.38 0.000000000000000
145.291667 145.333333   75.564  37.87   78.656  39.42   69.817  34.99   2.554   1.28 0.000000000000000
145.333333 145.375000   73.049  36.61   75.364  37.77   70.076  35.12   1.596   0.80 0.000000000000000
145.375000 145.416667   72.311  36.24   74.227  37.20   69.538  34.85   1.576   0.79 0.188189000000000
145.416667 145.458333   73.808  36.99   75.963  38.07   72.571  36.37   1.058   0.53 0.188000000000000
145.458333 145.500000   77.699  38.94   81.270  40.73   75.763  37.97   1.716   0.86 0.000000000000000
145.500000 145.541667   81.789  40.99   89.252  44.73   78.716  39.45   3.691   1.85 0.000000000000000
145.541667 145.583333   85.500  42.85   86.618  43.41   83.246  41.72   0.898   0.45 0.000000000000000
145.583333 145.625000   83.804  42.00   87.436  43.82   80.871  40.53   1.816   0.91 0.000000000000000
145.625000 145.666667   84.243  42.22   86.997  43.60   82.607  41.40   1.317   0.66 0.000000000000000
145.666667 145.708333   86.219  43.21   89.371  44.79   83.964  42.08   1.556   0.78 0.189188000000000
145.708333 145.750000   86.977  43.59   89.252  44.73   84.762  42.48   1.277   0.64 0.188189000000000
145.750000 145.791667   73.508  36.84   84.902  42.55   60.219  30.18   8.680   4.35 0.189188000000000
145.791667 145.833333   68.740  34.45   76.821  38.50   58.344  29.24   6.206   3.11 0.189000000000000
145.833333 145.875000   61.197  30.67   64.110  32.13   59.481  29.81   1.377   0.69 0.189000000000000
145.875000 145.916667   60.439  30.29   62.674  31.41   57.625  28.88   1.357   0.68 0.189188000000000
145.916667 145.958333   63.911  32.03   69.418  34.79   60.060  30.10   2.793   1.40 0.188189000000000
145.958333 146.000000   70.416  35.29   74.706  37.44   67.822  33.99   2.175   1.09 0.188189394000000
146.000000 146.041667   71.593  35.88   73.349  36.76   70.096  35.13   1.058   0.53 0.189000000000000
146.041667 146.083333   68.500  34.33   72.251  36.21   67.323  33.74   1.437   0.72 0.189000000000000
146.083333 146.125000   69.218  34.69   71.912  36.04   67.502  33.83   1.277   0.64 0.189000000000000
146.125000 146.166667   66.465  33.31   68.480  34.32   64.829  32.49   1.117   0.56 0.188189000000000
146.166667 146.208333   66.764  33.46   70.695  35.43   62.993  31.57   3.013   1.51 0.188189000000000
146.208333 146.250000   65.826  32.99   70.775  35.47   61.496  30.82   3.412   1.71 0.188189000000000
146.250000 146.291667   73.129  36.65   77.599  38.89   70.476  35.32   2.474   1.24 0.189188000000000
146.291667 146.333333   66.545  33.35   70.017  35.09   63.212  31.68   2.514   1.26 0.188189000000000
146.333333 146.375000   72.471  36.32   75.324  37.75   69.079  34.62   2.374   1.19 0.188000000000000
146.375000 146.416667   78.098  39.14   80.313  40.25   75.424  37.80   1.716   0.86 0.000000000000000
146.416667 146.458333   78.437  39.31   79.973  40.08   76.980  38.58   0.938   0.47 0.000000000000000
146.458333 146.500000   75.125  37.65   76.920  38.55   73.149  36.66   1.437   0.72 0.000000000000000
146.500000 146.541667   77.140  38.66   80.173  40.18   72.730  36.45   2.574   1.29 0.000000000000000
146.541667 146.583333   80.632  40.41   81.689  40.94   79.694  39.94   0.599   0.30 0.000000000000000
146.583333 146.625000   79.654  39.92   81.490  40.84   74.107  37.14   2.235   1.12 0.000000000000000
146.625000 146.666667   72.790  36.48   73.848  37.01   71.792  35.98   0.619   0.31 0.000000000000000
146.666667 146.708333   73.389  36.78   75.783  37.98   72.032  36.10   1.377   0.69 0.000000000000000
146.708333 146.750000   75.185  37.68   77.918  39.05   72.810  36.49   1.457   0.73 0.188189000000000
146.750000 146.791667   74.985  37.58   78.716  39.45   71.094  35.63   2.474   1.24 0.189188000000000
146.791667 146.833333   72.291  36.23   74.307  37.24   69.677  34.92   1.596   0.80 0.189000000000000
146.833333 146.875000   69.478  34.82   73.808  36.99   66.784  33.47   2.055   1.03 0.189000000000000
146.875000 146.916667   74.466  37.32   76.062  38.12   72.930  36.55   1.058   0.53 0.189188000000000
146.916667 146.958333   77.539  38.86   79.814  40.00   75.783  37.98   1.317   0.66 0.189188000000000
146.958333 147.000000   77.180  38.68   81.809  41.00   75.584  37.88   1.776   0.89 0.188189000000000
147.000000 147.041667   79.395  39.79   82.507  41.35   76.901  38.54   1.736   0.87 0.188189000000000
147.041667 147.083333   79.494  39.84   82.966  41.58   73.289  36.73   3.113   1.56 0.189188000000000
147.083333 147.125000   76.561  38.37   82.747  41.47   70.914  35.54   3.791   1.90 0.188189000000000
147.125000 147.166667   76.881  38.53   83.804  42.00   70.615  35.39   4.070   2.04 0.188189000000000
147.166667 147.208333   85.939  43.07   90.349  45.28   77.120  38.65   4.450   2.23 0.189188000000000
147.208333 147.250000   96.834  48.53  105.274  52.76   87.336  43.77   6.305   3.16 0.000000000000000
147.250000 147.291667   99.009  49.62  104.975  52.61   93.602  46.91   3.292   1.65 0.000000000000000
147.291667 147.333333  101.802  51.02  110.682  55.47   93.502  46.86   6.166   3.09 0.000000000000000
147.333333 147.375000  102.022  51.13  109.983  55.12   88.853  44.53   8.520   4.27 0.000000000000000
147.375000 147.416667   93.701  46.96  102.980  51.61   85.321  42.76   5.886   2.95 0.000000000000000
147.416667 147.458333   85.121  42.66   93.621  46.92   78.178  39.18   5.926   2.97 0.000000000000000
147.458333 147.500000   88.912  44.56   95.457  47.84   79.355  39.77   5.387   2.70 0.000000000000000
147.500000 147.541667   87.975  44.09   91.187  45.70   86.079  43.14   1.477   0.74 0.000000000000000
147.541667 147.583333   87.655  43.93   91.207  45.71   84.822  42.51   2.215   1.11 0.188000000000000
147.583333 147.625000   90.309  45.26   91.786  46.00   88.314  44.26   0.938   0.47 0.000000000000000
147.625000 147.666667   92.065  46.14   95.996  48.11   88.374  44.29   1.995   1.00 0.000000000000000
147.666667 147.708333   99.049  49.64  101.902  51.07   96.515  48.37   1.856   0.93 0.000000000000000
147.708333 147.750000   96.355  48.29   98.151  49.19   94.340  47.28   1.437   0.72 0.189000000000000
147.750000 147.791667   95.956  48.09   97.732  48.98   94.400  47.31   0.858   0.43 0.189000000000000
147.791667 147.833333   95.038  47.63   96.455  48.34   93.282  46.75   1.077   0.54 0.189000000000000
147.833333 147.875000   94.639  47.43   96.634  48.43   92.664  46.44   1.277   0.64 0.189000000000000
147.875000 147.916667   92.783  46.50   94.579  47.40   88.833  44.52   1.576   0.79 0.189000000000000
147.916667 147.958333   89.691  44.95   90.030  45.12   89.691  44.95   0.219   0.11 0.189390000000000
147.958333 148.000000 9999.999 999.99 9999.999 999.99 9999.999 999.99 999.999 999.99 0.999000000000000
148.000000 148.041667   76.841  38.51   82.248  41.22   72.172  36.17   2.654   1.33 0.189000000000000
148.041667 148.083333   70.954  35.56   78.696  39.44   62.793  31.47   6.046   3.03 0.189000000000000
148.083333 148.125000   64.749  32.45   67.063  33.61   62.773  31.46   1.337   0.67 0.188189000000000
148.125000 148.166667   66.644  33.40   68.560  34.36   64.330  32.24   1.257   0.63 0.188189000000000
148.166667 148.208333   68.141  34.15   72.830  36.50   64.908  32.53   1.995   1.00 0.189188000000000
148.208333 148.250000   76.881  38.53   93.442  46.83   68.959  34.56   8.879   4.45 0.189000000000000
148.250000 148.291667   98.131  49.18  104.556  52.40   95.038  47.63   3.252   1.63 0.000000000000000
148.291667 148.333333   98.271  49.25  102.640  51.44   94.978  47.60   2.694   1.35 0.000000000000000
148.333333 148.375000   97.193  48.71  101.523  50.88   94.180  47.20   2.494   1.25 0.000000000000000
148.375000 148.416667  101.643  50.94  102.900  51.57   98.909  49.57   1.337   0.67 0.000000000000000
148.416667 148.458333   96.874  48.55  101.543  50.89   92.504  46.36   3.432   1.72 0.000000000000000
148.458333 148.500000  104.656  52.45  107.669  53.96  101.204  50.72   2.075   1.04 0.000000000000000
148.500000 148.541667  102.201  51.22  104.177  52.21   99.308  49.77   1.477   0.74 0.000000000000000
148.541667 148.583333  105.135  52.69  108.227  54.24  102.720  51.48   2.115   1.06 0.000000000000000
148.583333 148.625000  104.556  52.40  108.507  54.38  100.685  50.46   2.175   1.09 0.000000000000000
148.625000 148.666667  105.713  52.98  109.923  55.09  102.581  51.41   2.494   1.25 0.000000000000000
148.666667 148.708333   98.750  49.49  102.201  51.22   88.274  44.24   4.250   2.13 0.000000000000000
148.708333 148.750000   84.583  42.39   91.028  45.62   77.280  38.73   5.108   2.56 0.189000000000000
148.750000 148.791667   88.454  44.33   91.546  45.88   82.986  41.59   2.774   1.39 0.189000000000000
148.791667 148.833333   92.883  46.55   95.577  47.90   90.668  45.44   1.656   0.83 0.189000000000000
