ozone_datasets/Ebas_221019_1549/US1200R.20190101000000.20220419100242.uv_abs.ozone.air.1y.1h.US06L_Thermo_49C_MLO.US06L_AM.lev2.nas
84 1001
McClure-Begley, Audra; Petropavlovskikh, Irina
US06L, National Oceanic and Atmospheric Administration, NOAA/ESRL/GMD, "Earth System Research Laboratory, Global Monitoring Division", 325 Broadway, , CO 80305-3, Boulder, U.S.A.
McClure-Begley, Audra; Petropavlovskikh, Irina
GAW-WDCRG NOAA-ESRL
1 1
2019 01 01 2022 04 19
0.041667
days from file reference point
10
1 1 1 1 1 1 1 1 1 1
999.999999 9999.999 9999.99 9999.999 9999.99 9999.999 9999.99 999.999 999.99 9.999999999
end_time of measurement, days from the file reference point
ozone, ug/m3, Statistics=arithmetic mean, Volume std. temperature=293.15 K, Volume std. pressure=1013.25 hPa, "Comment=Data converted on import into EBAS from 'ppb' to 'ug/m3' at 293.15 K, 1013.25 hPa, conversion factor 1.99534."
ozone, nmol/mol, Statistics=arithmetic mean, "Comment=Data converted on import into EBAS from 'ppb' to 'ug/m3' at 293.15 K, 1013.25 hPa, conversion factor 1.99534. -- Data converted on export from EBAS from 'ug/m3' at 293.15 K, 1013.25 hPa to 'nmol/mol', conversion factor 0.5012."
ozone, ug/m3, Statistics=maximum, Volume std. temperature=293.15 K, Volume std. pressure=1013.25 hPa, "Comment=Data converted on import into EBAS from 'ppb' to 'ug/m3' at 293.15 K, 1013.25 hPa, conversion factor 1.99534."
ozone, nmol/mol, Statistics=maximum, "Comment=Data converted on import into EBAS from 'ppb' to 'ug/m3' at 293.15 K, 1013.25 hPa, conversion factor 1.99534. -- Data converted on export from EBAS from 'ug/m3' at 293.15 K, 1013.25 hPa to 'nmol/mol', conversion factor 0.5012."
ozone, ug/m3, Statistics=minimum, Volume std. temperature=293.15 K, Volume std. pressure=1013.25 hPa, "Comment=Data converted on import into EBAS from 'ppb' to 'ug/m3' at 293.15 K, 1013.25 hPa, conversion factor 1.99534."
ozone, nmol/mol, Statistics=minimum, "Comment=Data converted on import into EBAS from 'ppb' to 'ug/m3' at 293.15 K, 1013.25 hPa, conversion factor 1.99534. -- Data converted on export from EBAS from 'ug/m3' at 293.15 K, 1013.25 hPa to 'nmol/mol', conversion factor 0.5012."
ozone, ug/m3, Statistics=stddev, Volume std. temperature=293.15 K, Volume std. pressure=1013.25 hPa, "Comment=Data converted on import into EBAS from 'ppb' to 'ug/m3' at 293.15 K, 1013.25 hPa, conversion factor 1.99534."
ozone, nmol/mol, Statistics=stddev, "Comment=Data converted on import into EBAS from 'ppb' to 'ug/m3' at 293.15 K, 1013.25 hPa, conversion factor 1.99534. -- Data converted on export from EBAS from 'ug/m3' at 293.15 K, 1013.25 hPa to 'nmol/mol', conversion factor 0.5012."
numflag, no unit
0
60
Data definition:              EBAS_1.1
Set type code:                TU
Timezone:                     UTC
File name:                    US1200R.20190101000000.20220419100242.uv_abs.ozone.air.1y.1h.US06L_Thermo_49C_MLO.US06L_AM.lev2.nas
File creation:                20221019135549885000
Export state:                 20221019135004513121
Export filter:                exclude-900,exclude-invalid
Startdate:                    20190101000000
Revision date:                20220419100242
Version:                      1
Version description:          Version numbering not tracked, generated by CPD3 EBAS Export v26 run as da.output.ebas (21601) run by mcclure on aero.cmdl.noaa.gov via da.output.ebas --profile=ozone mlo 2019-01-01 2020-01-01
Data level:                   2
[...]
Inlet type:                   Hat or hood
Inlet description:            Downward Facing, teflon inlet bell
Inlet tube material:          Teflon
Inlet tube outer diameter:    6.35 mm
Inlet tube inner diameter:    4.76 mm
Inlet tube length:            7.0 m
Flow rate:                    1.1 l/min
Absorption cross section:     Hearn, 1961 cm2
QA1 measure ID:               US06L_reference_calibration_20070630
QA1 date:                     20100101
QA1 outcome:                  pass
Originator:                   "McClure-Begley, Audra, Audra.mcclure@noaa.gov, National Oceanic and Atmospheric Administration/Earth System Research Laboratory/Global Monitoring Division, NOAA/ESRL/GMD, , 325 Broadway, , 80305, ""Boulder, CO"", USA"
Originator:                   "Petropavlovskikh, Irina, Irina.petro@noaa.gov, National Oceanic and Atmospheric Administration/Earth System Research Laboratory/Global Monitoring Division, NOAA/ESRL/GMD, , 325 Broadway, , 80305, ""Boulder, CO"", USA"
Submitter:                    "McClure-Begley, Audra, Audra.mcclure@noaa.gov, National Oceanic and Atmospheric Administration/Earth System Research Laboratory/Global Monitoring Division, NOAA/ESRL/GMD, , 325 Broadway, , 80305, ""Boulder, CO"", USA"
Submitter:                    "Petropavlovskikh, Irina, Irina.petro@noaa.gov, National Oceanic and Atmospheric Administration/Earth System Research Laboratory/Global Monitoring Division, NOAA/ESRL/GMD, , 325 Broadway, , 80305, ""Boulder, CO"", USA"
Acknowledgement:              "Request Acknowledgement details from data originator. http://dx.doi.org/10.7289/V57P8WBF"
starttime endtime O3 O3 O3 O3 O3 O3 O3 O3 flag
[from data line 5121]
213.375000 213.416667   26.039   13.05   26.678   13.37   25.461   12.76   0.399   0.20 0.000000000
213.416667 213.458333   25.820   12.94   26.319   13.19   25.181   12.62   0.319   0.16 0.000000000
213.458333 213.500000   26.219   13.14   26.738   13.40   25.161   12.61   0.499   0.25 0.000000000
213.500000 213.541667   27.476   13.77   27.915   13.99   26.997   13.53   0.239   0.12 0.000000000
213.541667 213.583333   27.017   13.54   27.995   14.03   25.121   12.59   0.818   0.41 0.000000000
213.583333 213.625000   29.691   14.88   35.198   17.64   26.797   13.43   3.352   1.68 0.189000000
213.625000 213.666667   33.003   16.54   35.557   17.82   31.526   15.80   1.097   0.55 0.000000000
213.666667 213.708333   32.444   16.26   33.322   16.70   31.067   15.57   0.738   0.37 0.189000000
213.708333 213.750000   31.726   15.90   34.699   17.39   29.870   14.97   1.417   0.71 0.000000000
213.750000 213.791667   24.383   12.22   26.937   13.50   22.148   11.10   1.317   0.66 0.000000000
213.791667 213.833333   26.797   13.43   31.147   15.61   23.665   11.86   2.315   1.16 0.000000000
213.833333 213.875000   35.896   17.99   45.254   22.68   29.152   14.61   4.809   2.41 0.000000000
213.875000 213.916667   41.882   20.99   47.150   23.63   38.710   19.40   2.474   1.24 0.000000000
213.916667 213.958333   38.789   19.44   41.204   20.65   34.679   17.38   1.676   0.84 0.000000000
213.958333 214.000000   36.694   18.39   40.366   20.23   34.879   17.48   1.576   0.79 0.000000000
214.000000 214.041667   37.333   18.71   41.004   20.55   32.205   16.14   3.153   1.58 0.189000000
214.041667 214.083333   31.626   15.85   32.225   16.15   30.848   15.46   0.399   0.20 0.189188000
214.083333 214.125000   34.001   17.04   35.816   17.95   32.684   16.38   1.117   0.56 0.189000000
214.125000 214.166667   32.544   16.31   33.043   16.56   32.005   16.04   0.319   0.16 0.188189000
214.166667 214.208333   32.624   16.35   34.659   17.37   31.387   15.73   0.958   0.48 0.189000000
214.208333 214.250000   32.325   16.20   33.761   16.92   31.087   15.58   0.858   0.43 0.000000000
214.250000 214.291667   31.526   15.80   34.300   17.19   26.797   13.43   2.554   1.28 0.000000000
214.291667 214.333333   30.050   15.06   33.901   16.99   26.518   13.29   2.474   1.24 0.000000000
214.333333 214.375000   33.741   16.91   64.130   32.14   26.458   13.26  12.291   6.16 0.189000000
214.375000 214.416667   45.594   22.85   64.889   32.52   30.888   15.48  14.646   7.34 0.189000000
214.416667 214.458333   50.742   25.43   58.244   29.19   34.400   17.24   7.981   4.00 0.189000000
214.458333 214.500000   47.749   23.93   63.352   31.75   33.781   16.93  11.314   5.67 0.189000000
214.500000 214.541667   57.705   28.92   65.288   32.72   44.057   22.08   7.961   3.99 0.189188000
214.541667 214.583333   48.966   24.54   55.251   27.69   43.179   21.64   4.230   2.12 0.189000000
214.583333 214.625000   39.628   19.86   43.838   21.97   37.792   18.94   1.576   0.79 0.189000000
214.625000 214.666667   38.949   19.52   41.563   20.83   32.524   16.30   3.272   1.64 0.000000000
214.666667 214.708333   29.790   14.93   31.427   15.75   28.414   14.24   0.978   0.49 0.188189000
214.708333 214.750000   33.322   16.70   34.400   17.24   29.930   15.00   1.277   0.64 0.189188000
214.750000 214.791667   36.834   18.46   40.266   20.18   34.080   17.08   2.374   1.19 0.188189000
214.791667 214.833333   39.727   19.91   40.785   20.44   39.089   19.59   0.459   0.23 0.188189000
214.833333 214.875000   42.481   21.29   45.713   22.91   40.386   20.24   1.916   0.96 0.189000000
214.875000 214.916667   52.418   26.27   60.140   30.14   44.476   22.29   5.886   2.95 0.189000000
214.916667 214.958333   58.344   29.24   60.060   30.10   55.111   27.62   1.756   0.88 0.189000000
214.958333 215.000000   54.812   27.47   60.040   30.09   51.101   25.61   3.033   1.52 0.189000000
215.000000 215.041667   58.623   29.38   62.195   31.17   56.628   28.38   1.656   0.83 0.189000000
215.041667 215.083333   59.661   29.90   65.088   32.62   56.368   28.25   2.833   1.42 0.189000000
215.083333 215.125000   59.780   29.96   63.133   31.64   56.508   28.32   2.135   1.07 0.189000000
215.125000 215.166667   60.419   30.28   64.968   32.56   54.952   27.54   3.193   1.60 0.189000000
215.166667 215.208333   71.792   35.98   75.125   37.65   63.332   31.74   3.232   1.62 0.188189000
215.208333 215.250000   77.300   38.74   89.072   44.64   69.757   34.96   6.066   3.04 0.189188000
215.250000 215.291667   79.794   39.99   82.527   41.36   76.781   38.48   2.215   1.11 0.189188000
215.291667 215.333333   81.889   41.04   91.626   45.92   74.506   37.34   5.188   2.60 0.189000000
215.333333 215.375000   76.122   38.15   81.889   41.04   70.954   35.56   3.791   1.90 0.000000000
215.375000 215.416667   93.602   46.91   98.031   49.13   88.613   44.41   3.093   1.55 0.189000000
215.416667 215.458333   83.844   42.02   90.189   45.20   76.901   38.54   4.031   2.02 0.189188000
215.458333 215.500000   88.853   44.53   92.604   46.41   76.741   38.46   4.589   2.30 0.189188000
215.500000 215.541667   96.375   48.30   99.228   49.73   89.651   44.93   2.933   1.47 0.000000000
215.541667 215.583333   95.756   47.99  100.924   50.58   91.945   46.08   3.073   1.54 0.000000000
215.583333 215.625000   96.595   48.41  102.720   51.48   92.125   46.17   2.953   1.48 0.000000000
215.625000 215.666667  105.873   53.06  112.178   56.22   96.275   48.25   4.549   2.28 0.000000000
215.666667 215.708333  103.638   51.94  115.111   57.69   96.814   48.52   7.064   3.54 0.189188000
215.708333 215.750000  106.033   53.14  112.797   56.53  101.922   51.08   3.472   1.74 0.188189000
215.750000 215.791667   92.963   46.59  128.939   64.62   81.829   41.01  18.138   9.09 0.189000000
215.791667 215.833333  107.050   53.65  133.030   66.67   82.368   41.28  18.018   9.03 0.189000000
215.833333 215.875000  103.159   51.70  125.746   63.02   85.660   42.93  11.832   5.93 0.189000000
215.875000 215.916667   95.617   47.92  118.124   59.20   82.308   41.25  10.436   5.23 0.189000000
215.916667 215.958333   90.609   45.41   99.727   49.98   77.060   38.62   6.525   3.27 0.189000000
215.958333 216.000000   68.001   34.08   82.348   41.27   58.284   29.21   8.799   4.41 0.189000000
216.000000 216.041667   55.471   27.80   61.836   30.99   52.458   26.29   2.594   1.30 0.189000000
216.041667 216.083333   64.529   32.34   67.542   33.85   60.698   30.42   1.656   0.83 0.189000000
216.083333 216.125000   60.060   30.10   64.270   32.21   54.553   27.34   2.833   1.42 0.189000000
216.125000 216.166667   61.975   31.06   64.130   32.14   57.985   29.06   1.636   0.82 0.189000000
216.166667 216.208333   60.180   30.16   62.714   31.43   53.814   26.97   2.315   1.16 0.189000000
216.208333 216.250000   63.651   31.90   67.383   33.77   61.656   30.90   1.477   0.74 0.189000000
216.250000 216.291667   83.345   41.77  104.755   52.50   62.295   31.22  14.267   7.15 0.000000000
216.291667 216.333333  113.894   57.08  122.973   61.63  106.172   53.21   5.767   2.89 0.000000000
216.333333 216.375000  108.347   54.30  125.846   63.07   98.251   49.24  11.373   5.70 0.000000000
216.375000 216.416667   90.090   45.15   94.938   47.58   86.019   43.11   2.514   1.26 0.000000000
216.416667 216.458333   88.533   44.37   90.748   45.48   85.321   42.76   1.796   0.90 0.000000000
216.458333 216.500000   92.783   46.50   95.038   47.63   89.631   44.92   2.015   1.01 0.000000000
216.500000 216.541667   92.424   46.32   94.699   47.46   89.691   44.95   1.776   0.89 0.000000000
216.541667 216.583333   91.945   46.08   99.268   49.75   88.334   44.27   3.691   1.85 0.000000000
216.583333 216.625000   94.001   47.11   97.792   49.01   91.167   45.69   2.315   1.16 0.000000000
216.625000 216.666667   97.233   48.73  106.112   53.18   91.107   45.66   5.128   2.57 0.000000000
216.666667 216.708333  106.332   53.29  117.167   58.72   99.448   49.84   5.567   2.79 0.000000000
216.708333 216.750000   88.054   44.13  117.246   58.76   46.392   23.25  32.803  16.44 0.189000000
216.750000 216.791667   54.872   27.50   64.170   32.16   44.795   22.45   5.806   2.91 0.189000000
216.791667 216.833333   35.018   17.55   41.064   20.58   30.688   15.38   4.031   2.02 0.189000000
216.833333 216.875000   32.724   16.40   34.200   17.14   30.888   15.48   1.137   0.57 0.189000000
216.875000 216.916667   33.382   16.73   34.779   17.43   32.005   16.04   1.117   0.56 0.189000000
216.916667 216.958333   33.083   16.58   33.801   16.94   31.826   15.95   0.599   0.30 0.189000000
216.958333 217.000000   34.440   17.26   35.757   17.92   32.404   16.24   1.117   0.56 0.189000000
217.000000 217.041667   35.318   17.70   36.096   18.09   33.502   16.79   0.718   0.36 0.189000000
217.041667 217.083333   40.605   20.35   44.157   22.13   34.699   17.39   3.093   1.55 0.189000000
217.083333 217.125000   38.750   19.42   40.905   20.50   36.495   18.29   1.177   0.59 0.189000000
217.125000 217.166667   37.153   18.62   38.849   19.47   36.076   18.08   0.838   0.42 0.189000000
217.166667 217.208333   36.176   18.13   37.093   18.59   34.859   17.47   0.678   0.34 0.189000000
217.208333 217.250000   35.697   17.89   39.987   20.04   33.522   16.80   2.135   1.07 0.189000000
217.250000 217.291667   37.193   18.64   41.344   20.72   33.721   16.90   2.973   1.49 0.189188000
217.291667 217.333333   38.131   19.11   40.306   20.20   34.998   17.54   1.716   0.86 0.000000000
217.333333 217.375000   44.456   22.28   49.724   24.92   35.577   17.83   5.228   2.62 0.000000000
217.375000 217.416667   46.392   23.25   53.575   26.85   37.772   18.93   5.926   2.97 0.000000000
217.416667 217.458333   60.638   30.39   78.337   39.26   41.922   21.01  10.356   5.19 0.000000000
217.458333 217.500000   69.478   34.82   74.426   37.30   66.006   33.08   2.594   1.30 0.000000000
217.500000 217.541667   60.559   30.35   66.465   33.31   50.303   25.21   6.086   3.05 0.189000000
217.541667 217.583333   40.964   20.53   51.121   25.62   33.841   16.96   5.048   2.53 0.189188000
217.583333 217.625000   36.136   18.11   42.860   21.48   24.902   12.48   7.044   3.53 0.189188000
217.625000 217.666667   36.176   18.13   37.353   18.72   35.357   17.72   0.678   0.34 0.189188000
217.666667 217.708333   39.667   19.88   41.583   20.84   38.311   19.20   0.778   0.39 0.188189000
217.708333 217.750000   38.989   19.54   40.086   20.09   38.211   19.15   0.539   0.27 0.189188000
217.750000 217.791667   36.235   18.16   37.971   19.03   35.158   17.62   0.738   0.37 0.188189000
217.791667 217.833333   37.832   18.96   40.984   20.54   36.555   18.32   1.516   0.76 0.188189000
217.833333 217.875000   41.204   20.65   43.818   21.96   36.654   18.37   1.995   1.00 0.189000000
217.875000 217.916667   42.541   21.32   44.496   22.30   39.747   19.92   1.417   0.71 0.189000000
217.916667 217.958333   39.468   19.78   42.880   21.49   35.816   17.95   2.833   1.42 0.189000000
217.958333 218.000000   33.981   17.03   35.856   17.97   32.364   16.22   1.097   0.55 0.188189000
218.000000 218.041667   43.838   21.97   49.185   24.65   34.340   17.21   4.450   2.23 0.189000000
218.041667 218.083333   48.387   24.25   50.602   25.36   46.172   23.14   1.277   0.64 0.188189000
218.083333 218.125000   50.003   25.06   53.635   26.88   46.033   23.07   2.793   1.40 0.189188000
218.125000 218.166667   57.685   28.91   75.364   37.77   46.831   23.47   7.602   3.81 0.188189000
218.166667 218.208333   84.463   42.33  100.625   50.43   70.635   35.40  10.775   5.40 0.189000000
218.208333 218.250000   80.472   40.33   84.223   42.21   74.366   37.27   3.492   1.75 0.188189000
218.250000 218.291667   75.284   37.73   79.554   39.87   68.919   34.54   3.811   1.91 0.189000000
218.291667 218.333333   79.155   39.67   90.988   45.60   70.735   35.45   7.263   3.64 0.189188000
218.333333 218.375000   69.338   34.75   83.844   42.02   64.031   32.09   6.345   3.18 0.188189000
218.375000 218.416667   97.692   48.96  118.025   59.15   74.366   37.27  13.808   6.92 0.189000000
218.416667 218.458333  119.900   60.09  124.489   62.39  110.263   55.26   4.809   2.41 0.000000000
218.458333 218.500000  134.606   67.46  141.530   70.93  126.185   63.24   5.367   2.69 0.000000000
218.500000 218.541667  130.775   65.54  133.688   67.00  123.871   62.08   3.392   1.70 0.188000000
218.541667 218.583333  124.749   62.52  126.964   63.63  120.239   60.26   2.295   1.15 0.188189000
218.583333 218.625000  116.528   58.40  118.084   59.18  113.954   57.11   1.357   0.68 0.189188000
218.625000 218.666667  108.806   54.53  115.051   57.66  103.359   51.80   2.933   1.47 0.188000000
218.666667 218.708333  106.452   53.35  109.943   55.10  102.301   51.27   2.175   1.09 0.000000000
218.708333 218.750000   99.827   50.03  103.798   52.02   89.810   45.01   3.751   1.88 0.000000000
218.750000 218.791667   65.647   32.90   80.771   40.48   45.175   22.64  11.553   5.79 0.189000000
218.791667 218.833333   71.772   35.97   75.045   37.61   67.463   33.81   2.674   1.34 0.189000000
218.833333 218.875000   60.419   30.28   65.747   32.95   55.810   27.97   3.312   1.66 0.189000000
218.875000 218.916667   53.934   27.03   57.027   28.58   51.919   26.02   1.796   0.90 0.189000000
218.916667 218.958333   46.172   23.14   50.682   25.40   42.840   21.47   2.135   1.07 0.189000000
218.958333 219.000000   44.716   22.41   45.873   22.99   43.878   21.99   0.658   0.33 0.189000000
219.000000 219.041667   48.547   24.33   50.283   25.20   45.314   22.71   1.716   0.86 0.189000000
219.041667 219.083333   50.422   25.27   51.420   25.77   49.524   24.82   0.599   0.30 0.189000000
219.083333 219.125000   51.240   25.68   53.316   26.72   48.886   24.50   1.417   0.71 0.189000000
219.125000 219.166667   52.158   26.14   54.353   27.24   49.684   24.90   1.696   0.85 0.189000000
219.166667 219.208333   53.415   26.77   54.752   27.44   52.138   26.13   0.958   0.48 0.188189000
219.208333 219.250000   45.554   22.83   52.517   26.32   39.608   19.85   4.569   2.29 0.189188000
219.250000 219.291667   42.601   21.35   44.875   22.49   40.645   20.37   1.497   0.75 0.188189000
219.291667 219.333333   34.021   17.05   39.348   19.72   28.154   14.11   3.671   1.84 0.000000000
219.333333 219.375000   34.879   17.48   38.350   19.22   29.351   14.71   3.013   1.51 0.000000000
219.375000 219.416667   37.812   18.95   38.311   19.20   37.153   18.62   0.399   0.20 0.000000000
219.416667 219.458333   36.176   18.13   38.410   19.25   34.739   17.41   1.277   0.64 0.000000000
219.458333 219.500000   38.869   19.48   41.663   20.88   37.054   18.57   1.457   0.73 0.000000000
219.500000 219.541667   35.537   17.81   36.994   18.54   33.163   16.62   1.357   0.68 0.000000000
219.541667 219.583333   33.203   16.64   35.058   17.57   31.506   15.79   0.958   0.48 0.000000000
219.583333 219.625000   35.697   17.89   36.615   18.35   34.859   17.47   0.559   0.28 0.000000000
219.625000 219.666667   29.571   14.82   33.502   16.79   27.915   13.99   1.556   0.78 0.000000000
219.666667 219.708333   30.569   15.32   34.639   17.36   26.997   13.53   3.193   1.60 0.000000000
219.708333 219.750000   37.233   18.66   38.989   19.54   34.619   17.35   1.457   0.73 0.000000000
219.750000 219.791667 9999.999 9999.99   39.089   19.59   39.089   19.59 999.999 999.99 0.188189000
219.791667 219.833333 9999.999 9999.99 9999.999 9999.99 9999.999 9999.99 999.999 999.99 0.999188189
219.833333 219.875000 9999.999 9999.99 9999.999 9999.99 9999.999 9999.99 999.999 999.99 0.189999000
219.875000 219.916667 9999.999 9999.99   35.098   17.59   35.098   17.59 999.999 999.99 0.189000000
219.916667 219.958333   35.936   18.01   37.113   18.60   34.499   17.29   0.858   0.43 0.189000000
219.958333 220.000000   37.433   18.76   38.191   19.14   36.694   18.39   0.359   0.18 0.189000000
