ozone_datasets/Ebas_221019_1549/US1200R.20150101000000.20180102202851.uv_abs.ozone.air.17w.1h.US06L_Thermo_49C_MLO.US06L_AM.lev2.nas
81 1001
McClure-Begley, Audra; Petropavlovskikh, Irina
US06L, National Oceanic and Atmospheric Administration, NOAA/ESRL/GMD, "Earth System Research Laboratory, Global Monitoring Division", 325 Broadway, , CO 80305-3, Boulder, U.S.A.
McClure-Begley, Audra
GAW-WDCRG NOAA-ESRL
1 1
2015 01 01 2018 01 02
0.041667
days from file reference point
10
1 1 1 1 1 1 1 1 1 1
999.999999 9999.999 999.99 9999.999 999.99 9999.999 999.99 999.999 999.99 9.999999999999999
end_time of measurement, days from the file reference point
ozone, ug/m3, Statistics=arithmetic mean, Volume std. temperature=293.15 K, Volume std. pressure=1013.25 hPa, Detection limit=1.995 ug/m3, Measurement uncertainty=1.995 ug/m3, Measurement uncertainty expl.=includes statistical uncertainty of individual sample and calibration uncertainty, "Comment=Data converted on import into EBAS from 'nmol/mol' to 'ug/m3' at 293.15 K, 1013.25 hPa, conversion factor 1.99534."
ozone, nmol/mol, Statistics=arithmetic mean, Detection limit=1.0 nmol/mol, Measurement uncertainty=1.0 nmol/mol, Measurement uncertainty expl.=includes statistical uncertainty of individual sample and calibration uncertainty, "Comment=Data converted on import into EBAS from 'nmol/mol' to 'ug/m3' at 293.15 K, 1013.25 hPa, conversion factor 1.99534. -- Data converted on export from EBAS from 'ug/m3' at 293.15 K, 1013.25 hPa to 'nmol/mol', conversion factor 0.5012. Measurement uncertainty converted from '1.995 ug/m3' at 293.15 K, 1013.25 hPa to '1.0 nmol/mol', conversion factor 0.5012. Detection limit converted from '1.995 ug/m3' at 293.15 K, 1013.25 hPa to '1.0 nmol/mol', conversion factor 0.5012."
ozone, ug/m3, Statistics=maximum, Volume std. temperature=293.15 K, Volume std. pressure=1013.25 hPa, Detection limit=1.995 ug/m3, "Comment=Data converted on import into EBAS from 'nmol/mol' to 'ug/m3' at 293.15 K, 1013.25 hPa, conversion factor 1.99534. Detection limit converted from '1.0 nmol/mol' to '1.995 ug/m3' at 293.15 K, 1013.25 hPa, conversion factor 1.99534."
ozone, nmol/mol, Statistics=maximum, Detection limit=1.0 nmol/mol, "Comment=Data converted on import into EBAS from 'nmol/mol' to 'ug/m3' at 293.15 K, 1013.25 hPa, conversion factor 1.99534. Detection limit converted from '1.0 nmol/mol' to '1.995 ug/m3' at 293.15 K, 1013.25 hPa, conversion factor 1.99534. -- Data converted on export from EBAS from 'ug/m3' at 293.15 K, 1013.25 hPa to 'nmol/mol', conversion factor 0.5012. Detection limit converted from '1.995 ug/m3' at 293.15 K, 1013.25 hPa to '1.0 nmol/mol', conversion factor 0.5012."
ozone, ug/m3, Statistics=minimum, Volume std. temperature=293.15 K, Volume std. pressure=1013.25 hPa, Detection limit=1.995 ug/m3, "Comment=Data converted on import into EBAS from 'nmol/mol' to 'ug/m3' at 293.15 K, 1013.25 hPa, conversion factor 1.99534. Detection limit converted from '1.0 nmol/mol' to '1.995 ug/m3' at 293.15 K, 1013.25 hPa, conversion factor 1.99534."
[...]
Instrument name:              Thermo_49C_MLO
Instrument manufacturer:      Thermo
Instrument model:             49C
Method ref:                   US06L_AM
Standard method:              SOP=GAW_209(2013)
Inlet type:                   Hat or hood
Inlet description:            Downward Facing, teflon inlet bell
Inlet tube material:          Teflon
Inlet tube outer diameter:    6.35 mm
Inlet tube inner diameter:    4.76 mm
Inlet tube length:            7.0 m
Humidity/temperature control description: Automatic
Zero/negative values code:    Zero/negative possible
Zero/negative values:         Zero and neg. values may appear due to statistical variations at very low concentrations
Absorption cross section:     Hearn, 1961 cm2
Originator:                   "McClure-Begley, Audra, Audra.mcclure@noaa.gov, National Oceanic and Atmospheric Administration/Earth System Research Laboratory/Global Monitoring Division, NOAA/ESRL/GMD, , 325 Broadway, , 80305, ""Boulder, CO"", USA"
Originator:                   "Petropavlovskikh, Irina, Irina.petro@noaa.gov, National Oceanic and Atmospheric Administration/Earth System Research Laboratory/Global Monitoring Division, NOAA/ESRL/GMD, , 325 Broadway, , 80305, ""Boulder, CO"", USA"
Submitter:                    "McClure-Begley, Audra, Audra.mcclure@noaa.gov, National Oceanic and Atmospheric Administration/Earth System Research Laboratory/Global Monitoring Division, NOAA/ESRL/GMD, , 325 Broadway, , 80305, ""Boulder, CO"", USA"
Acknowledgement:              "Request Acknowledgement details from data originator. http://dx.doi.org/10.7289/V57P8WBF"
starttime endtime O3 O3 O3 O3 O3 O3 O3 O3 flag
[from data line 622]
 25.916667  25.958333   92.684  46.45   95.637  47.93   90.050  45.13   2.015   1.01 0.189000000000000
 25.958333  26.000000   86.977  43.59   90.529  45.37   83.565  41.88   2.434   1.22 0.189000000000000
 26.000000  26.041667   80.313  40.25   85.121  42.66   77.300  38.74   2.095   1.05 0.189000000000000
 26.041667  26.083333   72.750  36.46   77.918  39.05   69.238  34.70   2.893   1.45 0.189000000000000
 26.083333  26.125000   67.742  33.95   70.515  35.34   63.512  31.83   2.155   1.08 0.000000000000000
 26.125000  26.166667   61.696  30.92   66.984  33.57   57.845  28.99   3.013   1.51 0.000000000000000
 26.166667  26.208333   54.553  27.34   58.005  29.07   53.116  26.62   1.437   0.72 0.000000000000000
 26.208333  26.250000   52.996  26.56   53.655  26.89   52.478  26.30   0.399   0.20 0.000000000000000
 26.250000  26.291667   53.615  26.87   53.994  27.06   53.236  26.68   0.219   0.11 0.000000000000000
 26.291667  26.333333   54.213  27.17   55.251  27.69   53.595  26.86   0.499   0.25 0.000000000000000
 26.333333  26.375000   52.418  26.27   53.016  26.57   51.759  25.94   0.379   0.19 0.000000000000000
 26.375000  26.416667   53.256  26.69   53.894  27.01   52.378  26.25   0.439   0.22 0.000000000000000
 26.416667  26.458333   58.523  29.33   65.607  32.88   52.956  26.54   5.268   2.64 0.000000000000000
 26.458333  26.500000   61.935  31.04   65.308  32.73   54.772  27.45   3.691   1.85 0.000000000000000
 26.500000  26.541667   62.634  31.39   65.826  32.99   54.712  27.42   3.691   1.85 0.000000000000000
 26.541667  26.583333   66.166  33.16   67.103  33.63   65.168  32.66   0.499   0.25 0.000000000000000
 26.583333  26.625000   63.332  31.74   65.627  32.89   62.494  31.32   0.898   0.45 0.000000000000000
 26.625000  26.666667   63.432  31.79   65.467  32.81   61.516  30.83   1.237   0.62 0.000000000000000
 26.666667  26.708333   61.876  31.01   62.374  31.26   61.297  30.72   0.419   0.21 0.000000000000000
 26.708333  26.750000   61.696  30.92   62.195  31.17   61.077  30.61   0.339   0.17 0.000000000000000
 26.750000  26.791667   61.816  30.98   62.374  31.26   61.177  30.66   0.359   0.18 0.188189000000000
 26.791667  26.833333   61.796  30.97   63.492  31.82   59.860  30.00   1.237   0.62 0.188189000000000
 26.833333  26.875000   62.295  31.22   62.853  31.50   61.656  30.90   0.359   0.18 0.188189000000000
 26.875000  26.916667   66.405  33.28   67.882  34.02   63.991  32.07   1.497   0.75 0.189000000000000
 26.916667  26.958333   63.292  31.72   68.021  34.09   61.237  30.69   2.295   1.15 0.188189000000000
 26.958333  27.000000   61.756  30.95   62.275  31.21   60.778  30.46   0.419   0.21 0.188189000000000
 27.000000  27.041667   60.359  30.25   61.716  30.93   58.683  29.41   0.938   0.47 0.189000000000000
 27.041667  27.083333   58.224  29.18   60.958  30.55   57.187  28.66   1.077   0.54 0.189000000000000
 27.083333  27.125000   57.965  29.05   61.177  30.66   55.790  27.96   2.075   1.04 0.189000000000000
 27.125000  27.166667   58.623  29.38   64.669  32.41   56.169  28.15   3.512   1.76 0.188189000000000
 27.166667  27.208333   57.027  28.58   62.095  31.12   54.772  27.45   2.315   1.16 0.188189000000000
 27.208333  27.250000   55.870  28.00   56.748  28.44   54.912  27.52   0.599   0.30 0.000000000000000
 27.250000  27.291667   56.648  28.39   57.147  28.64   55.929  28.03   0.279   0.14 0.000000000000000
 27.291667  27.333333   57.705  28.92   58.922  29.53   56.987  28.56   0.658   0.33 0.000000000000000
 27.333333  27.375000   60.020  30.08   60.938  30.54   59.062  29.60   0.678   0.34 0.000000000000000
 27.375000  27.416667   60.519  30.33   61.536  30.84   59.980  30.06   0.499   0.25 0.000000000000000
 27.416667  27.458333   61.596  30.87   62.335  31.24   60.439  30.29   0.539   0.27 0.000000000000000
 27.458333  27.500000   61.477  30.81   62.335  31.24   60.579  30.36   0.459   0.23 0.000000000000000
 27.500000  27.541667   60.080  30.11   61.097  30.62   58.863  29.50   0.738   0.37 0.000000000000000
 27.541667  27.583333   59.581  29.86   60.299  30.22   58.922  29.53   0.379   0.19 0.000000000000000
 27.583333  27.625000   59.980  30.06   60.359  30.25   59.182  29.66   0.359   0.18 0.000000000000000
 27.625000  27.666667   60.579  30.36   61.018  30.58   60.140  30.14   0.219   0.11 0.000000000000000
 27.666667  27.708333   61.317  30.73   62.354  31.25   60.459  30.30   0.658   0.33 0.000000000000000
 27.708333  27.750000   63.053  31.60   63.911  32.03   61.896  31.02   0.678   0.34 0.000000000000000
 27.750000  27.791667   62.853  31.50   64.609  32.38   62.255  31.20   0.599   0.30 0.189000000000000
 27.791667  27.833333   65.068  32.61   65.826  32.99   63.731  31.94   0.639   0.32 0.189000000000000
 27.833333  27.875000   60.199  30.17   64.430  32.29   57.925  29.03   2.335   1.17 0.189000000000000
 27.875000  27.916667   58.603  29.37   59.162  29.65   57.945  29.04   0.419   0.21 0.188189000000000
 27.916667  27.958333   59.421  29.78   60.080  30.11   58.843  29.49   0.399   0.20 0.188189000000000
 27.958333  28.000000   60.259  30.20   61.057  30.60   59.701  29.92   0.399   0.20 0.189000000000000
 28.000000  28.041667   60.559  30.35   61.097  30.62   59.601  29.87   0.399   0.20 0.189000000000000
 28.041667  28.083333   61.477  30.81   62.115  31.13   60.040  30.09   0.599   0.30 0.189000000000000
 28.083333  28.125000   60.978  30.56   61.836  30.99   60.180  30.16   0.619   0.31 0.188189000000000
 28.125000  28.166667   59.341  29.74   60.359  30.25   58.164  29.15   0.698   0.35 0.189000000000000
 28.166667  28.208333   58.144  29.14   59.322  29.73   57.007  28.57   0.778   0.39 0.188189000000000
 28.208333  28.250000   56.528  28.33   58.424  29.28   53.555  26.84   1.417   0.71 0.188189000000000
 28.250000  28.291667   58.264  29.20   59.860  30.00   56.109  28.12   1.077   0.54 0.000000000000000
 28.291667  28.333333   59.541  29.84   60.698  30.42   59.242  29.69   0.399   0.20 0.000000000000000
 28.333333  28.375000   59.102  29.62   60.798  30.47   57.606  28.87   1.018   0.51 0.000000000000000
 28.375000  28.416667   60.439  30.29   61.716  30.93   58.264  29.20   1.317   0.66 0.000000000000000
 28.416667  28.458333   58.025  29.08   59.741  29.94   56.448  28.29   1.197   0.60 0.000000000000000
 28.458333  28.500000   56.209  28.17   56.807  28.47   55.411  27.77   0.479   0.24 0.000000000000000
 28.500000  28.541667   54.593  27.36   55.590  27.86   54.054  27.09   0.519   0.26 0.000000000000000
 28.541667  28.583333   54.453  27.29   55.211  27.67   53.954  27.04   0.359   0.18 0.000000000000000
 28.583333  28.625000   55.451  27.79   56.768  28.45   54.273  27.20   0.619   0.31 0.000000000000000
 28.625000  28.666667   61.896  31.02   69.637  34.90   56.388  28.26   5.687   2.85 0.000000000000000
 28.666667  28.708333   68.540  34.35   69.298  34.73   67.123  33.64   0.658   0.33 0.000000000000000
 28.708333  28.750000   67.243  33.70   67.941  34.05   66.764  33.46   0.439   0.22 0.000000000000000
 28.750000  28.791667   67.024  33.59   68.321  34.24   65.826  32.99   0.838   0.42 0.188189000000000
 28.791667  28.833333   64.649  32.40   66.026  33.09   63.751  31.95   0.838   0.42 0.188189000000000
 28.833333  28.875000   61.616  30.88   63.851  32.00   59.800  29.97   1.616   0.81 0.188189000000000
 28.875000  28.916667   60.579  30.36   67.542  33.85   58.603  29.37   2.634   1.32 0.188189000000000
 28.916667  28.958333   68.141  34.15   69.717  34.94   66.804  33.48   1.097   0.55 0.189000000000000
 28.958333  29.000000   65.866  33.01   66.964  33.56   64.390  32.27   0.878   0.44 0.189000000000000
 29.000000  29.041667   64.450  32.30   66.106  33.13   63.212  31.68   0.958   0.48 0.188189000000000
 29.041667  29.083333   63.272  31.71   63.911  32.03   62.195  31.17   0.459   0.23 0.188189000000000
 29.083333  29.125000   60.858  30.50   62.095  31.12   59.641  29.89   0.718   0.36 0.188189000000000
 29.125000  29.166667   64.450  32.30   66.525  33.34   62.494  31.32   1.477   0.74 0.188189000000000
 29.166667  29.208333   67.443  33.80   67.941  34.05   66.984  33.57   0.299   0.15 0.189000000000000
 29.208333  29.250000   67.163  33.66   68.281  34.22   65.607  32.88   0.818   0.41 0.000000000000000
 29.250000  29.291667   62.514  31.33   66.565  33.36   57.266  28.70   3.751   1.88 0.000000000000000
 29.291667  29.333333   58.763  29.45   61.516  30.83   56.748  28.44   1.237   0.62 0.188189000000000
 29.333333  29.375000   65.168  32.66   69.538  34.85   59.222  29.68   4.130   2.07 0.188189000000000
 29.375000  29.416667   58.164  29.15   62.953  31.55   53.575  26.85   3.332   1.67 0.188189000000000
 29.416667  29.458333   61.057  30.60   62.255  31.20   59.980  30.06   0.738   0.37 0.188189000000000
 29.458333  29.500000   58.723  29.43   60.000  30.07   57.027  28.58   0.978   0.49 0.188189000000000
 29.500000  29.541667   57.486  28.81   58.503  29.32   54.034  27.08   1.397   0.70 0.188000000000000
 29.541667  29.583333   58.763  29.45   60.319  30.23   57.845  28.99   0.778   0.39 0.000000000000000
 29.583333  29.625000   58.743  29.44   59.361  29.75   58.084  29.11   0.359   0.18 0.188189000000000
 29.625000  29.666667   58.703  29.42   59.262  29.70   57.845  28.99   0.399   0.20 0.188189000000000
 29.666667  29.708333   59.242  29.69   59.860  30.00   58.404  29.27   0.459   0.23 0.000000000000000
 29.708333  29.750000   60.100  30.12   60.519  30.33   59.701  29.92   0.239   0.12 0.000000000000000
 29.750000  29.791667   60.419  30.28   60.818  30.48   60.140  30.14   0.200   0.10 0.189000000000000
 29.791667  29.833333   57.705  28.92   59.761  29.95   56.887  28.51   0.798   0.40 0.189000000000000
 29.833333  29.875000   59.501  29.82   60.778  30.46   57.326  28.73   0.978   0.49 0.189000000000000
 29.875000  29.916667   59.521  29.83   61.137  30.64   53.395  26.76   2.055   1.03 0.189000000000000
 29.916667  29.958333   56.149  28.14   58.124  29.13   53.894  27.01   1.077   0.54 0.189000000000000
 29.958333  30.000000   57.087  28.61   57.765  28.95   56.668  28.40   0.359   0.18 0.189000000000000
 30.000000  30.041667   55.490  27.81   56.688  28.41   54.692  27.41   0.559   0.28 0.189000000000000
 30.041667  30.083333   55.191  27.66   56.089  28.11   54.094  27.11   0.619   0.31 0.189000000000000
 30.083333  30.125000   55.431  27.78   57.047  28.59   54.333  27.23   0.798   0.40 0.189000000000000
 30.125000  30.166667   58.643  29.39   59.840  29.99   56.488  28.31   0.938   0.47 0.189000000000000
 30.166667  30.208333   55.770  27.95   59.780  29.96   53.814  26.97   1.736   0.87 0.189000000000000
 30.208333  30.250000   46.751  23.43   51.320  25.72   44.416  22.26   2.175   1.09 0.000000000000000
 30.250000  30.291667   51.600  25.86   53.615  26.87   48.148  24.13   1.676   0.84 0.188189000000000
 30.291667  30.333333   47.908  24.01   50.263  25.19   46.092  23.10   1.197   0.60 0.188189000000000
 30.333333  30.375000   45.873  22.99   46.911  23.51   44.576  22.34   0.818   0.41 0.000000000000000
 30.375000  30.416667   44.895  22.50   46.571  23.34   44.057  22.08   0.738   0.37 0.000000000000000
 30.416667  30.458333   43.479  21.79   43.997  22.05   42.980  21.54   0.279   0.14 0.000000000000000
 30.458333  30.500000   42.800  21.45   43.459  21.78   41.862  20.98   0.479   0.24 0.000000000000000
 30.500000  30.541667   42.840  21.47   43.319  21.71   42.441  21.27   0.259   0.13 0.000000000000000
 30.541667  30.583333   45.454  22.78   49.764  24.94   42.820  21.46   2.534   1.27 0.188189000000000
 30.583333  30.625000   47.369  23.74   50.323  25.22   46.013  23.06   1.357   0.68 0.188189000000000
 30.625000  30.666667   50.123  25.12   52.677  26.40   47.848  23.98   1.417   0.71 0.188189000000000
 30.666667  30.708333   48.267  24.19   49.245  24.68   47.409  23.76   0.559   0.28 0.188189000000000
 30.708333  30.750000   50.362  25.24   52.058  26.09   47.389  23.75   1.596   0.80 0.000000000000000
 30.750000  30.791667   51.560  25.84   52.158  26.14   50.961  25.54   0.419   0.21 0.000000000000000
 30.791667  30.833333   50.582  25.35   51.879  26.00   50.103  25.11   0.479   0.24 0.189000000000000
 30.833333  30.875000   51.719  25.92   53.395  26.76   50.063  25.09   1.257   0.63 0.189000000000000
 30.875000  30.916667   49.604  24.86   52.258  26.19   47.689  23.90   1.377   0.69 0.189000000000000
 30.916667  30.958333   42.541  21.32   45.334  22.72   40.984  20.54   1.377   0.69 0.189000000000000
 30.958333  31.000000   41.463  20.78   42.880  21.49   40.785  20.44   0.579   0.29 0.189000000000000
 31.000000  31.041667   42.700  21.40   43.020  21.56   42.221  21.16   0.259   0.13 0.189000000000000
 31.041667  31.083333   41.583  20.84   42.381  21.24   41.064  20.58   0.439   0.22 0.189000000000000
 31.083333  31.125000   41.264  20.68   42.780  21.44   40.725  20.41   0.539   0.27 0.189000000000000
 31.125000  31.166667   43.858  21.98   45.175  22.64   42.740  21.42   0.798   0.40 0.189000000000000
 31.166667  31.208333   47.389  23.75   49.764  24.94   44.556  22.33   1.596   0.80 0.189000000000000
 31.208333  31.250000   49.165  24.64   50.941  25.53   47.210  23.66   1.097   0.55 0.189000000000000
 31.250000  31.291667   51.679  25.90   53.615  26.87   48.866  24.49   1.776   0.89 0.189000000000000
 31.291667  31.333333   54.573  27.35   55.810  27.97   53.655  26.89   0.639   0.32 0.000000000000000
 31.333333  31.375000   59.361  29.75   66.565  33.36   54.373  27.25   4.709   2.36 0.000000000000000
 31.375000  31.416667   63.931  32.04   68.620  34.39   57.845  28.99   3.592   1.80 0.000000000000000
 31.416667  31.458333   60.279  30.21   64.130  32.14   57.446  28.79   2.913   1.46 0.000000000000000
 31.458333  31.500000   59.601  29.87   64.908  32.53   57.765  28.95   2.474   1.24 0.000000000000000
 31.500000  31.541667   63.312  31.73   65.487  32.82   58.683  29.41   1.995   1.00 0.000000000000000
 31.541667  31.583333   59.341  29.74   62.813  31.48   53.755  26.94   3.153   1.58 0.000000000000000
 31.583333  31.625000   53.535  26.83   54.014  27.07   53.096  26.61   0.339   0.17 0.000000000000000
 31.625000  31.666667   54.892  27.51   56.708  28.42   53.535  26.83   1.117   0.56 0.000000000000000
 31.666667  31.708333   56.069  28.10   58.683  29.41   53.755  26.94   1.756   0.88 0.000000000000000
 31.708333  31.750000   56.608  28.37   57.705  28.92   55.850  27.99   0.579   0.29 0.000000000000000
 31.750000  31.791667   55.989  28.06   59.481  29.81   54.293  27.21   1.516   0.76 0.189000000000000
 31.791667  31.833333   56.528  28.33   58.164  29.15   54.493  27.31   1.357   0.68 0.189000000000000
 31.833333  31.875000   57.965  29.05   58.563  29.35   57.366  28.75   0.379   0.19 0.189000000000000
 31.875000  31.916667   56.768  28.45   58.045  29.09   55.211  27.67   0.838   0.42 0.189000000000000
 31.916667  31.958333   53.695  26.91   55.750  27.94   52.358  26.24   1.177   0.59 0.189000000000000
 31.958333  32.000000   54.932  27.53   61.337  30.74   47.130  23.62   4.450   2.23 0.189000000000000
 32.000000  32.041667   46.412  23.26   49.804  24.96   42.361  21.23   2.335   1.17 0.189000000000000
 32.041667  32.083333   53.156  26.64   61.437  30.79   44.756  22.43   6.545   3.28 0.189000000000000
 32.083333  32.125000   62.095  31.12   65.168  32.66   57.985  29.06   2.055   1.03 0.189000000000000
 32.125000  32.166667   58.124  29.13   62.295  31.22   53.336  26.73   3.073   1.54 0.189000000000000
 32.166667  32.208333   63.472  31.81   64.130  32.14   61.995  31.07   0.619   0.31 0.189000000000000
 32.208333  32.250000   61.377  30.76   63.412  31.78   58.563  29.35   1.576   0.79 0.000000000000000
 32.250000  32.291667   57.825  28.98   59.062  29.60   56.787  28.46   0.639   0.32 0.000000000000000
 32.291667  32.333333   59.341  29.74   59.960  30.05   58.922  29.53   0.279   0.14 0.000000000000000
