ozone_datasets/Ebas_221019_1549/US1200R.20160101000000.20181119131618.uv_abs.ozone.air.1y.1h.US06L_Thermo_49C_MLO.US06L_AM.lev2.nas
86 1001
McClure-Begley, Audra; Petropavlovskikh, Irina
US06L, National Oceanic and Atmospheric Administration, NOAA/ESRL/GMD, "Earth System Research Laboratory, Global Monitoring Division", 325 Broadway, , CO 80305-3, Boulder, U.S.A.
McClure-Begley, Audra
GAW-WDCRG NOAA-ESRL
1 1
2016 01 01 2018 11 19
0.041667
days from file reference point
10
1 1 1 1 1 1 1 1 1 1
999.999999 9999.999 999.99 9999.999 999.99 9999.999 999.99 999.999 999.99 9.999999999999999
end_time of measurement, days from the file reference point
ozone, ug/m3, Statistics=arithmetic mean, Volume std. temperature=293.15 K, Volume std. pressure=1013.25 hPa, Detection limit=1.995 ug/m3, Measurement uncertainty=1.995 ug/m3, Measurement uncertainty expl.=includes statistical uncertainty of individual sample and calibration uncertainty, "Comment=Data converted on import into EBAS from 'nmol/mol' to 'ug/m3' at 293.15 K, 1013.25 hPa, conversion factor 1.99534."
ozone, nmol/mol, Statistics=arithmetic mean, Detection limit=1.0 nmol/mol, Measurement uncertainty=1.0 nmol/mol, Measurement uncertainty expl.=includes statistical uncertainty of individual sample and calibration uncertainty, "Comment=Data converted on import into EBAS from 'nmol/mol' to 'ug/m3' at 293.15 K, 1013.25 hPa, conversion factor 1.99534. -- Data converted on export from EBAS from 'ug/m3' at 293.15 K, 1013.25 hPa to 'nmol/mol', conversion factor 0.5012. Measurement uncertainty converted from '1.995 ug/m3' at 293.15 K, 1013.25 hPa to '1.0 nmol/mol', conversion factor 0.5012. Detection limit converted from '1.995 ug/m3' at 293.15 K, 1013.25 hPa to '1.0 nmol/mol', conversion factor 0.5012."
ozone, ug/m3, Statistics=maximum, Volume std. temperature=293.15 K, Volume std. pressure=1013.25 hPa, Detection limit=1.995 ug/m3, "Comment=Data converted on import into EBAS from 'nmol/mol' to 'ug/m3' at 293.15 K, 1013.25 hPa, conversion factor 1.99534. Detection limit converted from '1.0 nmol/mol' to '1.995 ug/m3' at 293.15 K, 1013.25 hPa, conversion factor 1.99534."
ozone, nmol/mol, Statistics=maximum, Detection limit=1.0 nmol/mol, "Comment=Data converted on import into EBAS from 'nmol/mol' to 'ug/m3' at 293.15 K, 1013.25 hPa, conversion factor 1.99534. Detection limit converted from '1.0 nmol/mol' to '1.995 ug/m3' at 293.15 K, 1013.25 hPa, conversion factor 1.99534. -- Data converted on export from EBAS from 'ug/m3' at 293.15 K, 1013.25 hPa to 'nmol/mol', conversion factor 0.5012. Detection limit converted from '1.995 ug/m3' at 293.15 K, 1013.25 hPa to '1.0 nmol/mol', conversion factor 0.5012."
ozone, ug/m3, Statistics=minimum, Volume std. temperature=293.15 K, Volume std. pressure=1013.25 hPa, Detection limit=1.995 ug/m3, "Comment=Data converted on import into EBAS from 'nmol/mol' to 'ug/m3' at 293.15 K, 1013.25 hPa, conversion factor 1.99534. Detection limit converted from '1.0 nmol/mol' to '1.995 ug/m3' at 293.15 K, 1013.25 hPa, conversion factor 1.99534."
[...]
Inlet type:                   Hat or hood
Inlet description:            Downward Facing, teflon inlet bell
Inlet tube material:          Teflon
Inlet tube outer diameter:    6.35 mm
Inlet tube inner diameter:    4.76 mm
Inlet tube length:            7.0 m
Flow rate:                    1.0 l/min
Humidity/temperature control description: Automatic
Zero/negative values code:    Zero/negative possible
Zero/negative values:         Zero and neg. values may appear due to statistical variations at very low concentrations
Absorption cross section:     Hearn, 1961 cm2
QA1 measure ID:               US06L_reference_calibration_20070630
QA1 date:                     20100101
QA1 outcome:                  pass
Originator:                   "McClure-Begley, Audra, Audra.mcclure@noaa.gov, National Oceanic and Atmospheric Administration/Earth System Research Laboratory/Global Monitoring Division, NOAA/ESRL/GMD, , 325 Broadway, , 80305, ""Boulder, CO"", USA"
Originator:                   "Petropavlovskikh, Irina, Irina.petro@noaa.gov, National Oceanic and Atmospheric Administration/Earth System Research Laboratory/Global Monitoring Division, NOAA/ESRL/GMD, , 325 Broadway, , 80305, ""Boulder, CO"", USA"
Submitter:                    "McClure-Begley, Audra, Audra.mcclure@noaa.gov, National Oceanic and Atmospheric Administration/Earth System Research Laboratory/Global Monitoring Division, NOAA/ESRL/GMD, , 325 Broadway, , 80305, ""Boulder, CO"", USA"
Acknowledgement:              "Request Acknowledgement details from data originator. http://dx.doi.org/10.7289/V57P8WBF"
starttime endtime O3 O3 O3 O3 O3 O3 O3 O3 flag
[from data line 6525]
271.875000 271.916667   53.974  27.05   55.171  27.65   52.657  26.39   0.858   0.43 0.189000000000000
271.916667 271.958333   51.999  26.06   52.737  26.43   51.161  25.64   0.539   0.27 0.189000000000000
271.958333 272.000000   52.058  26.09   52.478  26.30   51.101  25.61   0.439   0.22 0.189000000000000
272.000000 272.041667   50.742  25.43   50.901  25.51   50.402  25.26   0.160   0.08 0.189000000000000
272.041667 272.083333   52.837  26.48   54.213  27.17   51.500  25.81   0.838   0.42 0.189000000000000
272.083333 272.125000   52.378  26.25   53.076  26.60   50.542  25.33   0.818   0.41 0.189000000000000
272.125000 272.166667   48.387  24.25   49.864  24.99   45.873  22.99   1.217   0.61 0.189000000000000
272.166667 272.208333   57.426  28.78   61.656  30.90   51.440  25.78   3.073   1.54 0.189000000000000
272.208333 272.250000   59.501  29.82   64.988  32.57   55.291  27.71   3.731   1.87 0.000000000000000
272.250000 272.291667   64.809  32.48   68.420  34.29   62.494  31.32   1.696   0.85 0.000000000000000
272.291667 272.333333   68.321  34.24   72.291  36.23   58.464  29.30   4.330   2.17 0.000000000000000
272.333333 272.375000   50.821  25.47   52.557  26.34   48.826  24.47   0.898   0.45 0.000000000000000
272.375000 272.416667   56.907  28.52   66.724  33.44   48.028  24.07   7.383   3.70 0.000000000000000
272.416667 272.458333   61.756  30.95   62.953  31.55   60.519  30.33   0.818   0.41 0.000000000000000
272.458333 272.500000   62.195  31.17   65.228  32.69   56.827  28.48   2.275   1.14 0.000000000000000
272.500000 272.541667   49.225  24.67   50.861  25.49   46.851  23.48   1.417   0.71 0.000000000000000
272.541667 272.583333   47.729  23.92   50.303  25.21   45.873  22.99   1.636   0.82 0.000000000000000
272.583333 272.625000   44.556  22.33   45.913  23.01   43.538  21.82   0.599   0.30 0.000000000000000
272.625000 272.666667   46.771  23.44   48.507  24.31   45.953  23.03   0.878   0.44 0.000000000000000
272.666667 272.708333   58.324  29.23   74.107  37.14   47.529  23.82  10.735   5.38 0.000000000000000
272.708333 272.750000   53.415  26.77   63.691  31.92   46.731  23.42   5.906   2.96 0.000000000000000
272.750000 272.791667   65.687  32.92   70.336  35.25   62.913  31.53   2.454   1.23 0.189000000000000
272.791667 272.833333   61.516  30.83   64.529  32.34   58.304  29.22   2.015   1.01 0.189000000000000
272.833333 272.875000   62.075  31.11   62.394  31.27   61.496  30.82   0.459   0.23 0.189390188000000
272.875000 272.916667   69.278  34.72   71.234  35.70   67.902  34.03   1.058   0.53 0.188189000000000
272.916667 272.958333   66.205  33.18   70.116  35.14   62.015  31.08   2.654   1.33 0.189000000000000
272.958333 273.000000   60.459  30.30   61.277  30.71   59.022  29.58   0.619   0.31 0.189000000000000
273.000000 273.041667   58.444  29.29   60.040  30.09   56.847  28.49   1.058   0.53 0.189000000000000
273.041667 273.083333   57.586  28.86   58.903  29.52   56.149  28.14   0.878   0.44 0.189000000000000
273.083333 273.125000   59.561  29.85   60.259  30.20   57.985  29.06   0.559   0.28 0.189000000000000
273.125000 273.166667   60.658  30.40   67.044  33.60   57.985  29.06   3.332   1.67 0.189000000000000
273.166667 273.208333   65.986  33.07   70.176  35.17   60.439  30.29   3.691   1.85 0.189000000000000
273.208333 273.250000   63.212  31.68   66.425  33.29   61.756  30.95   1.317   0.66 0.000000000000000
273.250000 273.291667   74.346  37.26   78.317  39.25   68.121  34.14   3.133   1.57 0.000000000000000
273.291667 273.333333   83.066  41.63   85.620  42.91   80.771  40.48   1.516   0.76 0.000000000000000
273.333333 273.375000   89.950  45.08   95.697  47.96   85.281  42.74   3.093   1.55 0.000000000000000
273.375000 273.416667   99.288  49.76  104.356  52.30   92.424  46.32   4.031   2.02 0.000000000000000
273.416667 273.458333  100.386  50.31  105.155  52.70   92.744  46.48   3.232   1.62 0.189188000000000
273.458333 273.500000   83.445  41.82   93.522  46.87   79.674  39.93   3.731   1.87 0.189188000000000
273.500000 273.541667   98.789  49.51  106.811  53.53   79.574  39.88   9.238   4.63 0.188000000000000
273.541667 273.583333  106.930  53.59  108.826  54.54  105.434  52.84   0.938   0.47 0.000000000000000
273.583333 273.625000  109.205  54.73  110.622  55.44  107.290  53.77   1.097   0.55 0.000000000000000
273.625000 273.666667  106.172  53.21  107.349  53.80  104.576  52.41   0.838   0.42 0.000000000000000
273.666667 273.708333  107.768  54.01  108.686  54.47  106.910  53.58   0.599   0.30 0.000000000000000
273.708333 273.750000  111.161  55.71  113.555  56.91  109.684  54.97   1.317   0.66 0.188189000000000
273.750000 273.791667  117.925  59.10  122.973  61.63  114.593  57.43   2.574   1.29 0.189000000000000
273.791667 273.833333  119.621  59.95  121.716  61.00  118.264  59.27   1.077   0.54 0.189000000000000
273.833333 273.875000  111.101  55.68  117.007  58.64  105.155  52.70   3.911   1.96 0.189000000000000
273.875000 273.916667   97.453  48.84  107.509  53.88   89.810  45.01   4.649   2.33 0.189000000000000
273.916667 273.958333   71.194  35.68   87.456  43.83   54.114  27.12  11.952   5.99 0.189000000000000
273.958333 274.000000   73.947  37.06   79.594  39.89   69.777  34.97   3.412   1.71 0.189000000000000
274.000000 274.041667   74.606  37.39   89.591  44.90   66.784  33.47   6.984   3.50 0.189000000000000
274.041667 274.083333   73.488  36.83   79.913  40.05   67.502  33.83   3.452   1.73 0.189000000000000
274.083333 274.125000   67.383  33.77   70.136  35.15   64.849  32.50   1.836   0.92 0.189188000000000
274.125000 274.166667   83.625  41.91   87.316  43.76   78.676  39.43   2.853   1.43 0.189188000000000
274.166667 274.208333  108.806  54.53  121.935  61.11   95.238  47.73   9.897   4.96 0.189000000000000
274.208333 274.250000  111.699  55.98  123.851  62.07   84.243  42.22  13.050   6.54 0.000000000000000
274.250000 274.291667   55.550  27.84   67.263  33.71   48.587  24.35   5.607   2.81 0.000000000000000
274.291667 274.333333   66.545  33.35   88.114  44.16   46.571  23.34  17.439   8.74 0.000000000000000
274.333333 274.375000   88.054  44.13   97.692  48.96   67.024  33.59   8.919   4.47 0.000000000000000
274.375000 274.416667  105.175  52.71  110.163  55.21   98.091  49.16   3.831   1.92 0.000000000000000
274.416667 274.458333   81.370  40.78  104.716  52.48   57.865  29.00  14.327   7.18 0.000000000000000
274.458333 274.500000   48.646  24.38   54.652  27.39   43.119  21.61   4.090   2.05 0.000000000000000
274.500000 274.541667   48.706  24.41   53.695  26.91   46.132  23.12   2.095   1.05 0.000000000000000
274.541667 274.583333   48.547  24.33   51.799  25.96   45.813  22.96   1.975   0.99 0.000000000000000
274.583333 274.625000   46.053  23.08   51.400  25.76   44.037  22.07   2.335   1.17 0.189188000000000
274.625000 274.666667   56.448  28.29   65.008  32.58   49.983  25.05   5.048   2.53 0.189000000000000
274.666667 274.708333   74.406  37.29   86.259  43.23   67.063  33.61   6.186   3.10 0.000000000000000
274.708333 274.750000   90.868  45.54  100.306  50.27   74.666  37.42   7.064   3.54 0.189188000000000
274.750000 274.791667   76.322  38.25   89.052  44.63   61.836  30.99   9.059   4.54 0.189000000000000
274.791667 274.833333   71.214  35.69   78.257  39.22   67.443  33.80   3.252   1.63 0.189000000000000
274.833333 274.875000   65.068  32.61   75.903  38.04   50.881  25.50   9.079   4.55 0.188189000000000
274.875000 274.916667   54.273  27.20   55.550  27.84   52.238  26.18   1.117   0.56 0.189000000000000
274.916667 274.958333   49.923  25.02   56.209  28.17   47.110  23.61   2.374   1.19 0.189000000000000
274.958333 275.000000   45.633  22.87   47.330  23.72   44.217  22.16   0.918   0.46 0.189000000000000
275.000000 275.041667   47.190  23.65   49.724  24.92   44.935  22.52   1.337   0.67 0.188189000000000
275.041667 275.083333   49.524  24.82   50.921  25.52   47.070  23.59   1.137   0.57 0.000000000000000
275.083333 275.125000   44.716  22.41   46.611  23.36   41.543  20.82   1.656   0.83 0.000000000000000
275.125000 275.166667   47.070  23.59   53.794  26.96   45.394  22.75   2.195   1.10 0.000000000000000
275.166667 275.208333 9999.999 999.99 9999.999 999.99 9999.999 999.99 999.999 999.99 0.456000000000000
275.208333 275.250000 9999.999 999.99 9999.999 999.99 9999.999 999.99 999.999 999.99 0.456000000000000
275.250000 275.291667 9999.999 999.99 9999.999 999.99 9999.999 999.99 999.999 999.99 0.456000000000000
275.291667 275.333333 9999.999 999.99 9999.999 999.99 9999.999 999.99 999.999 999.99 0.456000000000000
275.333333 275.375000 9999.999 999.99 9999.999 999.99 9999.999 999.99 999.999 999.99 0.456189188000000
275.375000 275.416667 9999.999 999.99 9999.999 999.99 9999.999 999.99 999.999 999.99 0.189456000000000
275.416667 275.458333 9999.999 999.99 9999.999 999.99 9999.999 999.99 999.999 999.99 0.188456000000000
275.458333 275.500000   74.865  37.52   79.215  39.70   68.879  34.52   3.332   1.67 0.188000000000000
275.500000 275.541667   66.924  33.54   69.039  34.60   60.838  30.49   2.714   1.36 0.000000000000000
275.541667 275.583333   57.346  28.74   58.903  29.52   55.750  27.94   0.958   0.48 0.000000000000000
275.583333 275.625000   67.143  33.65   84.942  42.57   56.807  28.47  10.336   5.18 0.000000000000000
275.625000 275.666667   77.120  38.65   83.984  42.09   67.622  33.89   5.647   2.83 0.000000000000000
275.666667 275.708333   58.444  29.29   64.629  32.39   52.178  26.15   4.709   2.36 0.000000000000000
275.708333 275.750000   64.968  32.56   71.413  35.79   57.506  28.82   3.532   1.77 0.000000000000000
275.750000 275.791667   74.386  37.28   78.617  39.40   71.034  35.60   2.175   1.09 0.000000000000000
275.791667 275.833333   62.394  31.27   63.751  31.95   59.262  29.70   1.377   0.69 0.189000000000000
275.833333 275.875000   63.492  31.82   65.587  32.87   59.721  29.93   1.716   0.86 0.189000000000000
275.875000 275.916667   55.271  27.70   62.155  31.15   51.520  25.82   3.213   1.61 0.189000000000000
275.916667 275.958333   52.258  26.19   54.353  27.24   50.562  25.34   1.257   0.63 0.189000000000000
275.958333 276.000000   49.884  25.00   54.134  27.13   47.070  23.59   1.916   0.96 0.189188000000000
276.000000 276.041667   58.264  29.20   60.798  30.47   54.812  27.47   1.816   0.91 0.189000000000000
276.041667 276.083333   54.014  27.07   58.045  29.09   50.303  25.21   1.916   0.96 0.189000000000000
276.083333 276.125000   51.799  25.96   55.071  27.60   50.203  25.16   1.457   0.73 0.189000000000000
276.125000 276.166667   51.540  25.83   55.431  27.78   49.524  24.82   1.676   0.84 0.189000000000000
276.166667 276.208333   51.200  25.66   52.577  26.35   49.943  25.03   0.938   0.47 0.000000000000000
276.208333 276.250000   52.777  26.45   54.154  27.14   51.240  25.68   1.058   0.53 0.000000000000000
276.250000 276.291667   55.231  27.68   56.987  28.56   52.497  26.31   1.457   0.73 0.000000000000000
276.291667 276.333333   51.639  25.88   53.495  26.81   49.604  24.86   1.117   0.56 0.000000000000000
276.333333 276.375000   53.076  26.60   54.672  27.40   51.200  25.66   0.998   0.50 0.000000000000000
276.375000 276.416667   50.422  25.27   51.979  26.05   48.247  24.18   1.237   0.62 0.394000000000000
276.416667 276.458333   58.284  29.21   64.470  32.31   54.832  27.48   3.013   1.51 0.000000000000000
276.458333 276.500000   69.378  34.77   71.274  35.72   66.684  33.42   1.536   0.77 0.000000000000000
276.500000 276.541667   71.872  36.02   74.765  37.47   69.558  34.86   1.377   0.69 0.000000000000000
276.541667 276.583333   80.133  40.16   82.128  41.16   77.579  38.88   1.197   0.60 0.000000000000000
276.583333 276.625000   80.293  40.24   81.789  40.99   77.739  38.96   1.277   0.64 0.000000000000000
276.625000 276.666667   80.293  40.24   81.230  40.71   79.475  39.83   0.519   0.26 0.000000000000000
276.666667 276.708333   76.801  38.49   79.155  39.67   74.327  37.25   1.337   0.67 0.189188000000000
276.708333 276.750000   76.821  38.50   79.215  39.70   73.189  36.68   1.836   0.92 0.188189000000000
276.750000 276.791667   77.300  38.74   80.173  40.18   73.189  36.68   2.315   1.16 0.189188000000000
276.791667 276.833333   60.000  30.07   74.207  37.19   53.056  26.59   5.986   3.00 0.189188000000000
276.833333 276.875000   50.462  25.29   53.116  26.62   47.230  23.67   1.816   0.91 0.188189000000000
276.875000 276.916667   47.230  23.67   48.467  24.29   45.753  22.93   0.778   0.39 0.189000000000000
276.916667 276.958333   49.943  25.03   51.999  26.06   48.926  24.52   0.918   0.46 0.189188000000000
276.958333 277.000000   47.649  23.88   49.704  24.91   44.217  22.16   1.536   0.77 0.189000000000000
277.000000 277.041667   49.644  24.88   50.881  25.50   49.265  24.69   0.419   0.21 0.189000000000000
277.041667 277.083333   51.480  25.80   52.218  26.17   50.821  25.47   0.459   0.23 0.189000000000000
277.083333 277.125000   50.801  25.46   52.158  26.14   47.649  23.88   1.497   0.75 0.189188000000000
277.125000 277.166667   49.285  24.70   51.081  25.60   47.848  23.98   1.217   0.61 0.188189000000000
277.166667 277.208333   47.589  23.85   50.083  25.10   44.955  22.53   1.437   0.72 0.189188000000000
277.208333 277.250000   44.995  22.55   50.422  25.27   42.660  21.38   1.975   0.99 0.189188000000000
277.250000 277.291667   48.746  24.43   50.861  25.49   43.798  21.95   1.816   0.91 0.188189000000000
277.291667 277.333333   43.758  21.93   45.334  22.72   41.543  20.82   1.117   0.56 0.189188000000000
277.333333 277.375000   45.314  22.71   47.230  23.67   43.518  21.81   1.237   0.62 0.188189000000000
277.375000 277.416667   47.489  23.80   49.864  24.99   40.266  20.18   2.893   1.45 0.188189000000000
277.416667 277.458333   50.622  25.37   54.992  27.56   48.387  24.25   1.916   0.96 0.188189000000000
277.458333 277.500000   51.420  25.77   54.094  27.11   46.611  23.36   2.255   1.13 0.188189000000000
277.500000 277.541667   54.293  27.21   58.703  29.42   50.702  25.41   2.514   1.26 0.188189000000000
277.541667 277.583333   56.289  28.21   60.120  30.13   50.502  25.31   3.532   1.77 0.188189000000000
277.583333 277.625000   51.121  25.62   54.194  27.16   48.327  24.22   1.796   0.90 0.189188000000000
277.625000 277.666667   50.941  25.53   54.114  27.12   47.210  23.66   1.836   0.92 0.188189000000000
277.666667 277.708333   56.827  28.48   68.720  34.44   50.722  25.42   7.782   3.90 0.189188000000000
277.708333 277.750000   61.656  30.90   62.833  31.49   59.641  29.89   1.038   0.52 0.188189000000000
277.750000 277.791667   57.566  28.85   61.696  30.92   52.438  26.28   2.813   1.41 0.188189000000000
277.791667 277.833333   56.428  28.28   59.521  29.83   53.994  27.06   1.856   0.93 0.188189000000000
277.833333 277.875000   55.012  27.57   57.645  28.89   52.178  26.15   1.776   0.89 0.189000000000000
277.875000 277.916667   51.520  25.82   53.156  26.64   50.063  25.09   0.958   0.48 0.189000000000000
277.916667 277.958333   50.023  25.07   52.178  26.15   47.968  24.04   1.377   0.69 0.189000000000000
277.958333 278.000000   50.023  25.07   51.041  25.58   48.627  24.37   0.738   0.37 0.189000000000000
278.000000 278.041667   49.904  25.01   51.001  25.56   48.946  24.53   0.539   0.27 0.189000000000000
278.041667 278.083333   50.323  25.22   51.959  26.04   48.906  24.51   0.898   0.45 0.189000000000000
278.083333 278.125000   48.467  24.29   49.445  24.78   47.669  23.89   0.579   0.29 0.189000000000000
278.125000 278.166667   49.305  24.71   50.662  25.39   48.068  24.09   0.798   0.40 0.189000000000000
278.166667 278.208333   49.983  25.05   51.320  25.72   48.188  24.15   0.818   0.41 0.189188000000000
278.208333 278.250000   49.265  24.69   50.382  25.25   48.527  24.32   0.639   0.32 0.188189000000000
278.250000 278.291667   51.320  25.72   52.478  26.30   49.884  25.00   0.718   0.36 0.000000000000000
