ozone_datasets/Ebas_221019_1549/US1200R.19730901010000.20181119130908.uv_abs.ozone.air.4mo.1h.US06L_Thermo_49_MLO.US06L_AM.lev2.nas
80 1001
McClure-Begley, Audra; Petropavlovskikh, Irina
US06L, National Oceanic and Atmospheric Administration, NOAA/ESRL/GMD, "Earth System Research Laboratory, Global Monitoring Division", 325 Broadway, , CO 80305-3, Boulder, U.S.A.
McClure-Begley, Audra
GAW-WDCRG NOAA-ESRL
1 1
1973 01 01 2018 11 19
0.041667
days from file reference point
8
1 1 1 1 1 1 1 1
999.999999 9999.99 999.9 9999.99 999.9 9999.99 999.9 9.999
end_time of measurement, days from the file reference point
ozone, ug/m3, Statistics=arithmetic mean, Volume std. temperature=293.15 K, Volume std. pressure=1013.25 hPa, Detection limit=2.0 ug/m3, Measurement uncertainty=2.0 ug/m3, Measurement uncertainty expl.=includes statistical uncertainty of individual sample and calibration uncertainty, "Comment=Data converted on import into EBAS from 'nmol/mol' to 'ug/m3' at 293.15 K, 1013.25 hPa, conversion factor 1.9953."
ozone, nmol/mol, Statistics=arithmetic mean, Detection limit=1.0 nmol/mol, Measurement uncertainty=1.0 nmol/mol, Measurement uncertainty expl.=includes statistical uncertainty of individual sample and calibration uncertainty, "Comment=Data converted on import into EBAS from 'nmol/mol' to 'ug/m3' at 293.15 K, 1013.25 hPa, conversion factor 1.9953. -- Data converted on export from EBAS from 'ug/m3' at 293.15 K, 1013.25 hPa to 'nmol/mol', conversion factor 0.501. Measurement uncertainty converted from '2.0 ug/m3' at 293.15 K, 1013.25 hPa to '1.0 nmol/mol', conversion factor 0.501. Detection limit converted from '2.0 ug/m3' at 293.15 K, 1013.25 hPa to '1.0 nmol/mol', conversion factor 0.501."
ozone, ug/m3, Statistics=maximum, Volume std. temperature=293.15 K, Volume std. pressure=1013.25 hPa, Detection limit=2.0 ug/m3, "Comment=Data converted on import into EBAS from 'nmol/mol' to 'ug/m3' at 293.15 K, 1013.25 hPa, conversion factor 1.9953. Detection limit converted from '1.0 nmol/mol' to '2.0 ug/m3' at 293.15 K, 1013.25 hPa, conversion factor 1.9953."
ozone, nmol/mol, Statistics=maximum, Detection limit=1.0 nmol/mol, "Comment=Data converted on import into EBAS from 'nmol/mol' to 'ug/m3' at 293.15 K, 1013.25 hPa, conversion factor 1.9953. Detection limit converted from '1.0 nmol/mol' to '2.0 ug/m3' at 293.15 K, 1013.25 hPa, conversion factor 1.9953. -- Data converted on export from EBAS from 'ug/m3' at 293.15 K, 1013.25 hPa to 'nmol/mol', conversion factor 0.501. Detection limit converted from '2.0 ug/m3' at 293.15 K, 1013.25 hPa to '1.0 nmol/mol', conversion factor 0.501."
ozone, ug/m3, Statistics=minimum, Volume std. temperature=293.15 K, Volume std. pressure=1013.25 hPa, Detection limit=2.0 ug/m3, "Comment=Data converted on import into EBAS from 'nmol/mol' to 'ug/m3' at 293.15 K, 1013.25 hPa, conversion factor 1.9953. Detection limit converted from '1.0 nmol/mol' to '2.0 ug/m3' at 293.15 K, 1013.25 hPa, conversion factor 1.9953."
[...]
Instrument manufacturer:      Thermo
Instrument model:             49
Instrument serial number:     323000000000552
Method ref:                   US06L_AM
Standard method:              SOP=GAW_209(2013)
Inlet type:                   Hat or hood
Inlet description:            Downward Facing, teflon inlet bell
Inlet tube material:          Teflon
Inlet tube outer diameter:    6.35 mm
Inlet tube inner diameter:    4.76 mm
Inlet tube length:            7.0 m
Humidity/temperature control description: Automatic
Zero/negative values code:    Zero/negative possible
Zero/negative values:         Zero and neg. values may appear due to statistical variations at very low concentrations
Absorption cross section:     Hearn, 1961 cm2
Originator:                   "McClure-Begley, Audra, Audra.mcclure@noaa.gov, National Oceanic and Atmospheric Administration/Earth System Research Laboratory/Global Monitoring Division, NOAA/ESRL/GMD, , 325 Broadway, , 80305, ""Boulder, CO"", USA"
Originator:                   "Petropavlovskikh, Irina, Irina.petro@noaa.gov, National Oceanic and Atmospheric Administration/Earth System Research Laboratory/Global Monitoring Division, NOAA/ESRL/GMD, , 325 Broadway, , 80305, ""Boulder, CO"", USA"
Submitter:                    "McClure-Begley, Audra, Audra.mcclure@noaa.gov, National Oceanic and Atmospheric Administration/Earth System Research Laboratory/Global Monitoring Division, NOAA/ESRL/GMD, , 325 Broadway, , 80305, ""Boulder, CO"", USA"
Acknowledgement:              "Request Acknowledgement details from data originator. http://dx.doi.org/10.7289/V57P8WBF"
starttime endtime O3 O3 O3 O3 O3 O3 flag
[from data line 915]
281.166667 281.208333   70.24  35.2   70.24  35.2   70.24  35.2 0.000
281.208333 281.250000   70.04  35.1   70.04  35.1   70.04  35.1 0.000
281.250000 281.291667   70.04  35.1   70.04  35.1   70.04  35.1 0.000
281.291667 281.333333   70.04  35.1   70.04  35.1   70.04  35.1 0.000
281.333333 281.375000   70.04  35.1   70.04  35.1   70.04  35.1 0.000
281.375000 281.416667   70.04  35.1   70.04  35.1   70.04  35.1 0.000
281.416667 281.458333   72.43  36.3   72.43  36.3   72.43  36.3 0.000
281.458333 281.500000   72.43  36.3   72.43  36.3   72.43  36.3 0.000
281.500000 281.541667   72.43  36.3   72.43  36.3   72.43  36.3 0.000
281.541667 281.583333   72.43  36.3   72.43  36.3   72.43  36.3 0.000
281.583333 281.625000   72.43  36.3   72.43  36.3   72.43  36.3 0.000
281.625000 281.666667   72.03  36.1   72.03  36.1   72.03  36.1 0.000
281.666667 281.708333   70.64  35.4   70.64  35.4   70.64  35.4 0.000
281.708333 281.750000   69.64  34.9   69.64  34.9   69.64  34.9 0.000
281.750000 281.791667   69.44  34.8   69.44  34.8   69.44  34.8 0.000
281.791667 281.833333   60.66  30.4   60.66  30.4   60.66  30.4 0.000
281.833333 281.875000   49.28  24.7   49.28  24.7   49.28  24.7 0.000
281.875000 281.916667   44.90  22.5   44.90  22.5   44.90  22.5 0.000
281.916667 281.958333   39.31  19.7   39.31  19.7   39.31  19.7 0.000
281.958333 282.000000   40.11  20.1   40.11  20.1   40.11  20.1 0.000
282.000000 282.041667   46.89  23.5   46.89  23.5   46.89  23.5 0.000
282.041667 282.083333   49.28  24.7   49.28  24.7   49.28  24.7 0.000
282.083333 282.125000   45.69  22.9   45.69  22.9   45.69  22.9 0.000
282.125000 282.166667   48.09  24.1   48.09  24.1   48.09  24.1 0.000
282.166667 282.208333   46.89  23.5   46.89  23.5   46.89  23.5 0.000
282.208333 282.250000   46.89  23.5   46.89  23.5   46.89  23.5 0.000
282.250000 282.291667   44.50  22.3   44.50  22.3   44.50  22.3 0.000
282.291667 282.333333   42.50  21.3   42.50  21.3   42.50  21.3 0.000
282.333333 282.375000   40.11  20.1   40.11  20.1   40.11  20.1 0.000
282.375000 282.416667   38.11  19.1   38.11  19.1   38.11  19.1 0.000
282.416667 282.458333   38.11  19.1   38.11  19.1   38.11  19.1 0.000
282.458333 282.500000   39.31  19.7   39.31  19.7   39.31  19.7 0.000
282.500000 282.541667   42.50  21.3   42.50  21.3   42.50  21.3 0.000
282.541667 282.583333   42.50  21.3   42.50  21.3   42.50  21.3 0.000
282.583333 282.625000   44.50  22.3   44.50  22.3   44.50  22.3 0.000
282.625000 282.666667   45.69  22.9   45.69  22.9   45.69  22.9 0.000
282.666667 282.708333   44.50  22.3   44.50  22.3   44.50  22.3 0.000
282.708333 282.750000   42.50  21.3   42.50  21.3   42.50  21.3 0.000
282.750000 282.791667   42.50  21.3   42.50  21.3   42.50  21.3 0.000
282.791667 282.833333   40.11  20.1   40.11  20.1   40.11  20.1 0.000
282.833333 282.875000   40.11  20.1   40.11  20.1   40.11  20.1 0.000
282.875000 282.916667   38.11  19.1   38.11  19.1   38.11  19.1 0.000
282.916667 282.958333   38.11  19.1   38.11  19.1   38.11  19.1 0.000
282.958333 283.000000   38.11  19.1   38.11  19.1   38.11  19.1 0.000
283.000000 283.041667   38.11  19.1   38.11  19.1   38.11  19.1 0.000
283.041667 283.083333   42.50  21.3   42.50  21.3   42.50  21.3 0.000
283.083333 283.125000   41.30  20.7   41.30  20.7   41.30  20.7 0.000
283.125000 283.166667   41.30  20.7   41.30  20.7   41.30  20.7 0.000
283.166667 283.208333   40.11  20.1   40.11  20.1   40.11  20.1 0.000
283.208333 283.250000   37.71  18.9   37.71  18.9   37.71  18.9 0.000
283.250000 283.291667   42.10  21.1   42.10  21.1   42.10  21.1 0.000
283.291667 283.333333   42.10  21.1   42.10  21.1   42.10  21.1 0.000
283.333333 283.375000   42.10  21.1   42.10  21.1   42.10  21.1 0.000
283.375000 283.416667   41.90  21.0   41.90  21.0   41.90  21.0 0.000
283.416667 283.458333   39.91  20.0   39.91  20.0   39.91  20.0 0.000
283.458333 283.500000   41.90  21.0   41.90  21.0   41.90  21.0 0.000
283.500000 283.541667   41.90  21.0   41.90  21.0   41.90  21.0 0.000
283.541667 283.583333   46.29  23.2   46.29  23.2   46.29  23.2 0.000
283.583333 283.625000   46.29  23.2   46.29  23.2   46.29  23.2 0.000
283.625000 283.666667   43.90  22.0   43.90  22.0   43.90  22.0 0.000
283.666667 283.708333   46.09  23.1   46.09  23.1   46.09  23.1 0.000
283.708333 283.750000   41.50  20.8   41.50  20.8   41.50  20.8 0.000
283.750000 283.791667   46.09  23.1   46.09  23.1   46.09  23.1 0.000
283.791667 283.833333   41.50  20.8   41.50  20.8   41.50  20.8 0.000
283.833333 283.875000   41.50  20.8   41.50  20.8   41.50  20.8 0.000
283.875000 283.916667   48.09  24.1   48.09  24.1   48.09  24.1 0.000
283.916667 283.958333   45.69  22.9   45.69  22.9   45.69  22.9 0.000
283.958333 284.000000   51.28  25.7   51.28  25.7   51.28  25.7 0.000
284.000000 284.041667   51.28  25.7   51.28  25.7   51.28  25.7 0.000
284.041667 284.083333   51.28  25.7   51.28  25.7   51.28  25.7 0.000
284.083333 284.125000   51.28  25.7   51.28  25.7   51.28  25.7 0.000
284.125000 284.166667   48.09  24.1   48.09  24.1   48.09  24.1 0.000
284.166667 284.208333   50.08  25.1   50.08  25.1   50.08  25.1 0.000
284.208333 284.250000   50.08  25.1   50.08  25.1   50.08  25.1 0.000
284.250000 284.291667   57.07  28.6   57.07  28.6   57.07  28.6 0.000
284.291667 284.333333   57.07  28.6   57.07  28.6   57.07  28.6 0.000
284.333333 284.375000   54.87  27.5   54.87  27.5   54.87  27.5 0.000
284.375000 284.416667   52.48  26.3   52.48  26.3   52.48  26.3 0.000
284.416667 284.458333   50.08  25.1   50.08  25.1   50.08  25.1 0.000
284.458333 284.500000   48.09  24.1   48.09  24.1   48.09  24.1 0.000
284.500000 284.541667   48.09  24.1   48.09  24.1   48.09  24.1 0.000
284.541667 284.583333   50.08  25.1   50.08  25.1   50.08  25.1 0.000
284.583333 284.625000   57.07  28.6   57.07  28.6   57.07  28.6 0.000
284.625000 284.666667   52.48  26.3   52.48  26.3   52.48  26.3 0.000
284.666667 284.708333   57.07  28.6   57.07  28.6   57.07  28.6 0.000
284.708333 284.750000   59.46  29.8   59.46  29.8   59.46  29.8 0.000
284.750000 284.791667   59.46  29.8   59.46  29.8   59.46  29.8 0.000
284.791667 284.833333   57.07  28.6   57.07  28.6   57.07  28.6 0.000
284.833333 284.875000   59.46  29.8   59.46  29.8   59.46  29.8 0.000
284.875000 284.916667   63.85  32.0   63.85  32.0   63.85  32.0 0.000
284.916667 284.958333   63.85  32.0   63.85  32.0   63.85  32.0 0.000
284.958333 285.000000   61.46  30.8   61.46  30.8   61.46  30.8 0.000
285.000000 285.041667   60.26  30.2   60.26  30.2   60.26  30.2 0.000
285.041667 285.083333   59.26  29.7   59.26  29.7   59.26  29.7 0.000
285.083333 285.125000   63.65  31.9   63.65  31.9   63.65  31.9 0.000
285.125000 285.166667   65.85  33.0   65.85  33.0   65.85  33.0 0.000
285.166667 285.208333   61.26  30.7   61.26  30.7   61.26  30.7 0.000
285.208333 285.250000   68.04  34.1   68.04  34.1   68.04  34.1 0.000
285.250000 285.291667   72.63  36.4   72.63  36.4   72.63  36.4 0.000
285.291667 285.333333   75.82  38.0   75.82  38.0   75.82  38.0 0.000
285.333333 285.375000   79.02  39.6   79.02  39.6   79.02  39.6 0.000
285.375000 285.416667   79.02  39.6   79.02  39.6   79.02  39.6 0.000
285.416667 285.458333   79.02  39.6   79.02  39.6   79.02  39.6 0.000
285.458333 285.500000   78.02  39.1   78.02  39.1   78.02  39.1 0.000
285.500000 285.541667   75.62  37.9   75.62  37.9   75.62  37.9 0.000
285.541667 285.583333   69.64  34.9   69.64  34.9   69.64  34.9 0.000
285.583333 285.625000   80.01  40.1   80.01  40.1   80.01  40.1 0.000
285.625000 285.666667   83.21  41.7   83.21  41.7   83.21  41.7 0.000
285.666667 285.708333   78.82  39.5   78.82  39.5   78.82  39.5 0.000
285.708333 285.750000   69.64  34.9   69.64  34.9   69.64  34.9 0.000
285.750000 285.791667   67.44  33.8   67.44  33.8   67.44  33.8 0.000
285.791667 285.833333   69.44  34.8   69.44  34.8   69.44  34.8 0.000
285.833333 285.875000   67.04  33.6   67.04  33.6   67.04  33.6 0.000
285.875000 285.916667   60.66  30.4   60.66  30.4   60.66  30.4 0.000
285.916667 285.958333   60.66  30.4   60.66  30.4   60.66  30.4 0.000
285.958333 286.000000   59.46  29.8   59.46  29.8   59.46  29.8 0.000
286.000000 286.041667   60.26  30.2   60.26  30.2   60.26  30.2 0.000
286.041667 286.083333   60.26  30.2   60.26  30.2   60.26  30.2 0.000
286.083333 286.125000   60.26  30.2   60.26  30.2   60.26  30.2 0.000
286.125000 286.166667   59.46  29.8   59.46  29.8   59.46  29.8 0.000
286.166667 286.208333   60.26  30.2   60.26  30.2   60.26  30.2 0.000
286.208333 286.250000   69.44  34.8   69.44  34.8   69.44  34.8 0.000
286.250000 286.291667   57.07  28.6   57.07  28.6   57.07  28.6 0.000
286.291667 286.333333   54.87  27.5   54.87  27.5   54.87  27.5 0.000
286.333333 286.375000   59.46  29.8   59.46  29.8   59.46  29.8 0.000
286.375000 286.416667   67.04  33.6   67.04  33.6   67.04  33.6 0.000
286.416667 286.458333   62.65  31.4   62.65  31.4   62.65  31.4 0.000
286.458333 286.500000   67.04  33.6   67.04  33.6   67.04  33.6 0.000
286.500000 286.541667   65.85  33.0   65.85  33.0   65.85  33.0 0.000
286.541667 286.583333   65.85  33.0   65.85  33.0   65.85  33.0 0.000
286.583333 286.625000   67.04  33.6   67.04  33.6   67.04  33.6 0.000
286.625000 286.666667   67.04  33.6   67.04  33.6   67.04  33.6 0.000
286.666667 286.708333   64.65  32.4   64.65  32.4   64.65  32.4 0.000
286.708333 286.750000   67.04  33.6   67.04  33.6   67.04  33.6 0.000
286.750000 286.791667   67.04  33.6   67.04  33.6   67.04  33.6 0.000
286.791667 286.833333   69.44  34.8   69.44  34.8   69.44  34.8 0.000
286.833333 286.875000   75.02  37.6   75.02  37.6   75.02  37.6 0.000
286.875000 286.916667   74.03  37.1   74.03  37.1   74.03  37.1 0.000
286.916667 286.958333   76.22  38.2   76.22  38.2   76.22  38.2 0.000
286.958333 287.000000   74.03  37.1   74.03  37.1   74.03  37.1 0.000
287.000000 287.041667   68.24  34.2   68.24  34.2   68.24  34.2 0.000
287.041667 287.083333   67.04  33.6   67.04  33.6   67.04  33.6 0.000
287.083333 287.125000   67.04  33.6   67.04  33.6   67.04  33.6 0.000
287.125000 287.166667   60.26  30.2   60.26  30.2   60.26  30.2 0.000
287.166667 287.208333   58.06  29.1   58.06  29.1   58.06  29.1 0.000
287.208333 287.250000   64.65  32.4   64.65  32.4   64.65  32.4 0.000
287.250000 287.291667   60.06  30.1   60.06  30.1   60.06  30.1 0.000
287.291667 287.333333   62.45  31.3   62.45  31.3   62.45  31.3 0.000
287.333333 287.375000   66.84  33.5   66.84  33.5   66.84  33.5 0.000
287.375000 287.416667   66.44  33.3   66.44  33.3   66.44  33.3 0.000
287.416667 287.458333   66.44  33.3   66.44  33.3   66.44  33.3 0.000
287.458333 287.500000   62.06  31.1   62.06  31.1   62.06  31.1 0.000
287.500000 287.541667   62.06  31.1   62.06  31.1   62.06  31.1 0.000
287.541667 287.583333   59.86  30.0   59.86  30.0   59.86  30.0 0.000
287.583333 287.625000   65.25  32.7   65.25  32.7   65.25  32.7 0.000
287.625000 287.666667   66.25  33.2   66.25  33.2   66.25  33.2 0.000
287.666667 287.708333   66.25  33.2   66.25  33.2   66.25  33.2 0.000
287.708333 287.750000   66.25  33.2   66.25  33.2   66.25  33.2 0.000
287.750000 287.791667   65.05  32.6   65.05  32.6   65.05  32.6 0.000
287.791667 287.833333   66.25  33.2   66.25  33.2   66.25  33.2 0.000
287.833333 287.875000   61.86  31.0   61.86  31.0   61.86  31.0 0.000
287.875000 287.916667   55.07  27.6   55.07  27.6   55.07  27.6 0.000
287.916667 287.958333   57.07  28.6   57.07  28.6   57.07  28.6 0.000
287.958333 288.000000   57.07  28.6   57.07  28.6   57.07  28.6 0.000
288.000000 288.041667   57.07  28.6   57.07  28.6   57.07  28.6 0.000
288.041667 288.083333   57.07  28.6   57.07  28.6   57.07  28.6 0.000
288.083333 288.125000   57.07  28.6   57.07  28.6   57.07  28.6 0.000
288.125000 288.166667   57.07  28.6   57.07  28.6   57.07  28.6 0.000
288.166667 288.208333   57.07  28.6   57.07  28.6   57.07  28.6 0.000
288.208333 288.250000   55.87  28.0   55.87  28.0   55.87  28.0 0.000
288.250000 288.291667   55.87  28.0   55.87  28.0   55.87  28.0 0.000
288.291667 288.333333   45.69  22.9   45.69  22.9   45.69  22.9 0.000
288.333333 288.375000   43.70  21.9   43.70  21.9   43.70  21.9 0.000
288.375000 288.416667   45.69  22.9   45.69  22.9   45.69  22.9 0.000
288.416667 288.458333   54.87  27.5   54.87  27.5   54.87  27.5 0.000
288.458333 288.500000   55.87  28.0   55.87  28.0   55.87  28.0 0.000
288.500000 288.541667   55.87  28.0   55.87  28.0   55.87  28.0 0.000
288.541667 288.583333   64.65  32.4   64.65  32.4   64.65  32.4 0.000
288.583333 288.625000   64.65  32.4   64.65  32.4   64.65  32.4 0.000
288.625000 288.666667   59.46  29.8   59.46  29.8   59.46  29.8 0.000
288.666667 288.708333   68.24  34.2   68.24  34.2   68.24  34.2 0.000
288.708333 288.750000   65.85  33.0   65.85  33.0   65.85  33.0 0.000
288.750000 288.791667   57.07  28.6   57.07  28.6   57.07  28.6 0.000
288.791667 288.833333   57.07  28.6   57.07  28.6   57.07  28.6 0.000
288.833333 288.875000   57.07  28.6   57.07  28.6   57.07  28.6 0.000
288.875000 288.916667   57.07  28.6   57.07  28.6   57.07  28.6 0.000
288.916667 288.958333   57.07  28.6   57.07  28.6   57.07  28.6 0.000
288.958333 289.000000   57.07  28.6   57.07  28.6   57.07  28.6 0.000
289.000000 289.041667   59.46  29.8   59.46  29.8   59.46  29.8 0.000
289.041667 289.083333   57.07  28.6   57.07  28.6   57.07  28.6 0.000
289.083333 289.125000   57.07  28.6   57.07  28.6   57.07  28.6 0.000
289.125000 289.166667   57.07  28.6   57.07  28.6   57.07  28.6 0.000
289.166667 289.208333   50.08  25.1   50.08  25.1   50.08  25.1 0.000
289.208333 289.250000   48.09  24.1   48.09  24.1   48.09  24.1 0.000
289.250000 289.291667   48.09  24.1   48.09  24.1   48.09  24.1 0.000
289.291667 289.333333   50.08  25.1   50.08  25.1   50.08  25.1 0.000
289.333333 289.375000   49.28  24.7   49.28  24.7   49.28  24.7 0.000
289.375000 289.416667   50.08  25.1   50.08  25.1   50.08  25.1 0.000
289.416667 289.458333   54.87  27.5   54.87  27.5   54.87  27.5 0.000
289.458333 289.500000   55.87  28.0   55.87  28.0   55.87  28.0 0.000
289.500000 289.541667   53.67  26.9   53.67  26.9   53.67  26.9 0.000
289.541667 289.583333   54.87  27.5   54.87  27.5   54.87  27.5 0.000
289.583333 289.625000   57.07  28.6   57.07  28.6   57.07  28.6 0.000
289.625000 289.666667   58.26  29.2   58.26  29.2   58.26  29.2 0.000
289.666667 289.708333   60.26  30.2   60.26  30.2   60.26  30.2 0.000
289.708333 289.750000   59.46  29.8   59.46  29.8   59.46  29.8 0.000
289.750000 289.791667   65.85  33.0   65.85  33.0   65.85  33.0 0.000
289.791667 289.833333   65.85  33.0   65.85  33.0   65.85  33.0 0.000
289.833333 289.875000   65.85  33.0   65.85  33.0   65.85  33.0 0.000
289.875000 289.916667   65.85  33.0   65.85  33.0   65.85  33.0 0.000
289.916667 289.958333   59.46  29.8   59.46  29.8   59.46  29.8 0.000
289.958333 290.000000   65.85  33.0   65.85  33.0   65.85  33.0 0.000
290.000000 290.041667   65.85  33.0   65.85  33.0   65.85  33.0 0.000
290.041667 290.083333   67.04  33.6   67.04  33.6   67.04  33.6 0.000
290.083333 290.125000   65.85  33.0   65.85  33.0   65.85  33.0 0.000
290.125000 290.166667   68.24  34.2   68.24  34.2   68.24  34.2 0.000
290.166667 290.208333   68.24  34.2   68.24  34.2   68.24  34.2 0.000
290.208333 290.250000   65.85  33.0   65.85  33.0   65.85  33.0 0.000
290.250000 290.291667   68.24  34.2   68.24  34.2   68.24  34.2 0.000
290.291667 290.333333   67.04  33.6   67.04  33.6   67.04  33.6 0.000
290.333333 290.375000   64.65  32.4   64.65  32.4   64.65  32.4 0.000
290.375000 290.416667   65.85  33.0   65.85  33.0   65.85  33.0 0.000
290.416667 290.458333   65.85  33.0   65.85  33.0   65.85  33.0 0.000
290.458333 290.500000   68.24  34.2   68.24  34.2   68.24  34.2 0.000
290.500000 290.541667   68.24  34.2   68.24  34.2   68.24  34.2 0.000
290.541667 290.583333   68.24  34.2   68.24  34.2   68.24  34.2 0.000
290.583333 290.625000   68.24  34.2   68.24  34.2   68.24  34.2 0.000
