ozone_datasets/Ebas_221019_1549/US1200R.19730901010000.20181119130908.uv_abs.ozone.air.4mo.1h.US06L_Thermo_49_MLO.US06L_AM.lev2.nas
80 1001
McClure-Begley, Audra; Petropavlovskikh, Irina
US06L, National Oceanic and Atmospheric Administration, NOAA/ESRL/GMD, "Earth System Research Laboratory, Global Monitoring Division", 325 Broadway, , CO 80305-3, Boulder, U.S.A.
McClure-Begley, Audra
GAW-WDCRG NOAA-ESRL
1 1
1973 01 01 2018 11 19
0.041667
days from file reference point
8
1 1 1 1 1 1 1 1
999.999999 9999.99 999.9 9999.99 999.9 9999.99 999.9 9.999
end_time of measurement, days from the file reference point
ozone, ug/m3, Statistics=arithmetic mean, Volume std. temperature=293.15 K, Volume std. pressure=1013.25 hPa, Detection limit=2.0 ug/m3, Measurement uncertainty=2.0 ug/m3, Measurement uncertainty expl.=includes statistical uncertainty of individual sample and calibration uncertainty, "Comment=Data converted on import into EBAS from 'nmol/mol' to 'ug/m3' at 293.15 K, 1013.25 hPa, conversion factor 1.9953."
ozone, nmol/mol, Statistics=arithmetic mean, Detection limit=1.0 nmol/mol, Measurement uncertainty=1.0 nmol/mol, Measurement uncertainty expl.=includes statistical uncertainty of individual sample and calibration uncertainty, "Comment=Data converted on import into EBAS from 'nmol/mol' to 'ug/m3' at 293.15 K, 1013.25 hPa, conversion factor 1.9953. -- Data converted on export from EBAS from 'ug/m3' at 293.15 K, 1013.25 hPa to 'nmol/mol', conversion factor 0.501. Measurement uncertainty converted from '2.0 ug/m3' at 293.15 K, 1013.25 hPa to '1.0 nmol/mol', conversion factor 0.501. Detection limit converted from '2.0 ug/m3' at 293.15 K, 1013.25 hPa to '1.0 nmol/mol', conversion factor 0.501."
ozone, ug/m3, Statistics=maximum, Volume std. temperature=293.15 K, Volume std. pressure=1013.25 hPa, Detection limit=2.0 ug/m3, "Comment=Data converted on import into EBAS from 'nmol/mol' to 'ug/m3' at 293.15 K, 1013.25 hPa, conversion factor 1.9953. Detection limit converted from '1.0 nmol/mol' to '2.0 ug/m3' at 293.15 K, 1013.25 hPa, conversion factor 1.9953."
ozone, nmol/mol, Statistics=maximum, Detection limit=1.0 nmol/mol, "Comment=Data converted on import into EBAS from 'nmol/mol' to 'ug/m3' at 293.15 K, 1013.25 hPa, conversion factor 1.9953. Detection limit converted from '1.0 nmol/mol' to '2.0 ug/m3' at 293.15 K, 1013.25 hPa, conversion factor 1.9953. -- Data converted on export from EBAS from 'ug/m3' at 293.15 K, 1013.25 hPa to 'nmol/mol', conversion factor 0.501. Detection limit converted from '2.0 ug/m3' at 293.15 K, 1013.25 hPa to '1.0 nmol/mol', conversion factor 0.501."
ozone, ug/m3, Statistics=minimum, Volume std. temperature=293.15 K, Volume std. pressure=1013.25 hPa, Detection limit=2.0 ug/m3, "Comment=Data converted on import into EBAS from 'nmol/mol' to 'ug/m3' at 293.15 K, 1013.25 hPa, conversion factor 1.9953. Detection limit converted from '1.0 nmol/mol' to '2.0 ug/m3' at 293.15 K, 1013.25 hPa, conversion factor 1.9953."
[...]
Instrument manufacturer:      Thermo
Instrument model:             49
Instrument serial number:     323000000000552
Method ref:                   US06L_AM
Standard method:              SOP=GAW_209(2013)
Inlet type:                   Hat or hood
Inlet description:            Downward Facing, teflon inlet bell
Inlet tube material:          Teflon
Inlet tube outer diameter:    6.35 mm
Inlet tube inner diameter:    4.76 mm
Inlet tube length:            7.0 m
Humidity/temperature control description: Automatic
Zero/negative values code:    Zero/negative possible
Zero/negative values:         Zero and neg. values may appear due to statistical variations at very low concentrations
Absorption cross section:     Hearn, 1961 cm2
Originator:                   "McClure-Begley, Audra, Audra.mcclure@noaa.gov, National Oceanic and Atmospheric Administration/Earth System Research Laboratory/Global Monitoring Division, NOAA/ESRL/GMD, , 325 Broadway, , 80305, ""Boulder, CO"", USA"
Originator:                   "Petropavlovskikh, Irina, Irina.petro@noaa.gov, National Oceanic and Atmospheric Administration/Earth System Research Laboratory/Global Monitoring Division, NOAA/ESRL/GMD, , 325 Broadway, , 80305, ""Boulder, CO"", USA"
Submitter:                    "McClure-Begley, Audra, Audra.mcclure@noaa.gov, National Oceanic and Atmospheric Administration/Earth System Research Laboratory/Global Monitoring Division, NOAA/ESRL/GMD, , 325 Broadway, , 80305, ""Boulder, CO"", USA"
Acknowledgement:              "Request Acknowledgement details from data originator. http://dx.doi.org/10.7289/V57P8WBF"
starttime endtime O3 O3 O3 O3 O3 O3 flag
[from data line 1601]
309.750000 309.791667   76.22  38.2   76.22  38.2   76.22  38.2 0.000
309.791667 309.833333   71.83  36.0   71.83  36.0   71.83  36.0 0.000
309.833333 309.875000   71.83  36.0   71.83  36.0   71.83  36.0 0.000
309.875000 309.916667   64.85  32.5   64.85  32.5   64.85  32.5 0.000
309.916667 309.958333   61.66  30.9   61.66  30.9   61.66  30.9 0.000
309.958333 310.000000   61.66  30.9   61.66  30.9   61.66  30.9 0.000
310.000000 310.041667   60.46  30.3   60.46  30.3   60.46  30.3 0.000
310.041667 310.083333   50.08  25.1   50.08  25.1   50.08  25.1 0.000
310.083333 310.125000   44.50  22.3   44.50  22.3   44.50  22.3 0.000
310.125000 310.166667   50.08  25.1   50.08  25.1   50.08  25.1 0.000
310.166667 310.208333   51.28  25.7   51.28  25.7   51.28  25.7 0.000
310.208333 310.250000   59.46  29.8   59.46  29.8   59.46  29.8 0.000
310.250000 310.291667   58.26  29.2   58.26  29.2   58.26  29.2 0.000
310.291667 310.333333   57.07  28.6   57.07  28.6   57.07  28.6 0.000
310.333333 310.375000   54.87  27.5   54.87  27.5   54.87  27.5 0.000
310.375000 310.416667   54.87  27.5   54.87  27.5   54.87  27.5 0.000
310.416667 310.458333   54.87  27.5   54.87  27.5   54.87  27.5 0.000
310.458333 310.500000   60.46  30.3   60.46  30.3   60.46  30.3 0.000
310.500000 310.541667   63.85  32.0   63.85  32.0   63.85  32.0 0.000
310.541667 310.583333   64.85  32.5   64.85  32.5   64.85  32.5 0.000
310.583333 310.625000   64.85  32.5   64.85  32.5   64.85  32.5 0.000
310.625000 310.666667   67.04  33.6   67.04  33.6   67.04  33.6 0.000
310.666667 310.708333   64.85  32.5   64.85  32.5   64.85  32.5 0.000
310.708333 310.750000   67.04  33.6   67.04  33.6   67.04  33.6 0.000
310.750000 310.791667   67.04  33.6   67.04  33.6   67.04  33.6 0.000
310.791667 310.833333   74.23  37.2   74.23  37.2   74.23  37.2 0.000
310.833333 310.875000   68.24  34.2   68.24  34.2   68.24  34.2 0.000
310.875000 310.916667   62.65  31.4   62.65  31.4   62.65  31.4 0.000
310.916667 310.958333   49.28  24.7   49.28  24.7   49.28  24.7 0.000
310.958333 311.000000   43.70  21.9   43.70  21.9   43.70  21.9 0.000
311.000000 311.041667   40.11  20.1   40.11  20.1   40.11  20.1 0.000
311.041667 311.083333   40.11  20.1   40.11  20.1   40.11  20.1 0.000
311.083333 311.125000   49.28  24.7   49.28  24.7   49.28  24.7 0.000
311.125000 311.166667   53.67  26.9   53.67  26.9   53.67  26.9 0.000
311.166667 311.208333   56.07  28.1   56.07  28.1   56.07  28.1 0.000
311.208333 311.250000   58.26  29.2   58.26  29.2   58.26  29.2 0.000
311.250000 311.291667   61.66  30.9   61.66  30.9   61.66  30.9 0.000
311.291667 311.333333   60.46  30.3   60.46  30.3   60.46  30.3 0.000
311.333333 311.375000   60.46  30.3   60.46  30.3   60.46  30.3 0.000
311.375000 311.416667   61.66  30.9   61.66  30.9   61.66  30.9 0.000
311.416667 311.458333   63.85  32.0   63.85  32.0   63.85  32.0 0.000
311.458333 311.500000   62.65  31.4   62.65  31.4   62.65  31.4 0.000
311.500000 311.541667   64.85  32.5   64.85  32.5   64.85  32.5 0.000
311.541667 311.583333   67.04  33.6   67.04  33.6   67.04  33.6 0.000
311.583333 311.625000   71.83  36.0   71.83  36.0   71.83  36.0 0.000
311.625000 311.666667   67.04  33.6   67.04  33.6   67.04  33.6 0.000
311.666667 311.708333   67.04  33.6   67.04  33.6   67.04  33.6 0.000
311.708333 311.750000   67.04  33.6   67.04  33.6   67.04  33.6 0.000
311.750000 311.791667   66.05  33.1   66.05  33.1   66.05  33.1 0.000
311.791667 311.833333   63.85  32.0   63.85  32.0   63.85  32.0 0.000
311.833333 311.875000   62.65  31.4   62.65  31.4   62.65  31.4 0.000
311.875000 311.916667   49.28  24.7   49.28  24.7   49.28  24.7 0.000
311.916667 311.958333   48.09  24.1   48.09  24.1   48.09  24.1 0.000
311.958333 312.000000   50.08  25.1   50.08  25.1   50.08  25.1 0.000
312.000000 312.041667   52.48  26.3   52.48  26.3   52.48  26.3 0.000
312.041667 312.083333   53.67  26.9   53.67  26.9   53.67  26.9 0.000
312.083333 312.125000   51.28  25.7   51.28  25.7   51.28  25.7 0.000
312.125000 312.166667   50.08  25.1   50.08  25.1   50.08  25.1 0.000
312.166667 312.208333   45.69  22.9   45.69  22.9   45.69  22.9 0.000
312.208333 312.250000   48.09  24.1   48.09  24.1   48.09  24.1 0.000
312.250000 312.291667   58.26  29.2   58.26  29.2   58.26  29.2 0.000
312.291667 312.333333   58.26  29.2   58.26  29.2   58.26  29.2 0.000
312.333333 312.375000   58.26  29.2   58.26  29.2   58.26  29.2 0.000
312.375000 312.416667   58.26  29.2   58.26  29.2   58.26  29.2 0.000
312.416667 312.458333   59.46  29.8   59.46  29.8   59.46  29.8 0.000
312.458333 312.500000   60.46  30.3   60.46  30.3   60.46  30.3 0.000
312.500000 312.541667   61.66  30.9   61.66  30.9   61.66  30.9 0.000
312.541667 312.583333   68.24  34.2   68.24  34.2   68.24  34.2 0.000
312.583333 312.625000   69.44  34.8   69.44  34.8   69.44  34.8 0.000
312.625000 312.666667   68.24  34.2   68.24  34.2   68.24  34.2 0.000
312.666667 312.708333   70.44  35.3   70.44  35.3   70.44  35.3 0.000
312.708333 312.750000   70.44  35.3   70.44  35.3   70.44  35.3 0.000
312.750000 312.791667   71.83  36.0   71.83  36.0   71.83  36.0 0.000
312.791667 312.833333   64.85  32.5   64.85  32.5   64.85  32.5 0.000
312.833333 312.875000   44.50  22.3   44.50  22.3   44.50  22.3 0.000
312.875000 312.916667   46.89  23.5   46.89  23.5   46.89  23.5 0.000
312.916667 312.958333   44.50  22.3   44.50  22.3   44.50  22.3 0.000
312.958333 313.000000   49.28  24.7   49.28  24.7   49.28  24.7 0.000
313.000000 313.041667   50.08  25.1   50.08  25.1   50.08  25.1 0.000
313.041667 313.083333   46.89  23.5   46.89  23.5   46.89  23.5 0.000
313.083333 313.125000   46.89  23.5   46.89  23.5   46.89  23.5 0.000
313.125000 313.166667   46.89  23.5   46.89  23.5   46.89  23.5 0.000
313.166667 313.208333   42.50  21.3   42.50  21.3   42.50  21.3 0.000
313.208333 313.250000   58.26  29.2   58.26  29.2   58.26  29.2 0.000
313.250000 313.291667   62.65  31.4   62.65  31.4   62.65  31.4 0.000
313.291667 313.333333   61.66  30.9   61.66  30.9   61.66  30.9 0.000
313.333333 313.375000   63.85  32.0   63.85  32.0   63.85  32.0 0.000
313.375000 313.416667   67.04  33.6   67.04  33.6   67.04  33.6 0.000
313.416667 313.458333   78.62  39.4   78.62  39.4   78.62  39.4 0.000
313.458333 313.500000   71.83  36.0   71.83  36.0   71.83  36.0 0.000
313.500000 313.541667   66.05  33.1   66.05  33.1   66.05  33.1 0.000
313.541667 313.583333   91.99  46.1   91.99  46.1   91.99  46.1 0.000
313.583333 313.625000   91.99  46.1   91.99  46.1   91.99  46.1 0.000
313.625000 313.666667   91.99  46.1   91.99  46.1   91.99  46.1 0.000
313.666667 313.708333   86.20  43.2   86.20  43.2   86.20  43.2 0.000
313.708333 313.750000   70.44  35.3   70.44  35.3   70.44  35.3 0.000
313.750000 313.791667   63.85  32.0   63.85  32.0   63.85  32.0 0.000
313.791667 313.833333   62.65  31.4   62.65  31.4   62.65  31.4 0.000
313.833333 313.875000   53.67  26.9   53.67  26.9   53.67  26.9 0.000
313.875000 313.916667   48.09  24.1   48.09  24.1   48.09  24.1 0.000
313.916667 313.958333   46.89  23.5   46.89  23.5   46.89  23.5 0.000
313.958333 314.000000   48.09  24.1   48.09  24.1   48.09  24.1 0.000
314.000000 314.041667   46.89  23.5   46.89  23.5   46.89  23.5 0.000
314.041667 314.083333   44.50  22.3   44.50  22.3   44.50  22.3 0.000
314.083333 314.125000   46.89  23.5   46.89  23.5   46.89  23.5 0.000
314.125000 314.166667   58.26  29.2   58.26  29.2   58.26  29.2 0.000
314.166667 314.208333   54.87  27.5   54.87  27.5   54.87  27.5 0.000
314.208333 314.250000   56.07  28.1   56.07  28.1   56.07  28.1 0.000
314.250000 314.291667   52.48  26.3   52.48  26.3   52.48  26.3 0.000
314.291667 314.333333   54.87  27.5   54.87  27.5   54.87  27.5 0.000
314.333333 314.375000   57.07  28.6   57.07  28.6   57.07  28.6 0.000
314.375000 314.416667   58.26  29.2   58.26  29.2   58.26  29.2 0.000
314.416667 314.458333   60.46  30.3   60.46  30.3   60.46  30.3 0.000
314.458333 314.500000   61.66  30.9   61.66  30.9   61.66  30.9 0.000
314.500000 314.541667   58.26  29.2   58.26  29.2   58.26  29.2 0.000
314.541667 314.583333   61.66  30.9   61.66  30.9   61.66  30.9 0.000
314.583333 314.625000   59.46  29.8   59.46  29.8   59.46  29.8 0.000
314.625000 314.666667   56.07  28.1   56.07  28.1   56.07  28.1 0.000
314.666667 314.708333   64.85  32.5   64.85  32.5   64.85  32.5 0.000
314.708333 314.750000   63.85  32.0   63.85  32.0   63.85  32.0 0.000
314.750000 314.791667   62.65  31.4   62.65  31.4   62.65  31.4 0.000
314.791667 314.833333   53.67  26.9   53.67  26.9   53.67  26.9 0.000
314.833333 314.875000   48.09  24.1   48.09  24.1   48.09  24.1 0.000
314.875000 314.916667   46.89  23.5   46.89  23.5   46.89  23.5 0.000
314.916667 314.958333   44.50  22.3   44.50  22.3   44.50  22.3 0.000
314.958333 315.000000   46.89  23.5   46.89  23.5   46.89  23.5 0.000
315.000000 315.041667   49.28  24.7   49.28  24.7   49.28  24.7 0.000
315.041667 315.083333   60.46  30.3   60.46  30.3   60.46  30.3 0.000
315.083333 315.125000   58.26  29.2   58.26  29.2   58.26  29.2 0.000
315.125000 315.166667   57.07  28.6   57.07  28.6   57.07  28.6 0.000
315.166667 315.208333   61.66  30.9   61.66  30.9   61.66  30.9 0.000
315.208333 315.250000   58.26  29.2   58.26  29.2   58.26  29.2 0.000
315.250000 315.291667   56.07  28.1   56.07  28.1   56.07  28.1 0.000
315.291667 315.333333   59.46  29.8   59.46  29.8   59.46  29.8 0.000
315.333333 315.375000   57.07  28.6   57.07  28.6   57.07  28.6 0.000
315.375000 315.416667   61.66  30.9   61.66  30.9   61.66  30.9 0.000
315.416667 315.458333   64.85  32.5   64.85  32.5   64.85  32.5 0.000
315.458333 315.500000   58.26  29.2   58.26  29.2   58.26  29.2 0.000
315.500000 315.541667   62.65  31.4   62.65  31.4   62.65  31.4 0.000
315.541667 315.583333   63.85  32.0   63.85  32.0   63.85  32.0 0.000
315.583333 315.625000   63.85  32.0   63.85  32.0   63.85  32.0 0.000
315.625000 315.666667   64.85  32.5   64.85  32.5   64.85  32.5 0.000
315.666667 315.708333   66.05  33.1   66.05  33.1   66.05  33.1 0.000
315.708333 315.750000   64.85  32.5   64.85  32.5   64.85  32.5 0.000
315.750000 315.791667   64.85  32.5   64.85  32.5   64.85  32.5 0.000
315.791667 315.833333   70.44  35.3   70.44  35.3   70.44  35.3 0.000
315.833333 315.875000   74.23  37.2   74.23  37.2   74.23  37.2 0.000
315.875000 315.916667   64.85  32.5   64.85  32.5   64.85  32.5 0.000
315.916667 315.958333   60.46  30.3   60.46  30.3   60.46  30.3 0.000
315.958333 316.000000   59.46  29.8   59.46  29.8   59.46  29.8 0.000
316.000000 316.041667   56.07  28.1   56.07  28.1   56.07  28.1 0.000
316.041667 316.083333   57.07  28.6   57.07  28.6   57.07  28.6 0.000
316.083333 316.125000   63.85  32.0   63.85  32.0   63.85  32.0 0.000
316.125000 316.166667   67.04  33.6   67.04  33.6   67.04  33.6 0.000
316.166667 316.208333   64.85  32.5   64.85  32.5   64.85  32.5 0.000
316.208333 316.250000   69.44  34.8   69.44  34.8   69.44  34.8 0.000
316.250000 316.291667   69.44  34.8   69.44  34.8   69.44  34.8 0.000
316.291667 316.333333   73.03  36.6   73.03  36.6   73.03  36.6 0.000
316.333333 316.375000   71.83  36.0   71.83  36.0   71.83  36.0 0.000
316.375000 316.416667   71.83  36.0   71.83  36.0   71.83  36.0 0.000
316.416667 316.458333   70.44  35.3   70.44  35.3   70.44  35.3 0.000
316.458333 316.500000   71.83  36.0   71.83  36.0   71.83  36.0 0.000
316.500000 316.541667   68.24  34.2   68.24  34.2   68.24  34.2 0.000
316.541667 316.583333   69.44  34.8   69.44  34.8   69.44  34.8 0.000
316.583333 316.625000   67.04  33.6   67.04  33.6   67.04  33.6 0.000
316.625000 316.666667   63.85  32.0   63.85  32.0   63.85  32.0 0.000
316.666667 316.708333   61.66  30.9   61.66  30.9   61.66  30.9 0.000
316.708333 316.750000   63.85  32.0   63.85  32.0   63.85  32.0 0.000
316.750000 316.791667   67.04  33.6   67.04  33.6   67.04  33.6 0.000
316.791667 316.833333   69.44  34.8   69.44  34.8   69.44  34.8 0.000
316.833333 316.875000   69.44  34.8   69.44  34.8   69.44  34.8 0.000
316.875000 316.916667   68.24  34.2   68.24  34.2   68.24  34.2 0.000
316.916667 316.958333   68.24  34.2   68.24  34.2   68.24  34.2 0.000
316.958333 317.000000   68.24  34.2   68.24  34.2   68.24  34.2 0.000
317.000000 317.041667   69.44  34.8   69.44  34.8   69.44  34.8 0.000
317.041667 317.083333   71.83  36.0   71.83  36.0   71.83  36.0 0.000
317.083333 317.125000   69.44  34.8   69.44  34.8   69.44  34.8 0.000
317.125000 317.166667   76.22  38.2   76.22  38.2   76.22  38.2 0.000
317.166667 317.208333   67.04  33.6   67.04  33.6   67.04  33.6 0.000
317.208333 317.250000   67.04  33.6   67.04  33.6   67.04  33.6 0.000
317.250000 317.291667   67.04  33.6   67.04  33.6   67.04  33.6 0.000
317.291667 317.333333   67.04  33.6   67.04  33.6   67.04  33.6 0.000
317.333333 317.375000   62.65  31.4   62.65  31.4   62.65  31.4 0.000
317.375000 317.416667   62.65  31.4   62.65  31.4   62.65  31.4 0.000
317.416667 317.458333   64.85  32.5   64.85  32.5   64.85  32.5 0.000
317.458333 317.500000   63.85  32.0   63.85  32.0   63.85  32.0 0.000
317.500000 317.541667   59.46  29.8   59.46  29.8   59.46  29.8 0.000
317.541667 317.583333   58.26  29.2   58.26  29.2   58.26  29.2 0.000
317.583333 317.625000   58.26  29.2   58.26  29.2   58.26  29.2 0.000
317.625000 317.666667   52.48  26.3   52.48  26.3   52.48  26.3 0.000
317.666667 317.708333   59.46  29.8   59.46  29.8   59.46  29.8 0.000
317.708333 317.750000   60.46  30.3   60.46  30.3   60.46  30.3 0.000
317.750000 317.791667   67.04  33.6   67.04  33.6   67.04  33.6 0.000
317.791667 317.833333   62.65  31.4   62.65  31.4   62.65  31.4 0.000
317.833333 317.875000   61.66  30.9   61.66  30.9   61.66  30.9 0.000
317.875000 317.916667   56.07  28.1   56.07  28.1   56.07  28.1 0.000
317.916667 317.958333   50.08  25.1   50.08  25.1   50.08  25.1 0.000
317.958333 318.000000   51.28  25.7   51.28  25.7   51.28  25.7 0.000
318.000000 318.041667   50.08  25.1   50.08  25.1   50.08  25.1 0.000
318.041667 318.083333   50.08  25.1   50.08  25.1   50.08  25.1 0.000
318.083333 318.125000   48.09  24.1   48.09  24.1   48.09  24.1 0.000
318.125000 318.166667   48.09  24.1   48.09  24.1   48.09  24.1 0.000
318.166667 318.208333   48.09  24.1   48.09  24.1   48.09  24.1 0.000
318.208333 318.250000   53.67  26.9   53.67  26.9   53.67  26.9 0.000
318.250000 318.291667   60.66  30.4   60.66  30.4   60.66  30.4 0.000
318.291667 318.333333   67.04  33.6   67.04  33.6   67.04  33.6 0.000
318.333333 318.375000   57.07  28.6   57.07  28.6   57.07  28.6 0.000
318.375000 318.416667   58.26  29.2   58.26  29.2   58.26  29.2 0.000
318.416667 318.458333   61.86  31.0   61.86  31.0   61.86  31.0 0.000
318.458333 318.500000   52.48  26.3   52.48  26.3   52.48  26.3 0.000
318.500000 318.541667   58.26  29.2   58.26  29.2   58.26  29.2 0.000
318.541667 318.583333   53.67  26.9   53.67  26.9   53.67  26.9 0.000
318.583333 318.625000   53.67  26.9   53.67  26.9   53.67  26.9 0.000
318.625000 318.666667   52.68  26.4   52.68  26.4   52.68  26.4 0.000
318.666667 318.708333   50.48  25.3   50.48  25.3   50.48  25.3 0.000
318.708333 318.750000   58.66  29.4   58.66  29.4   58.66  29.4 0.000
318.750000 318.791667   60.66  30.4   60.66  30.4   60.66  30.4 0.000
318.791667 318.833333   58.66  29.4   58.66  29.4   58.66  29.4 0.000
318.833333 318.875000   59.86  30.0   59.86  30.0   59.86  30.0 0.000
318.875000 318.916667   53.87  27.0   53.87  27.0   53.87  27.0 0.000
318.916667 318.958333   50.48  25.3   50.48  25.3   50.48  25.3 0.000
318.958333 319.000000   47.29  23.7   47.29  23.7   47.29  23.7 0.000
319.000000 319.041667   48.09  24.1   48.09  24.1   48.09  24.1 0.000
319.041667 319.083333   49.28  24.7   49.28  24.7   49.28  24.7 0.000
319.083333 319.125000   54.87  27.5   54.87  27.5   54.87  27.5 0.000
319.125000 319.166667   64.85  32.5   64.85  32.5   64.85  32.5 0.000
319.166667 319.208333   63.85  32.0   63.85  32.0   63.85  32.0 0.000
