ozone_datasets/Ebas_221019_1549/US1200R.20160101000000.20181119131618.uv_abs.ozone.air.1y.1h.US06L_Thermo_49C_MLO.US06L_AM.lev2.nas
86 1001
McClure-Begley, Audra; Petropavlovskikh, Irina
US06L, National Oceanic and Atmospheric Administration, NOAA/ESRL/GMD, "Earth System Research Laboratory, Global Monitoring Division", 325 Broadway, , CO 80305-3, Boulder, U.S.A.
McClure-Begley, Audra
GAW-WDCRG NOAA-ESRL
1 1
2016 01 01 2018 11 19
0.041667
days from file reference point
10
1 1 1 1 1 1 1 1 1 1
999.999999 9999.999 999.99 9999.999 999.99 9999.999 999.99 999.999 999.99 9.999999999999999
end_time of measurement, days from the file reference point
ozone, ug/m3, Statistics=arithmetic mean, Volume std. temperature=293.15 K, Volume std. pressure=1013.25 hPa, Detection limit=1.995 ug/m3, Measurement uncertainty=1.995 ug/m3, Measurement uncertainty expl.=includes statistical uncertainty of individual sample and calibration uncertainty, "Comment=Data converted on import into EBAS from 'nmol/mol' to 'ug/m3' at 293.15 K, 1013.25 hPa, conversion factor 1.99534."
ozone, nmol/mol, Statistics=arithmetic mean, Detection limit=1.0 nmol/mol, Measurement uncertainty=1.0 nmol/mol, Measurement uncertainty expl.=includes statistical uncertainty of individual sample and calibration uncertainty, "Comment=Data converted on import into EBAS from 'nmol/mol' to 'ug/m3' at 293.15 K, 1013.25 hPa, conversion factor 1.99534. -- Data converted on export from EBAS from 'ug/m3' at 293.15 K, 1013.25 hPa to 'nmol/mol', conversion factor 0.5012. Measurement uncertainty converted from '1.995 ug/m3' at 293.15 K, 1013.25 hPa to '1.0 nmol/mol', conversion factor 0.5012. Detection limit converted from '1.995 ug/m3' at 293.15 K, 1013.25 hPa to '1.0 nmol/mol', conversion factor 0.5012."
ozone, ug/m3, Statistics=maximum, Volume std. temperature=293.15 K, Volume std. pressure=1013.25 hPa, Detection limit=1.995 ug/m3, "Comment=Data converted on import into EBAS from 'nmol/mol' to 'ug/m3' at 293.15 K, 1013.25 hPa, conversion factor 1.99534. Detection limit converted from '1.0 nmol/mol' to '1.995 ug/m3' at 293.15 K, 1013.25 hPa, conversion factor 1.99534."
ozone, nmol/mol, Statistics=maximum, Detection limit=1.0 nmol/mol, "Comment=Data converted on import into EBAS from 'nmol/mol' to 'ug/m3' at 293.15 K, 1013.25 hPa, conversion factor 1.99534. Detection limit converted from '1.0 nmol/mol' to '1.995 ug/m3' at 293.15 K, 1013.25 hPa, conversion factor 1.99534. -- Data converted on export from EBAS from 'ug/m3' at 293.15 K, 1013.25 hPa to 'nmol/mol', conversion factor 0.5012. Detection limit converted from '1.995 ug/m3' at 293.15 K, 1013.25 hPa to '1.0 nmol/mol', conversion factor 0.5012."
ozone, ug/m3, Statistics=minimum, Volume std. temperature=293.15 K, Volume std. pressure=1013.25 hPa, Detection limit=1.995 ug/m3, "Comment=Data converted on import into EBAS from 'nmol/mol' to 'ug/m3' at 293.15 K, 1013.25 hPa, conversion factor 1.99534. Detection limit converted from '1.0 nmol/mol' to '1.995 ug/m3' at 293.15 K, 1013.25 hPa, conversion factor 1.99534."
[...]
Inlet type:                   Hat or hood
Inlet description:            Downward Facing, teflon inlet bell
Inlet tube material:          Teflon
Inlet tube outer diameter:    6.35 mm
Inlet tube inner diameter:    4.76 mm
Inlet tube length:            7.0 m
Flow rate:                    1.0 l/min
Humidity/temperature control description: Automatic
Zero/negative values code:    Zero/negative possible
Zero/negative values:         Zero and neg. values may appear due to statistical variations at very low concentrations
Absorption cross section:     Hearn, 1961 cm2
QA1 measure ID:               US06L_reference_calibration_20070630
QA1 date:                     20100101
QA1 outcome:                  pass
Originator:                   "McClure-Begley, Audra, Audra.mcclure@noaa.gov, National Oceanic and Atmospheric Administration/Earth System Research Laboratory/Global Monitoring Division, NOAA/ESRL/GMD, , 325 Broadway, , 80305, ""Boulder, CO"", USA"
Originator:                   "Petropavlovskikh, Irina, Irina.petro@noaa.gov, National Oceanic and Atmospheric Administration/Earth System Research Laboratory/Global Monitoring Division, NOAA/ESRL/GMD, , 325 Broadway, , 80305, ""Boulder, CO"", USA"
Submitter:                    "McClure-Begley, Audra, Audra.mcclure@noaa.gov, National Oceanic and Atmospheric Administration/Earth System Research Laboratory/Global Monitoring Division, NOAA/ESRL/GMD, , 325 Broadway, , 80305, ""Boulder, CO"", USA"
Acknowledgement:              "Request Acknowledgement details from data originator. http://dx.doi.org/10.7289/V57P8WBF"
starttime endtime O3 O3 O3 O3 O3 O3 O3 O3 flag
[from data line 6991]
291.291667 291.333333   89.411  44.81   97.413  48.82   79.295  39.74   6.026   3.02 0.000000000000000
291.333333 291.375000   60.479  30.31   74.945  37.56   46.292  23.20   9.538   4.78 0.000000000000000
291.375000 291.416667   68.959  34.56   79.754  39.97   54.792  27.46   6.465   3.24 0.000000000000000
291.416667 291.458333   43.898  22.00   57.685  28.91   38.869  19.48   6.305   3.16 0.000000000000000
291.458333 291.500000   52.677  26.40   56.488  28.31   46.092  23.10   3.412   1.71 0.000000000000000
291.500000 291.541667   49.385  24.75   54.752  27.44   40.845  20.47   4.190   2.10 0.000000000000000
291.541667 291.583333   40.845  20.47   48.287  24.20   34.759  17.42   4.210   2.11 0.000000000000000
291.583333 291.625000   47.868  23.99   57.625  28.88   40.366  20.23   6.325   3.17 0.000000000000000
291.625000 291.666667   62.235  31.19   70.954  35.56   50.283  25.20   6.385   3.20 0.000000000000000
291.666667 291.708333   57.286  28.71   70.715  35.44   44.955  22.53   8.760   4.39 0.000000000000000
291.708333 291.750000   67.044  33.60   69.039  34.60   64.290  32.22   1.337   0.67 0.000000000000000
291.750000 291.791667   70.735  35.45   71.573  35.87   69.857  35.01   0.559   0.28 0.000000000000000
291.791667 291.833333   75.504  37.84   80.692  40.44   70.356  35.26   3.272   1.64 0.000000000000000
291.833333 291.875000   79.155  39.67   86.398  43.30   69.378  34.77   5.487   2.75 0.189000000000000
291.875000 291.916667   64.829  32.49   69.278  34.72   60.778  30.46   3.013   1.51 0.189000000000000
291.916667 291.958333   52.956  26.54   60.978  30.56   44.496  22.30   5.707   2.86 0.189000000000000
291.958333 292.000000   46.352  23.23   48.846  24.48   39.927  20.01   2.394   1.20 0.189000000000000
292.000000 292.041667   39.548  19.82   49.764  24.94   26.758  13.41   8.799   4.41 0.189000000000000
292.041667 292.083333   34.659  17.37   39.468  19.78   30.110  15.09   3.312   1.66 0.189000000000000
292.083333 292.125000   53.455  26.79   60.040  30.09   46.771  23.44   3.691   1.85 0.188189000000000
292.125000 292.166667   40.665  20.38   45.394  22.75   36.714  18.40   2.734   1.37 0.188189000000000
292.166667 292.208333   37.752  18.92   39.029  19.56   36.595  18.34   0.778   0.39 0.189188000000000
292.208333 292.250000   53.535  26.83   61.097  30.62   46.571  23.34   4.948   2.48 0.000000000000000
292.250000 292.291667   56.588  28.36   59.322  29.73   55.411  27.77   1.117   0.56 0.188000000000000
292.291667 292.333333   56.568  28.35   60.818  30.48   50.901  25.51   3.252   1.63 0.188000000000000
292.333333 292.375000   56.029  28.08   64.769  32.46   48.627  24.37   5.767   2.89 0.000000000000000
292.375000 292.416667   58.025  29.08   63.013  31.58   50.781  25.45   4.110   2.06 0.189000000000000
292.416667 292.458333   49.624  24.87   53.655  26.89   46.811  23.46   2.434   1.22 0.188189000000000
292.458333 292.500000   46.791  23.45   48.128  24.12   44.855  22.48   1.117   0.56 0.000000000000000
292.500000 292.541667   44.436  22.27   46.352  23.23   42.341  21.22   1.257   0.63 0.000000000000000
292.541667 292.583333   45.394  22.75   48.587  24.35   43.399  21.75   1.497   0.75 0.000000000000000
292.583333 292.625000   53.894  27.01   56.847  28.49   48.786  24.45   2.793   1.40 0.000000000000000
292.625000 292.666667   56.189  28.16   61.317  30.73   49.704  24.91   4.310   2.16 0.000000000000000
292.666667 292.708333   54.413  27.27   57.745  28.94   50.921  25.52   2.494   1.25 0.000000000000000
292.708333 292.750000   48.028  24.07   58.962  29.55   41.862  20.98   5.188   2.60 0.000000000000000
292.750000 292.791667   61.656  30.90   68.859  34.51   53.276  26.70   4.529   2.27 0.189000000000000
292.791667 292.833333   51.759  25.94   54.134  27.13   48.806  24.46   1.596   0.80 0.189000000000000
292.833333 292.875000   51.500  25.81   53.395  26.76   50.183  25.15   0.958   0.48 0.188189000000000
292.875000 292.916667   54.174  27.15   64.689  32.42   41.463  20.78   7.463   3.74 0.189000000000000
292.916667 292.958333   52.039  26.08   60.120  30.13   38.430  19.26   6.764   3.39 0.189000000000000
292.958333 293.000000   50.662  25.39   74.267  37.22   38.251  19.17   9.338   4.68 0.189000000000000
293.000000 293.041667   47.469  23.79   60.060  30.10   32.943  16.51   9.458   4.74 0.189000000000000
293.041667 293.083333   26.518  13.29   41.184  20.64   23.405  11.73   4.988   2.50 0.189000000000000
293.083333 293.125000   26.698  13.38   29.052  14.56   24.882  12.47   1.337   0.67 0.189000000000000
293.125000 293.166667   32.943  16.51   37.931  19.01   29.272  14.67   2.634   1.32 0.189000000000000
293.166667 293.208333   36.874  18.48   41.463  20.78   35.058  17.57   1.636   0.82 0.189000000000000
293.208333 293.250000   38.710  19.40   39.907  20.00   36.934  18.51   0.718   0.36 0.188189000000000
293.250000 293.291667   38.730  19.41   41.124  20.61   36.834  18.46   1.257   0.63 0.188189000000000
293.291667 293.333333   39.248  19.67   40.785  20.44   37.812  18.95   1.038   0.52 0.189188000000000
293.333333 293.375000   34.240  17.16   35.996  18.04   32.963  16.52   0.898   0.45 0.188189000000000
293.375000 293.416667   29.950  15.01   32.265  16.17   28.094  14.08   1.237   0.62 0.188189000000000
293.416667 293.458333   32.225  16.15   35.577  17.83   29.950  15.01   1.896   0.95 0.189188000000000
293.458333 293.500000   36.395  18.24   41.782  20.94   32.384  16.23   3.771   1.89 0.189188000000000
293.500000 293.541667   42.820  21.46   47.409  23.76   38.969  19.53   3.412   1.71 0.188189000000000
293.541667 293.583333   50.582  25.35   53.874  27.00   48.487  24.30   2.075   1.04 0.000000000000000
293.583333 293.625000   56.448  28.29   58.025  29.08   54.433  27.28   1.018   0.51 0.000000000000000
293.625000 293.666667   55.071  27.60   56.368  28.25   53.755  26.94   0.678   0.34 0.000000000000000
293.666667 293.708333   56.109  28.12   62.434  31.29   53.695  26.91   3.013   1.51 0.000000000000000
293.708333 293.750000   59.102  29.62   63.053  31.60   55.291  27.71   2.315   1.16 0.189000000000000
293.750000 293.791667   74.765  37.47   83.924  42.06   65.727  32.94   6.864   3.44 0.189000000000000
293.791667 293.833333   70.575  35.37   80.033  40.11   58.962  29.55   8.161   4.09 0.189000000000000
293.833333 293.875000 9999.999 999.99   60.818  30.48   60.818  30.48 999.999 999.99 0.000000000000000
293.875000 293.916667   72.132  36.15   76.102  38.14   69.657  34.91   1.975   0.99 0.189000000000000
293.916667 293.958333   71.952  36.06   75.723  37.95   68.380  34.27   2.335   1.17 0.189000000000000
293.958333 294.000000   71.174  35.67   74.187  37.18   68.480  34.32   1.975   0.99 0.189000000000000
294.000000 294.041667   64.569  32.36   67.044  33.60   63.272  31.71   1.077   0.54 0.189000000000000
294.041667 294.083333   66.066  33.11   67.482  33.82   65.028  32.59   0.838   0.42 0.189000000000000
294.083333 294.125000   71.034  35.60   81.729  40.96   66.505  33.33   4.509   2.26 0.189000000000000
294.125000 294.166667   91.427  45.82   99.268  49.75   82.328  41.26   5.387   2.70 0.189000000000000
294.166667 294.208333  102.481  51.36  108.806  54.53   98.750  49.49   2.813   1.41 0.000000000000000
294.208333 294.250000  107.868  54.06  109.564  54.91  103.718  51.98   1.656   0.83 0.000000000000000
294.250000 294.291667  103.778  52.01  106.671  53.46  101.563  50.90   1.596   0.80 0.000000000000000
294.291667 294.333333  109.724  54.99  112.138  56.20  107.808  54.03   1.437   0.72 0.000000000000000
294.333333 294.375000  113.754  57.01  116.309  58.29  111.440  55.85   1.536   0.77 0.000000000000000
294.375000 294.416667  115.969  58.12  118.783  59.53  114.193  57.23   1.596   0.80 0.000000000000000
294.416667 294.458333  112.697  56.48  114.353  57.31  110.861  55.56   1.217   0.61 0.000000000000000
294.458333 294.500000  105.095  52.67  108.626  54.44  102.880  51.56   2.015   1.01 0.000000000000000
294.500000 294.541667  104.995  52.62  113.854  57.06   98.031  49.13   4.070   2.04 0.188189000000000
294.541667 294.583333  101.962  51.10  105.394  52.82   93.821  47.02   3.312   1.66 0.189188000000000
294.583333 294.625000  102.182  51.21  108.088  54.17   83.206  41.70   6.445   3.23 0.189188000000000
294.625000 294.666667   75.284  37.73   89.471  44.84   61.935  31.04   9.338   4.68 0.000000000000000
294.666667 294.708333   64.070  32.11   87.336  43.77   53.336  26.73  11.852   5.94 0.000000000000000
294.708333 294.750000   52.497  26.31   58.404  29.27   47.349  23.73   3.612   1.81 0.000000000000000
294.750000 294.791667   49.465  24.79   53.675  26.90   46.551  23.33   2.135   1.07 0.000000000000000
294.791667 294.833333   48.906  24.51   50.123  25.12   48.068  24.09   0.678   0.34 0.000000000000000
294.833333 294.875000   49.425  24.77   51.919  26.02   46.591  23.35   1.656   0.83 0.189000000000000
294.875000 294.916667   57.266  28.70   61.656  30.90   47.709  23.91   4.290   2.15 0.189000000000000
294.916667 294.958333   61.876  31.01   64.749  32.45   60.419  30.28   1.397   0.70 0.189000000000000
294.958333 295.000000   60.459  30.30   61.856  31.00   58.045  29.09   1.277   0.64 0.189000000000000
295.000000 295.041667   59.122  29.63   61.596  30.87   56.508  28.32   1.696   0.85 0.189000000000000
295.041667 295.083333   54.393  27.26   56.668  28.40   52.637  26.38   1.357   0.68 0.189000000000000
295.083333 295.125000   52.478  26.30   55.151  27.64   50.323  25.22   1.377   0.69 0.188189000000000
295.125000 295.166667   51.141  25.63   53.276  26.70   49.245  24.68   1.596   0.80 0.189188000000000
295.166667 295.208333   52.318  26.22   63.831  31.99   50.243  25.18   3.751   1.88 0.188189000000000
295.208333 295.250000   91.866  46.04  109.345  54.80   61.616  30.88  17.998   9.02 0.189188000000000
295.250000 295.291667   91.167  45.69  105.893  53.07   56.368  28.25  19.914   9.98 0.189000000000000
295.291667 295.333333   97.253  48.74  103.718  51.98   88.035  44.12   5.348   2.68 0.392000000000000
295.333333 295.375000   76.901  38.54   81.550  40.87   66.126  33.14   5.447   2.73 0.189188000000000
295.375000 295.416667   84.403  42.30   98.710  49.47   72.571  36.37   9.258   4.64 0.189000000000000
295.416667 295.458333   92.823  46.52  103.139  51.69   74.327  37.25   9.618   4.82 0.189188000000000
295.458333 295.500000   78.018  39.10  103.219  51.73   67.582  33.87  10.915   5.47 0.188189000000000
295.500000 295.541667   88.314  44.26   91.067  45.64   85.101  42.65   1.596   0.80 0.188189000000000
295.541667 295.583333   78.916  39.55   95.916  48.07   57.107  28.62  13.568   6.80 0.189000000000000
295.583333 295.625000   70.775  35.47   94.420  47.32   57.925  29.03  12.251   6.14 0.000000000000000
295.625000 295.666667  100.964  50.60  103.039  51.64   99.188  49.71   1.337   0.67 0.000000000000000
295.666667 295.708333  103.459  51.85  106.691  53.47  101.443  50.84   1.736   0.87 0.000000000000000
295.708333 295.750000  107.469  53.86  109.205  54.73  105.773  53.01   0.998   0.50 0.000000000000000
295.750000 295.791667  110.362  55.31  114.293  57.28  104.217  52.23   3.352   1.68 0.000000000000000
295.791667 295.833333  113.136  56.70  114.772  57.52  111.959  56.11   0.818   0.41 0.189000000000000
295.833333 295.875000  107.988  54.12  109.245  54.75  105.993  53.12   0.998   0.50 0.189000000000000
295.875000 295.916667  108.347  54.30  109.664  54.96  107.310  53.78   0.838   0.42 0.189000000000000
295.916667 295.958333  105.793  53.02  106.272  53.26  105.354  52.80   0.279   0.14 0.189000000000000
295.958333 296.000000  104.177  52.21  105.334  52.79  102.660  51.45   0.858   0.43 0.189000000000000
296.000000 296.041667  102.002  51.12  103.838  52.04  100.106  50.17   1.038   0.52 0.189000000000000
296.041667 296.083333  101.483  50.86  102.301  51.27  100.825  50.53   0.499   0.25 0.189000000000000
296.083333 296.125000  100.086  50.16  100.924  50.58   99.528  49.88   0.419   0.21 0.189000000000000
296.125000 296.166667  100.745  50.49  101.743  50.99  100.206  50.22   0.499   0.25 0.189000000000000
296.166667 296.208333  103.099  51.67  105.913  53.08  100.166  50.20   1.616   0.81 0.000000000000000
296.208333 296.250000  108.906  54.58  110.283  55.27  106.811  53.53   0.958   0.48 0.000000000000000
296.250000 296.291667  109.624  54.94  111.061  55.66  108.746  54.50   0.698   0.35 0.000000000000000
296.291667 296.333333  111.220  55.74  114.533  57.40  109.465  54.86   1.516   0.76 0.000000000000000
296.333333 296.375000  113.116  56.69  113.914  57.09  111.819  56.04   0.559   0.28 0.000000000000000
296.375000 296.416667  111.081  55.67  112.537  56.40  109.644  54.95   0.738   0.37 0.000000000000000
296.416667 296.458333  109.963  55.11  110.961  55.61  108.347  54.30   0.798   0.40 0.000000000000000
296.458333 296.500000  109.544  54.90  111.320  55.79  108.207  54.23   0.878   0.44 0.000000000000000
296.500000 296.541667  113.954  57.11  114.573  57.42  113.555  56.91   0.339   0.17 0.000000000000000
296.541667 296.583333  113.874  57.07  116.807  58.54  111.939  56.10   1.516   0.76 0.000000000000000
296.583333 296.625000  112.138  56.20  113.375  56.82  111.180  55.72   0.778   0.39 0.000000000000000
296.625000 296.666667  112.936  56.60  114.054  57.16  112.258  56.26   0.499   0.25 0.000000000000000
296.666667 296.708333  110.821  55.54  111.719  55.99  109.923  55.09   0.539   0.27 0.000000000000000
296.708333 296.750000  110.522  55.39  112.058  56.16  109.544  54.90   0.718   0.36 0.000000000000000
296.750000 296.791667  110.622  55.44  112.138  56.20  109.225  54.74   0.858   0.43 0.000000000000000
296.791667 296.833333  109.963  55.11  111.719  55.99  108.746  54.50   0.898   0.45 0.000000000000000
296.833333 296.875000  108.407  54.33  110.422  55.34  106.172  53.21   1.377   0.69 0.000000000000000
296.875000 296.916667  108.367  54.31  109.784  55.02  105.673  52.96   1.357   0.68 0.000000000000000
296.916667 296.958333  104.755  52.50  106.930  53.59  102.361  51.30   1.516   0.76 0.000000000000000
296.958333 297.000000  104.456  52.35  111.220  55.74   95.677  47.95   4.909   2.46 0.000000000000000
297.000000 297.041667  111.360  55.81  113.415  56.84  109.544  54.90   1.137   0.57 0.000000000000000
297.041667 297.083333  106.432  53.34  110.901  55.58  101.782  51.01   3.173   1.59 0.000000000000000
297.083333 297.125000  116.468  58.37  119.980  60.13  112.697  56.48   2.215   1.11 0.000000000000000
297.125000 297.166667  116.289  58.28  118.623  59.45  114.612  57.44   1.157   0.58 0.000000000000000
297.166667 297.208333  107.150  53.70  113.016  56.64  100.166  50.20   4.609   2.31 0.000000000000000
297.208333 297.250000   90.888  45.55   98.410  49.32   84.762  42.48   4.749   2.38 0.000000000000000
297.250000 297.291667   88.434  44.32   90.110  45.16   85.640  42.92   1.297   0.65 0.000000000000000
297.291667 297.333333  100.186  50.21  108.846  54.55   93.422  46.82   5.707   2.86 0.000000000000000
297.333333 297.375000  101.024  50.63  112.976  56.62   87.895  44.05   8.760   4.39 0.000000000000000
297.375000 297.416667   80.053  40.12   84.982  42.59   73.269  36.72   3.412   1.71 0.000000000000000
297.416667 297.458333   71.613  35.89   73.149  36.66   69.737  34.95   1.038   0.52 0.000000000000000
297.458333 297.500000   68.879  34.52   69.418  34.79   68.340  34.25   0.319   0.16 0.394000000000000
297.500000 297.541667   69.298  34.73   70.236  35.20   68.500  34.33   0.619   0.31 0.000000000000000
297.541667 297.583333   68.680  34.42   69.937  35.05   67.363  33.76   0.738   0.37 0.000000000000000
297.583333 297.625000   81.250  40.72   87.236  43.72   72.032  36.10   4.809   2.41 0.000000000000000
297.625000 297.666667   77.060  38.62   81.869  41.03   74.207  37.19   2.374   1.19 0.000000000000000
297.666667 297.708333   84.802  42.50   91.965  46.09   76.721  38.45   5.308   2.66 0.000000000000000
