ozone_datasets/Ebas_221019_1549/US1200R.20100102060000.20180130175327.uv_abs.ozone.air.5mo.1h.US06L_Thermo_49C_MLO.US06L_AM.lev2.nas
86 1001
McClure-Begley, Audra; Petropavlovskikh, Irina
US06L, National Oceanic and Atmospheric Administration, NOAA/ESRL/GMD, "Earth System Research Laboratory, Global Monitoring Division", 325 Broadway, , CO 80305-3, Boulder, U.S.A.
McClure-Begley, Audra
GAW-WDCRG NOAA-ESRL
1 1
2010 01 01 2018 01 30
0.041667
days from file reference point
10
1 1 1 1 1 1 1 1 1 1
999.999999 9999.999 999.99 9999.999 999.99 9999.999 999.99 999.999 999.99 9.999999999999999
end_time of measurement, days from the file reference point
ozone, ug/m3, Statistics=arithmetic mean, Volume std. temperature=293.15 K, Volume std. pressure=1013.25 hPa, Detection limit=1.995 ug/m3, Measurement uncertainty=1.995 ug/m3, Measurement uncertainty expl.=includes statistical uncertainty of individual sample and calibration uncertainty, "Comment=Data converted on import into EBAS from 'nmol/mol' to 'ug/m3' at 293.15 K, 1013.25 hPa, conversion factor 1.99534."
ozone, nmol/mol, Statistics=arithmetic mean, Detection limit=1.0 nmol/mol, Measurement uncertainty=1.0 nmol/mol, Measurement uncertainty expl.=includes statistical uncertainty of individual sample and calibration uncertainty, "Comment=Data converted on import into EBAS from 'nmol/mol' to 'ug/m3' at 293.15 K, 1013.25 hPa, conversion factor 1.99534. -- Data converted on export from EBAS from 'ug/m3' at 293.15 K, 1013.25 hPa to 'nmol/mol', conversion factor 0.5012. Measurement uncertainty converted from '1.995 ug/m3' at 293.15 K, 1013.25 hPa to '1.0 nmol/mol', conversion factor 0.5012. Detection limit converted from '1.995 ug/m3' at 293.15 K, 1013.25 hPa to '1.0 nmol/mol', conversion factor 0.5012."
ozone, ug/m3, Statistics=maximum, Volume std. temperature=293.15 K, Volume std. pressure=1013.25 hPa, Detection limit=1.995 ug/m3, "Comment=Data converted on import into EBAS from 'nmol/mol' to 'ug/m3' at 293.15 K, 1013.25 hPa, conversion factor 1.99534. Detection limit converted from '1.0 nmol/mol' to '1.995 ug/m3' at 293.15 K, 1013.25 hPa, conversion factor 1.99534."
ozone, nmol/mol, Statistics=maximum, Detection limit=1.0 nmol/mol, "Comment=Data converted on import into EBAS from 'nmol/mol' to 'ug/m3' at 293.15 K, 1013.25 hPa, conversion factor 1.99534. Detection limit converted from '1.0 nmol/mol' to '1.995 ug/m3' at 293.15 K, 1013.25 hPa, conversion factor 1.99534. -- Data converted on export from EBAS from 'ug/m3' at 293.15 K, 1013.25 hPa to 'nmol/mol', conversion factor 0.5012. Detection limit converted from '1.995 ug/m3' at 293.15 K, 1013.25 hPa to '1.0 nmol/mol', conversion factor 0.5012."
ozone, ug/m3, Statistics=minimum, Volume std. temperature=293.15 K, Volume std. pressure=1013.25 hPa, Detection limit=1.995 ug/m3, "Comment=Data converted on import into EBAS from 'nmol/mol' to 'ug/m3' at 293.15 K, 1013.25 hPa, conversion factor 1.99534. Detection limit converted from '1.0 nmol/mol' to '1.995 ug/m3' at 293.15 K, 1013.25 hPa, conversion factor 1.99534."
[...]
Inlet type:                   Hat or hood
Inlet description:            Downward Facing, teflon inlet bell
Inlet tube material:          Teflon
Inlet tube outer diameter:    6.35 mm
Inlet tube inner diameter:    4.76 mm
Inlet tube length:            7.0 m
Flow rate:                    0.9 l/min
Humidity/temperature control description: Automatic
Zero/negative values code:    Zero/negative possible
Zero/negative values:         Zero and neg. values may appear due to statistical variations at very low concentrations
Absorption cross section:     Hearn, 1961 cm2
QA1 measure ID:               US06L_reference_calibration_20070630
QA1 date:                     20100101
QA1 outcome:                  pass
Originator:                   "McClure-Begley, Audra, Audra.mcclure@noaa.gov, National Oceanic and Atmospheric Administration/Earth System Research Laboratory/Global Monitoring Division, NOAA/ESRL/GMD, , 325 Broadway, , 80305, ""Boulder, CO"", USA"
Originator:                   "Petropavlovskikh, Irina, Irina.petro@noaa.gov, National Oceanic and Atmospheric Administration/Earth System Research Laboratory/Global Monitoring Division, NOAA/ESRL/GMD, , 325 Broadway, , 80305, ""Boulder, CO"", USA"
Submitter:                    "McClure-Begley, Audra, Audra.mcclure@noaa.gov, National Oceanic and Atmospheric Administration/Earth System Research Laboratory/Global Monitoring Division, NOAA/ESRL/GMD, , 325 Broadway, , 80305, ""Boulder, CO"", USA"
Acknowledgement:              "Request Acknowledgement details from data originator. http://dx.doi.org/10.7289/V57P8WBF"
starttime endtime O3 O3 O3 O3 O3 O3 O3 O3 flag
[from data line 777]
 33.625000  33.666667 9999.999 999.99 9999.999 999.99 9999.999 999.99 999.999 999.99 0.456000000000000
 33.666667  33.708333 9999.999 999.99 9999.999 999.99 9999.999 999.99 999.999 999.99 0.456000000000000
 33.708333  33.750000 9999.999 999.99 9999.999 999.99 9999.999 999.99 999.999 999.99 0.456000000000000
 33.750000  33.791667 9999.999 999.99 9999.999 999.99 9999.999 999.99 999.999 999.99 0.189456000000000
 33.791667  33.833333 9999.999 999.99 9999.999 999.99 9999.999 999.99 999.999 999.99 0.189456000000000
 33.833333  33.875000 9999.999 999.99 9999.999 999.99 9999.999 999.99 999.999 999.99 0.189456000000000
 33.875000  33.916667 9999.999 999.99 9999.999 999.99 9999.999 999.99 999.999 999.99 0.189456000000000
 33.916667  33.958333 9999.999 999.99 9999.999 999.99 9999.999 999.99 999.999 999.99 0.189456000000000
 33.958333  34.000000 9999.999 999.99 9999.999 999.99 9999.999 999.99 999.999 999.99 0.189456000000000
 34.000000  34.041667 9999.999 999.99 9999.999 999.99 9999.999 999.99 999.999 999.99 0.189456000000000
 34.041667  34.083333 9999.999 999.99 9999.999 999.99 9999.999 999.99 999.999 999.99 0.189456000000000
 34.083333  34.125000 9999.999 999.99 9999.999 999.99 9999.999 999.99 999.999 999.99 0.189456000000000
 34.125000  34.166667 9999.999 999.99 9999.999 999.99 9999.999 999.99 999.999 999.99 0.189456000000000
 34.166667  34.208333 9999.999 999.99 9999.999 999.99 9999.999 999.99 999.999 999.99 0.456000000000000
 34.208333  34.250000 9999.999 999.99 9999.999 999.99 9999.999 999.99 999.999 999.99 0.456000000000000
 34.250000  34.291667 9999.999 999.99 9999.999 999.99 9999.999 999.99 999.999 999.99 0.456000000000000
 34.291667  34.333333 9999.999 999.99 9999.999 999.99 9999.999 999.99 999.999 999.99 0.456000000000000
 34.333333  34.375000 9999.999 999.99 9999.999 999.99 9999.999 999.99 999.999 999.99 0.456000000000000
 34.375000  34.416667 9999.999 999.99 9999.999 999.99 9999.999 999.99 999.999 999.99 0.456000000000000
 34.416667  34.458333 9999.999 999.99 9999.999 999.99 9999.999 999.99 999.999 999.99 0.456000000000000
 34.458333  34.500000 9999.999 999.99 9999.999 999.99 9999.999 999.99 999.999 999.99 0.456000000000000
 34.500000  34.541667 9999.999 999.99 9999.999 999.99 9999.999 999.99 999.999 999.99 0.456000000000000
 34.541667  34.583333 9999.999 999.99 9999.999 999.99 9999.999 999.99 999.999 999.99 0.456000000000000
 34.583333  34.625000 9999.999 999.99 9999.999 999.99 9999.999 999.99 999.999 999.99 0.456000000000000
 34.625000  34.666667 9999.999 999.99 9999.999 999.99 9999.999 999.99 999.999 999.99 0.456000000000000
 34.666667  34.708333 9999.999 999.99 9999.999 999.99 9999.999 999.99 999.999 999.99 0.456000000000000
 34.708333  34.750000 9999.999 999.99 9999.999 999.99 9999.999 999.99 999.999 999.99 0.456000000000000
 34.750000  34.791667 9999.999 999.99 9999.999 999.99 9999.999 999.99 999.999 999.99 0.189456000000000
 34.791667  34.833333 9999.999 999.99 9999.999 999.99 9999.999 999.99 999.999 999.99 0.189456000000000
 34.833333  34.875000 9999.999 999.99 9999.999 999.99 9999.999 999.99 999.999 999.99 0.189456000000000
 34.875000  34.916667 9999.999 999.99 9999.999 999.99 9999.999 999.99 999.999 999.99 0.189456000000000
 34.916667  34.958333 9999.999 999.99 9999.999 999.99 9999.999 999.99 999.999 999.99 0.189456000000000
 34.958333  35.000000 9999.999 999.99 9999.999 999.99 9999.999 999.99 999.999 999.99 0.189456000000000
 35.000000  35.041667 9999.999 999.99 9999.999 999.99 9999.999 999.99 999.999 999.99 0.188189456000000
 35.041667  35.083333 9999.999 999.99 9999.999 999.99 9999.999 999.99 999.999 999.99 0.188189456000000
 35.083333  35.125000 9999.999 999.99 9999.999 999.99 9999.999 999.99 999.999 999.99 0.188189456000000
 35.125000  35.166667 9999.999 999.99 9999.999 999.99 9999.999 999.99 999.999 999.99 0.188189456000000
 35.166667  35.208333 9999.999 999.99 9999.999 999.99 9999.999 999.99 999.999 999.99 0.188189456000000
 35.208333  35.250000 9999.999 999.99 9999.999 999.99 9999.999 999.99 999.999 999.99 0.188189456000000
 35.250000  35.291667 9999.999 999.99 9999.999 999.99 9999.999 999.99 999.999 999.99 0.456000000000000
 35.291667  35.333333 9999.999 999.99 9999.999 999.99 9999.999 999.99 999.999 999.99 0.456000000000000
 35.333333  35.375000 9999.999 999.99 9999.999 999.99 9999.999 999.99 999.999 999.99 0.456000000000000
 35.375000  35.416667 9999.999 999.99 9999.999 999.99 9999.999 999.99 999.999 999.99 0.456000000000000
 35.416667  35.458333 9999.999 999.99 9999.999 999.99 9999.999 999.99 999.999 999.99 0.456000000000000
 35.458333  35.500000 9999.999 999.99 9999.999 999.99 9999.999 999.99 999.999 999.99 0.456000000000000
 35.500000  35.541667 9999.999 999.99 9999.999 999.99 9999.999 999.99 999.999 999.99 0.456000000000000
 35.541667  35.583333 9999.999 999.99 9999.999 999.99 9999.999 999.99 999.999 999.99 0.456000000000000
 35.583333  35.625000 9999.999 999.99 9999.999 999.99 9999.999 999.99 999.999 999.99 0.456000000000000
 35.625000  35.666667 9999.999 999.99 9999.999 999.99 9999.999 999.99 999.999 999.99 0.456000000000000
 35.666667  35.708333 9999.999 999.99 9999.999 999.99 9999.999 999.99 999.999 999.99 0.456000000000000
 35.708333  35.750000 9999.999 999.99 9999.999 999.99 9999.999 999.99 999.999 999.99 0.456000000000000
 35.750000  35.791667 9999.999 999.99 9999.999 999.99 9999.999 999.99 999.999 999.99 0.188189456000000
 35.791667  35.833333 9999.999 999.99 9999.999 999.99 9999.999 999.99 999.999 999.99 0.188189456000000
 35.833333  35.875000 9999.999 999.99 9999.999 999.99 9999.999 999.99 999.999 999.99 0.188189456000000
 35.875000  35.916667 9999.999 999.99 9999.999 999.99 9999.999 999.99 999.999 999.99 0.189456000000000
 35.916667  35.958333 9999.999 999.99 9999.999 999.99 9999.999 999.99 999.999 999.99 0.188189456000000
 35.958333  36.000000 9999.999 999.99 9999.999 999.99 9999.999 999.99 999.999 999.99 0.189456000000000
 36.000000  36.041667 9999.999 999.99 9999.999 999.99 9999.999 999.99 999.999 999.99 0.189456000000000
 36.041667  36.083333 9999.999 999.99 9999.999 999.99 9999.999 999.99 999.999 999.99 0.188189456000000
 36.083333  36.125000  113.774  57.02  114.912  57.59  111.799  56.03   0.778   0.39 0.188189000000000
 36.125000  36.166667  114.433  57.35  115.451  57.86  113.016  56.64   0.758   0.38 0.188189000000000
 36.166667  36.208333  114.433  57.35  115.131  57.70  113.914  57.09   0.359   0.18 0.188189000000000
 36.208333  36.250000  115.291  57.78  115.870  58.07  114.174  57.22   0.519   0.26 0.189000000000000
 36.250000  36.291667  115.750  58.01  116.368  58.32  115.331  57.80   0.319   0.16 0.000000000000000
 36.291667  36.333333  116.129  58.20  116.867  58.57  115.171  57.72   0.419   0.21 0.000000000000000
 36.333333  36.375000  116.508  58.39  118.064  59.17  115.490  57.88   0.758   0.38 0.000000000000000
 36.375000  36.416667  115.989  58.13  118.763  59.52  108.946  54.60   3.392   1.70 0.000000000000000
 36.416667  36.458333  109.684  54.97  113.655  56.96   95.098  47.66   4.869   2.44 0.000000000000000
 36.458333  36.500000   92.644  46.43  101.623  50.93   87.995  44.10   3.512   1.76 0.000000000000000
 36.500000  36.541667   92.803  46.51   96.734  48.48   88.992  44.60   2.734   1.37 0.000000000000000
 36.541667  36.583333   83.665  41.93   88.573  44.39   80.392  40.29   2.135   1.07 0.000000000000000
 36.583333  36.625000   85.341  42.77   97.073  48.65   80.053  40.12   5.288   2.65 0.000000000000000
 36.625000  36.666667   84.702  42.45   90.688  45.45   78.956  39.57   4.350   2.18 0.000000000000000
 36.666667  36.708333   87.396  43.80   95.856  48.04   81.789  40.99   4.110   2.06 0.000000000000000
 36.708333  36.750000   84.842  42.52   88.054  44.13   79.574  39.88   2.754   1.38 0.000000000000000
 36.750000  36.791667   86.618  43.41   90.788  45.50   81.869  41.03   2.714   1.36 0.189000000000000
 36.791667  36.833333   88.414  44.31   96.674  48.45   81.869  41.03   5.208   2.61 0.189000000000000
 36.833333  36.875000  112.477  56.37  118.683  59.48  102.241  51.24   5.128   2.57 0.189000000000000
 36.875000  36.916667  116.368  58.32  117.825  59.05  114.792  57.53   0.738   0.37 0.189000000000000
 36.916667  36.958333  117.067  58.67  118.025  59.15  116.049  58.16   0.559   0.28 0.189000000000000
 36.958333  37.000000  117.625  58.95  118.324  59.30  117.366  58.82   0.299   0.15 0.189000000000000
 37.000000  37.041667  119.780  60.03  120.299  60.29  119.262  59.77   0.299   0.15 0.189000000000000
 37.041667  37.083333  120.299  60.29  120.878  60.58  119.122  59.70   0.559   0.28 0.189000000000000
 37.083333  37.125000  122.554  61.42  125.846  63.07  120.399  60.34   1.796   0.90 0.189000000000000
 37.125000  37.166667  123.552  61.92  125.507  62.90  117.127  58.70   2.454   1.23 0.188189000000000
 37.166667  37.208333  111.919  56.09  116.289  58.28  108.986  54.62   2.255   1.13 0.188189000000000
 37.208333  37.250000  105.594  52.92  107.629  53.94  104.336  52.29   1.058   0.53 0.188189000000000
 37.250000  37.291667  101.523  50.88  103.598  51.92  100.386  50.31   0.958   0.48 0.188189000000000
 37.291667  37.333333  102.381  51.31  103.319  51.78  101.643  50.94   0.539   0.27 0.189000000000000
 37.333333  37.375000  103.758  52.00  105.115  52.68  102.640  51.44   0.818   0.41 0.000000000000000
 37.375000  37.416667  101.563  50.90  103.678  51.96   99.388  49.81   1.516   0.76 0.000000000000000
 37.416667  37.458333   99.528  49.88  100.166  50.20   98.889  49.56   0.359   0.18 0.000000000000000
 37.458333  37.500000  106.152  53.20  115.850  58.06  101.962  51.10   4.410   2.21 0.000000000000000
 37.500000  37.541667  103.698  51.97  109.963  55.11   97.093  48.66   4.170   2.09 0.189000000000000
 37.541667  37.583333  104.536  52.39  113.754  57.01  100.286  50.26   3.731   1.87 0.189000000000000
 37.583333  37.625000   93.003  46.61  100.426  50.33   85.900  43.05   4.130   2.07 0.189000000000000
 37.625000  37.666667   86.139  43.17   91.267  45.74   83.405  41.80   2.714   1.36 0.189000000000000
 37.666667  37.708333   90.229  45.22   94.719  47.47   85.979  43.09   3.252   1.63 0.000000000000000
 37.708333  37.750000   98.750  49.49  102.122  51.18   96.555  48.39   1.656   0.83 0.189000000000000
 37.750000  37.791667  108.786  54.52  112.737  56.50  102.860  51.55   3.013   1.51 0.189000000000000
 37.791667  37.833333  104.037  52.14  112.078  56.17   96.156  48.19   6.625   3.32 0.189000000000000
 37.833333  37.875000  104.416  52.33  111.520  55.89   95.836  48.03   5.786   2.90 0.189000000000000
 37.875000  37.916667  110.901  55.58  111.500  55.88  110.183  55.22   0.399   0.20 0.188189000000000
 37.916667  37.958333  111.440  55.85  112.198  56.23  110.602  55.43   0.439   0.22 0.188189000000000
 37.958333  38.000000  108.307  54.28  110.362  55.31  106.092  53.17   1.297   0.65 0.188189000000000
 38.000000  38.041667  106.432  53.34  107.170  53.71  105.873  53.06   0.399   0.20 0.188189000000000
 38.041667  38.083333  105.733  52.99  106.192  53.22  105.155  52.70   0.359   0.18 0.188189000000000
 38.083333  38.125000  104.017  52.13  104.396  52.32  103.459  51.85   0.379   0.19 0.188189000000000
 38.125000  38.166667  104.835  52.54  105.234  52.74  104.396  52.32   0.299   0.15 0.188189000000000
 38.166667  38.208333  105.474  52.86  106.172  53.21  104.815  52.53   0.479   0.24 0.189000000000000
 38.208333  38.250000  107.170  53.71  108.926  54.59  105.973  53.11   1.097   0.55 0.188189000000000
 38.250000  38.291667  107.848  54.05  108.666  54.46  107.030  53.64   0.519   0.26 0.188189000000000
 38.291667  38.333333  109.963  55.11  111.260  55.76  108.547  54.40   0.738   0.37 0.000000000000000
 38.333333  38.375000  108.826  54.54  111.619  55.94  102.281  51.26   3.292   1.65 0.000000000000000
 38.375000  38.416667   95.597  47.91  101.024  50.63   91.087  45.65   3.133   1.57 0.000000000000000
 38.416667  38.458333   90.768  45.49   92.903  46.56   88.972  44.59   1.177   0.59 0.392000000000000
 38.458333  38.500000   83.864  42.03   84.842  42.52   83.246  41.72   0.439   0.22 0.392000000000000
 38.500000  38.541667   83.565  41.88   85.022  42.61   82.308  41.25   0.918   0.46 0.000000000000000
 38.541667  38.583333   82.827  41.51   84.742  42.47   80.592  40.39   1.137   0.57 0.000000000000000
 38.583333  38.625000   90.828  45.52   97.652  48.94   87.276  43.74   2.953   1.48 0.000000000000000
 38.625000  38.666667  103.119  51.68  112.597  56.43   94.400  47.31   6.086   3.05 0.000000000000000
 38.666667  38.708333  115.271  57.77  117.206  58.74  113.974  57.12   0.918   0.46 0.000000000000000
 38.708333  38.750000  116.987  58.63  117.625  58.95  116.448  58.36   0.359   0.18 0.000000000000000
 38.750000  38.791667  116.807  58.54  117.286  58.78  116.289  58.28   0.279   0.14 0.189000000000000
 38.791667  38.833333  116.748  58.51  117.725  59.00  115.570  57.92   0.519   0.26 0.189000000000000
 38.833333  38.875000  116.847  58.56  117.526  58.90  115.790  58.03   0.459   0.23 0.189000000000000
 38.875000  38.916667  118.583  59.43  121.137  60.71  117.386  58.83   1.197   0.60 0.189000000000000
 38.916667  38.958333  121.576  60.93  122.374  61.33  120.958  60.62   0.459   0.23 0.189000000000000
 38.958333  39.000000  119.681  59.98  120.439  60.36  118.663  59.47   0.599   0.30 0.189000000000000
 39.000000  39.041667  112.517  56.39  116.827  58.55  104.317  52.28   4.829   2.42 0.189000000000000
 39.041667  39.083333  110.263  55.26  115.510  57.89  105.733  52.99   3.252   1.63 0.189000000000000
 39.083333  39.125000  109.245  54.75  111.799  56.03  104.556  52.40   1.955   0.98 0.189000000000000
 39.125000  39.166667  100.565  50.40  103.099  51.67   99.548  49.89   1.097   0.55 0.189000000000000
 39.166667  39.208333  104.157  52.20  107.808  54.03  100.086  50.16   2.933   1.47 0.000000000000000
 39.208333  39.250000  107.290  53.77  107.888  54.07  106.432  53.34   0.439   0.22 0.000000000000000
 39.250000  39.291667  107.709  53.98  108.287  54.27  107.310  53.78   0.299   0.15 0.000000000000000
 39.291667  39.333333  112.098  56.18  115.111  57.69  108.886  54.57   1.736   0.87 0.000000000000000
 39.333333  39.375000  113.974  57.12  114.952  57.61  112.019  56.14   0.858   0.43 0.000000000000000
 39.375000  39.416667  114.453  57.36  115.510  57.89  112.517  56.39   0.878   0.44 0.000000000000000
 39.416667  39.458333  110.163  55.21  113.754  57.01  107.030  53.64   2.674   1.34 0.000000000000000
 39.458333  39.500000  104.177  52.21  106.671  53.46   99.927  50.08   2.175   1.09 0.000000000000000
 39.500000  39.541667   99.149  49.69  100.505  50.37   96.674  48.45   1.237   0.62 0.000000000000000
 39.541667  39.583333   97.752  48.99   99.288  49.76   96.076  48.15   0.978   0.49 0.000000000000000
 39.583333  39.625000   92.943  46.58   95.517  47.87   89.511  44.86   1.856   0.93 0.000000000000000
 39.625000  39.666667   94.220  47.22   96.535  48.38   92.644  46.43   1.317   0.66 0.000000000000000
 39.666667  39.708333   93.242  46.73   94.479  47.35   92.305  46.26   0.738   0.37 0.000000000000000
 39.708333  39.750000   97.453  48.84   99.208  49.72   95.038  47.63   1.297   0.65 0.000000000000000
 39.750000  39.791667   98.690  49.46  100.366  50.30   97.093  48.66   1.197   0.60 0.000000000000000
 39.791667  39.833333 9999.999 999.99 9999.999 999.99 9999.999 999.99 999.999 999.99 0.456000000000000
 39.833333  39.875000   93.003  46.61   93.502  46.86   92.384  46.30   0.359   0.18 0.189000000000000
 39.875000  39.916667   93.382  46.80   93.821  47.02   92.783  46.50   0.379   0.19 0.189000000000000
 39.916667  39.958333   93.881  47.05   94.839  47.53   92.923  46.57   0.639   0.32 0.189000000000000
 39.958333  40.000000   92.424  46.32   92.983  46.60   91.985  46.10   0.339   0.17 0.189000000000000
 40.000000  40.041667   92.045  46.13   92.484  46.35   91.486  45.85   0.279   0.14 0.189000000000000
 40.041667  40.083333   92.085  46.15   92.524  46.37   91.746  45.98   0.219   0.11 0.189000000000000
