ozone_datasets/Ebas_221019_1549/US1200R.19730901010000.20181119130908.uv_abs.ozone.air.4mo.1h.US06L_Thermo_49_MLO.US06L_AM.lev2.nas
80 1001
McClure-Begley, Audra; Petropavlovskikh, Irina
US06L, National Oceanic and Atmospheric Administration, NOAA/ESRL/GMD, "Earth System Research Laboratory, Global Monitoring Division", 325 Broadway, , CO 80305-3, Boulder, U.S.A.
McClure-Begley, Audra
GAW-WDCRG NOAA-ESRL
1 1
1973 01 01 2018 11 19
0.041667
days from file reference point
8
1 1 1 1 1 1 1 1
999.999999 9999.99 999.9 9999.99 999.9 9999.99 999.9 9.999
end_time of measurement, days from the file reference point
ozone, ug/m3, Statistics=arithmetic mean, Volume std. temperature=293.15 K, Volume std. pressure=1013.25 hPa, Detection limit=2.0 ug/m3, Measurement uncertainty=2.0 ug/m3, Measurement uncertainty expl.=includes statistical uncertainty of individual sample and calibration uncertainty, "Comment=Data converted on import into EBAS from 'nmol/mol' to 'ug/m3' at 293.15 K, 1013.25 hPa, conversion factor 1.9953."
ozone, nmol/mol, Statistics=arithmetic mean, Detection limit=1.0 nmol/mol, Measurement uncertainty=1.0 nmol/mol, Measurement uncertainty expl.=includes statistical uncertainty of individual sample and calibration uncertainty, "Comment=Data converted on import into EBAS from 'nmol/mol' to 'ug/m3' at 293.15 K, 1013.25 hPa, conversion factor 1.9953. -- Data converted on export from EBAS from 'ug/m3' at 293.15 K, 1013.25 hPa to 'nmol/mol', conversion factor 0.501. Measurement uncertainty converted from '2.0 ug/m3' at 293.15 K, 1013.25 hPa to '1.0 nmol/mol', conversion factor 0.501. Detection limit converted from '2.0 ug/m3' at 293.15 K, 1013.25 hPa to '1.0 nmol/mol', conversion factor 0.501."
ozone, ug/m3, Statistics=maximum, Volume std. temperature=293.15 K, Volume std. pressure=1013.25 hPa, Detection limit=2.0 ug/m3, "Comment=Data converted on import into EBAS from 'nmol/mol' to 'ug/m3' at 293.15 K, 1013.25 hPa, conversion factor 1.9953. Detection limit converted from '1.0 nmol/mol' to '2.0 ug/m3' at 293.15 K, 1013.25 hPa, conversion factor 1.9953."
ozone, nmol/mol, Statistics=maximum, Detection limit=1.0 nmol/mol, "Comment=Data converted on import into EBAS from 'nmol/mol' to 'ug/m3' at 293.15 K, 1013.25 hPa, conversion factor 1.9953. Detection limit converted from '1.0 nmol/mol' to '2.0 ug/m3' at 293.15 K, 1013.25 hPa, conversion factor 1.9953. -- Data converted on export from EBAS from 'ug/m3' at 293.15 K, 1013.25 hPa to 'nmol/mol', conversion factor 0.501. Detection limit converted from '2.0 ug/m3' at 293.15 K, 1013.25 hPa to '1.0 nmol/mol', conversion factor 0.501."
ozone, ug/m3, Statistics=minimum, Volume std. temperature=293.15 K, Volume std. pressure=1013.25 hPa, Detection limit=2.0 ug/m3, "Comment=Data converted on import into EBAS from 'nmol/mol' to 'ug/m3' at 293.15 K, 1013.25 hPa, conversion factor 1.9953. Detection limit converted from '1.0 nmol/mol' to '2.0 ug/m3' at 293.15 K, 1013.25 hPa, conversion factor 1.9953."
[...]
Instrument manufacturer:      Thermo
Instrument model:             49
Instrument serial number:     323000000000552
Method ref:                   US06L_AM
Standard method:              SOP=GAW_209(2013)
Inlet type:                   Hat or hood
Inlet description:            Downward Facing, teflon inlet bell
Inlet tube material:          Teflon
Inlet tube outer diameter:    6.35 mm
Inlet tube inner diameter:    4.76 mm
Inlet tube length:            7.0 m
Humidity/temperature control description: Automatic
Zero/negative values code:    Zero/negative possible
Zero/negative values:         Zero and neg. values may appear due to statistical variations at very low concentrations
Absorption cross section:     Hearn, 1961 cm2
Originator:                   "McClure-Begley, Audra, Audra.mcclure@noaa.gov, National Oceanic and Atmospheric Administration/Earth System Research Laboratory/Global Monitoring Division, NOAA/ESRL/GMD, , 325 Broadway, , 80305, ""Boulder, CO"", USA"
Originator:                   "Petropavlovskikh, Irina, Irina.petro@noaa.gov, National Oceanic and Atmospheric Administration/Earth System Research Laboratory/Global Monitoring Division, NOAA/ESRL/GMD, , 325 Broadway, , 80305, ""Boulder, CO"", USA"
Submitter:                    "McClure-Begley, Audra, Audra.mcclure@noaa.gov, National Oceanic and Atmospheric Administration/Earth System Research Laboratory/Global Monitoring Division, NOAA/ESRL/GMD, , 325 Broadway, , 80305, ""Boulder, CO"", USA"
Acknowledgement:              "Request Acknowledgement details from data originator. http://dx.doi.org/10.7289/V57P8WBF"
starttime endtime O3 O3 O3 O3 O3 O3 flag
[from data line 1829]
319.250000 319.291667   61.66  30.9   61.66  30.9   61.66  30.9 0.000
319.291667 319.333333   60.46  30.3   60.46  30.3   60.46  30.3 0.000
319.333333 319.375000   60.46  30.3   60.46  30.3   60.46  30.3 0.000
319.375000 319.416667   60.46  30.3   60.46  30.3   60.46  30.3 0.000
319.416667 319.458333   59.46  29.8   59.46  29.8   59.46  29.8 0.000
319.458333 319.500000   58.26  29.2   58.26  29.2   58.26  29.2 0.000
319.500000 319.541667   58.26  29.2   58.26  29.2   58.26  29.2 0.000
319.541667 319.583333   59.46  29.8   59.46  29.8   59.46  29.8 0.000
319.583333 319.625000   59.46  29.8   59.46  29.8   59.46  29.8 0.000
319.625000 319.666667   59.46  29.8   59.46  29.8   59.46  29.8 0.000
319.666667 319.708333   56.07  28.1   56.07  28.1   56.07  28.1 0.000
319.708333 319.750000   57.07  28.6   57.07  28.6   57.07  28.6 0.000
319.750000 319.791667   59.46  29.8   59.46  29.8   59.46  29.8 0.000
319.791667 319.833333   59.46  29.8   59.46  29.8   59.46  29.8 0.000
319.833333 319.875000   58.26  29.2   58.26  29.2   58.26  29.2 0.000
319.875000 319.916667   57.07  28.6   57.07  28.6   57.07  28.6 0.000
319.916667 319.958333   58.26  29.2   58.26  29.2   58.26  29.2 0.000
319.958333 320.000000   58.26  29.2   58.26  29.2   58.26  29.2 0.000
320.000000 320.041667   56.07  28.1   56.07  28.1   56.07  28.1 0.000
320.041667 320.083333   52.48  26.3   52.48  26.3   52.48  26.3 0.000
320.083333 320.125000   53.67  26.9   53.67  26.9   53.67  26.9 0.000
320.125000 320.166667   48.09  24.1   48.09  24.1   48.09  24.1 0.000
320.166667 320.208333   48.09  24.1   48.09  24.1   48.09  24.1 0.000
320.208333 320.250000   48.09  24.1   48.09  24.1   48.09  24.1 0.000
320.250000 320.291667   49.28  24.7   49.28  24.7   49.28  24.7 0.000
320.291667 320.333333   48.09  24.1   48.09  24.1   48.09  24.1 0.000
320.333333 320.375000   49.28  24.7   49.28  24.7   49.28  24.7 0.000
320.375000 320.416667   50.08  25.1   50.08  25.1   50.08  25.1 0.000
320.416667 320.458333   49.28  24.7   49.28  24.7   49.28  24.7 0.000
320.458333 320.500000   49.28  24.7   49.28  24.7   49.28  24.7 0.000
320.500000 320.541667   50.08  25.1   50.08  25.1   50.08  25.1 0.000
320.541667 320.583333   54.87  27.5   54.87  27.5   54.87  27.5 0.000
320.583333 320.625000   56.07  28.1   56.07  28.1   56.07  28.1 0.000
320.625000 320.666667   57.07  28.6   57.07  28.6   57.07  28.6 0.000
320.666667 320.708333   58.26  29.2   58.26  29.2   58.26  29.2 0.000
320.708333 320.750000   57.07  28.6   57.07  28.6   57.07  28.6 0.000
320.750000 320.791667   59.46  29.8   59.46  29.8   59.46  29.8 0.000
320.791667 320.833333   60.46  30.3   60.46  30.3   60.46  30.3 0.000
320.833333 320.875000   61.66  30.9   61.66  30.9   61.66  30.9 0.000
320.875000 320.916667   60.46  30.3   60.46  30.3   60.46  30.3 0.000
320.916667 320.958333   60.46  30.3   60.46  30.3   60.46  30.3 0.000
320.958333 321.000000   50.08  25.1   50.08  25.1   50.08  25.1 0.000
321.000000 321.041667   50.08  25.1   50.08  25.1   50.08  25.1 0.000
321.041667 321.083333   46.89  23.5   46.89  23.5   46.89  23.5 0.000
321.083333 321.125000   51.28  25.7   51.28  25.7   51.28  25.7 0.000
321.125000 321.166667   49.28  24.7   49.28  24.7   49.28  24.7 0.000
321.166667 321.208333   56.07  28.1   56.07  28.1   56.07  28.1 0.000
321.208333 321.250000   57.07  28.6   57.07  28.6   57.07  28.6 0.000
321.250000 321.291667   60.46  30.3   60.46  30.3   60.46  30.3 0.000
321.291667 321.333333   61.66  30.9   61.66  30.9   61.66  30.9 0.000
321.333333 321.375000   62.65  31.4   62.65  31.4   62.65  31.4 0.000
321.375000 321.416667   63.85  32.0   63.85  32.0   63.85  32.0 0.000
321.416667 321.458333   63.85  32.0   63.85  32.0   63.85  32.0 0.000
321.458333 321.500000   63.85  32.0   63.85  32.0   63.85  32.0 0.000
321.500000 321.541667   63.85  32.0   63.85  32.0   63.85  32.0 0.000
321.541667 321.583333   64.85  32.5   64.85  32.5   64.85  32.5 0.000
321.583333 321.625000   64.85  32.5   64.85  32.5   64.85  32.5 0.000
321.625000 321.666667   64.85  32.5   64.85  32.5   64.85  32.5 0.000
321.666667 321.708333   64.85  32.5   64.85  32.5   64.85  32.5 0.000
321.708333 321.750000   67.04  33.6   67.04  33.6   67.04  33.6 0.000
321.750000 321.791667   68.24  34.2   68.24  34.2   68.24  34.2 0.000
321.791667 321.833333   67.04  33.6   67.04  33.6   67.04  33.6 0.000
321.833333 321.875000   63.85  32.0   63.85  32.0   63.85  32.0 0.000
321.875000 321.916667   59.46  29.8   59.46  29.8   59.46  29.8 0.000
321.916667 321.958333   58.26  29.2   58.26  29.2   58.26  29.2 0.000
321.958333 322.000000   51.28  25.7   51.28  25.7   51.28  25.7 0.000
322.000000 322.041667   50.08  25.1   50.08  25.1   50.08  25.1 0.000
322.041667 322.083333   48.09  24.1   48.09  24.1   48.09  24.1 0.000
322.083333 322.125000   48.09  24.1   48.09  24.1   48.09  24.1 0.000
322.125000 322.166667   50.08  25.1   50.08  25.1   50.08  25.1 0.000
322.166667 322.208333   49.28  24.7   49.28  24.7   49.28  24.7 0.000
322.208333 322.250000   53.67  26.9   53.67  26.9   53.67  26.9 0.000
322.250000 322.291667   56.07  28.1   56.07  28.1   56.07  28.1 0.000
322.291667 322.333333   58.26  29.2   58.26  29.2   58.26  29.2 0.000
322.333333 322.375000   60.46  30.3   60.46  30.3   60.46  30.3 0.000
322.375000 322.416667   61.66  30.9   61.66  30.9   61.66  30.9 0.000
322.416667 322.458333   68.24  34.2   68.24  34.2   68.24  34.2 0.000
322.458333 322.500000   75.02  37.6   75.02  37.6   75.02  37.6 0.000
322.500000 322.541667   71.83  36.0   71.83  36.0   71.83  36.0 0.000
322.541667 322.583333   59.46  29.8   59.46  29.8   59.46  29.8 0.000
322.583333 322.625000   58.26  29.2   58.26  29.2   58.26  29.2 0.000
322.625000 322.666667   60.46  30.3   60.46  30.3   60.46  30.3 0.000
322.666667 322.708333   59.46  29.8   59.46  29.8   59.46  29.8 0.000
322.708333 322.750000   59.46  29.8   59.46  29.8   59.46  29.8 0.000
322.750000 322.791667   58.26  29.2   58.26  29.2   58.26  29.2 0.000
322.791667 322.833333   62.65  31.4   62.65  31.4   62.65  31.4 0.000
322.833333 322.875000   61.66  30.9   61.66  30.9   61.66  30.9 0.000
322.875000 322.916667   61.66  30.9   61.66  30.9   61.66  30.9 0.000
322.916667 322.958333   59.46  29.8   59.46  29.8   59.46  29.8 0.000
322.958333 323.000000   58.26  29.2   58.26  29.2   58.26  29.2 0.000
323.000000 323.041667   53.67  26.9   53.67  26.9   53.67  26.9 0.000
323.041667 323.083333   52.48  26.3   52.48  26.3   52.48  26.3 0.000
323.083333 323.125000   53.67  26.9   53.67  26.9   53.67  26.9 0.000
323.125000 323.166667   62.65  31.4   62.65  31.4   62.65  31.4 0.000
323.166667 323.208333   56.07  28.1   56.07  28.1   56.07  28.1 0.000
323.208333 323.250000   58.26  29.2   58.26  29.2   58.26  29.2 0.000
323.250000 323.291667   53.67  26.9   53.67  26.9   53.67  26.9 0.000
323.291667 323.333333   52.48  26.3   52.48  26.3   52.48  26.3 0.000
323.333333 323.375000   52.48  26.3   52.48  26.3   52.48  26.3 0.000
323.375000 323.416667   52.48  26.3   52.48  26.3   52.48  26.3 0.000
323.416667 323.458333   56.07  28.1   56.07  28.1   56.07  28.1 0.000
323.458333 323.500000   53.67  26.9   53.67  26.9   53.67  26.9 0.000
323.500000 323.541667   56.07  28.1   56.07  28.1   56.07  28.1 0.000
323.541667 323.583333   56.07  28.1   56.07  28.1   56.07  28.1 0.000
323.583333 323.625000   59.46  29.8   59.46  29.8   59.46  29.8 0.000
323.625000 323.666667   58.26  29.2   58.26  29.2   58.26  29.2 0.000
323.666667 323.708333   56.07  28.1   56.07  28.1   56.07  28.1 0.000
323.708333 323.750000   56.07  28.1   56.07  28.1   56.07  28.1 0.000
323.750000 323.791667   57.07  28.6   57.07  28.6   57.07  28.6 0.000
323.791667 323.833333   59.46  29.8   59.46  29.8   59.46  29.8 0.000
323.833333 323.875000   58.26  29.2   58.26  29.2   58.26  29.2 0.000
323.875000 323.916667   60.46  30.3   60.46  30.3   60.46  30.3 0.000
323.916667 323.958333   59.46  29.8   59.46  29.8   59.46  29.8 0.000
323.958333 324.000000   53.67  26.9   53.67  26.9   53.67  26.9 0.000
324.000000 324.041667   53.67  26.9   53.67  26.9   53.67  26.9 0.000
324.041667 324.083333   51.28  25.7   51.28  25.7   51.28  25.7 0.000
324.083333 324.125000   48.09  24.1   48.09  24.1   48.09  24.1 0.000
324.125000 324.166667   52.48  26.3   52.48  26.3   52.48  26.3 0.000
324.166667 324.208333   56.07  28.1   56.07  28.1   56.07  28.1 0.000
324.208333 324.250000   62.65  31.4   62.65  31.4   62.65  31.4 0.000
324.250000 324.291667   62.65  31.4   62.65  31.4   62.65  31.4 0.000
324.291667 324.333333   69.44  34.8   69.44  34.8   69.44  34.8 0.000
324.333333 324.375000   69.44  34.8   69.44  34.8   69.44  34.8 0.000
324.375000 324.416667   75.02  37.6   75.02  37.6   75.02  37.6 0.000
324.416667 324.458333   77.42  38.8   77.42  38.8   77.42  38.8 0.000
324.458333 324.500000   76.22  38.2   76.22  38.2   76.22  38.2 0.000
324.500000 324.541667   75.02  37.6   75.02  37.6   75.02  37.6 0.000
324.541667 324.583333   75.02  37.6   75.02  37.6   75.02  37.6 0.000
324.583333 324.625000   71.83  36.0   71.83  36.0   71.83  36.0 0.000
324.625000 324.666667   67.04  33.6   67.04  33.6   67.04  33.6 0.000
324.666667 324.708333   67.04  33.6   67.04  33.6   67.04  33.6 0.000
324.708333 324.750000   76.22  38.2   76.22  38.2   76.22  38.2 0.000
324.750000 324.791667   67.04  33.6   67.04  33.6   67.04  33.6 0.000
324.791667 324.833333   71.83  36.0   71.83  36.0   71.83  36.0 0.000
324.833333 324.875000   76.22  38.2   76.22  38.2   76.22  38.2 0.000
324.875000 324.916667   81.81  41.0   81.81  41.0   81.81  41.0 0.000
324.916667 324.958333   83.01  41.6   83.01  41.6   83.01  41.6 0.000
324.958333 325.000000   77.42  38.8   77.42  38.8   77.42  38.8 0.000
325.000000 325.041667   75.02  37.6   75.02  37.6   75.02  37.6 0.000
325.041667 325.083333   71.83  36.0   71.83  36.0   71.83  36.0 0.000
325.083333 325.125000   67.04  33.6   67.04  33.6   67.04  33.6 0.000
325.125000 325.166667   67.04  33.6   67.04  33.6   67.04  33.6 0.000
325.166667 325.208333   68.24  34.2   68.24  34.2   68.24  34.2 0.000
325.208333 325.250000   68.24  34.2   68.24  34.2   68.24  34.2 0.000
325.250000 325.291667   74.23  37.2   74.23  37.2   74.23  37.2 0.000
325.291667 325.333333   70.44  35.3   70.44  35.3   70.44  35.3 0.000
325.333333 325.375000   62.65  31.4   62.65  31.4   62.65  31.4 0.000
325.375000 325.416667   67.04  33.6   67.04  33.6   67.04  33.6 0.000
325.416667 325.458333   62.65  31.4   62.65  31.4   62.65  31.4 0.000
325.458333 325.500000   58.26  29.2   58.26  29.2   58.26  29.2 0.000
325.500000 325.541667   60.46  30.3   60.46  30.3   60.46  30.3 0.000
325.541667 325.583333   62.65  31.4   62.65  31.4   62.65  31.4 0.000
325.583333 325.625000   85.00  42.6   85.00  42.6   85.00  42.6 0.000
325.625000 325.666667   89.99  45.1   89.99  45.1   89.99  45.1 0.000
325.666667 325.708333   86.20  43.2   86.20  43.2   86.20  43.2 0.000
325.708333 325.750000   75.02  37.6   75.02  37.6   75.02  37.6 0.000
325.750000 325.791667   63.85  32.0   63.85  32.0   63.85  32.0 0.000
325.791667 325.833333   62.65  31.4   62.65  31.4   62.65  31.4 0.000
325.833333 325.875000   67.04  33.6   67.04  33.6   67.04  33.6 0.000
325.875000 325.916667   66.05  33.1   66.05  33.1   66.05  33.1 0.000
325.916667 325.958333   66.05  33.1   66.05  33.1   66.05  33.1 0.000
325.958333 326.000000   66.05  33.1   66.05  33.1   66.05  33.1 0.000
326.000000 326.041667   64.85  32.5   64.85  32.5   64.85  32.5 0.000
326.041667 326.083333   63.85  32.0   63.85  32.0   63.85  32.0 0.000
326.083333 326.125000   62.65  31.4   62.65  31.4   62.65  31.4 0.000
326.125000 326.166667   64.85  32.5   64.85  32.5   64.85  32.5 0.000
326.166667 326.208333   75.02  37.6   75.02  37.6   75.02  37.6 0.000
326.208333 326.250000   84.20  42.2   84.20  42.2   84.20  42.2 0.000
326.250000 326.291667   85.00  42.6   85.00  42.6   85.00  42.6 0.000
326.291667 326.333333   85.00  42.6   85.00  42.6   85.00  42.6 0.000
326.333333 326.375000   74.23  37.2   74.23  37.2   74.23  37.2 0.000
326.375000 326.416667   59.46  29.8   59.46  29.8   59.46  29.8 0.000
326.416667 326.458333   61.66  30.9   61.66  30.9   61.66  30.9 0.000
326.458333 326.500000   64.85  32.5   64.85  32.5   64.85  32.5 0.000
326.500000 326.541667   67.04  33.6   67.04  33.6   67.04  33.6 0.000
326.541667 326.583333   71.83  36.0   71.83  36.0   71.83  36.0 0.000
326.583333 326.625000   71.83  36.0   71.83  36.0   71.83  36.0 0.000
326.625000 326.666667   80.61  40.4   80.61  40.4   80.61  40.4 0.000
326.666667 326.708333   83.01  41.6   83.01  41.6   83.01  41.6 0.000
326.708333 326.750000   83.01  41.6   83.01  41.6   83.01  41.6 0.000
326.750000 326.791667   83.01  41.6   83.01  41.6   83.01  41.6 0.000
326.791667 326.833333   85.00  42.6   85.00  42.6   85.00  42.6 0.000
326.833333 326.875000   78.62  39.4   78.62  39.4   78.62  39.4 0.000
326.875000 326.916667   83.01  41.6   83.01  41.6   83.01  41.6 0.000
326.916667 326.958333   90.79  45.5   90.79  45.5   90.79  45.5 0.000
326.958333 327.000000   89.99  45.1   89.99  45.1   89.99  45.1 0.000
327.000000 327.041667   85.00  42.6   85.00  42.6   85.00  42.6 0.000
327.041667 327.083333   76.22  38.2   76.22  38.2   76.22  38.2 0.000
327.083333 327.125000   88.59  44.4   88.59  44.4   88.59  44.4 0.000
327.125000 327.166667   84.20  42.2   84.20  42.2   84.20  42.2 0.000
327.166667 327.208333   88.59  44.4   88.59  44.4   88.59  44.4 0.000
327.208333 327.250000   75.02  37.6   75.02  37.6   75.02  37.6 0.000
327.250000 327.291667   75.02  37.6   75.02  37.6   75.02  37.6 0.000
327.291667 327.333333   76.22  38.2   76.22  38.2   76.22  38.2 0.000
327.333333 327.375000   83.01  41.6   83.01  41.6   83.01  41.6 0.000
327.375000 327.416667   87.40  43.8   87.40  43.8   87.40  43.8 0.000
327.416667 327.458333   87.40  43.8   87.40  43.8   87.40  43.8 0.000
327.458333 327.500000   84.20  42.2   84.20  42.2   84.20  42.2 0.000
327.500000 327.541667   83.01  41.6   83.01  41.6   83.01  41.6 0.000
327.541667 327.583333   84.20  42.2   84.20  42.2   84.20  42.2 0.000
327.583333 327.625000   83.01  41.6   83.01  41.6   83.01  41.6 0.000
327.625000 327.666667   84.20  42.2   84.20  42.2   84.20  42.2 0.000
327.666667 327.708333   87.40  43.8   87.40  43.8   87.40  43.8 0.000
327.708333 327.750000   78.62  39.4   78.62  39.4   78.62  39.4 0.000
327.750000 327.791667   81.81  41.0   81.81  41.0   81.81  41.0 0.000
327.791667 327.833333   93.18  46.7   93.18  46.7   93.18  46.7 0.000
327.833333 327.875000   78.62  39.4   78.62  39.4   78.62  39.4 0.000
327.875000 327.916667   78.62  39.4   78.62  39.4   78.62  39.4 0.000
327.916667 327.958333   78.62  39.4   78.62  39.4   78.62  39.4 0.000
327.958333 328.000000   80.61  40.4   80.61  40.4   80.61  40.4 0.000
328.000000 328.041667   84.20  42.2   84.20  42.2   84.20  42.2 0.000
328.041667 328.083333   83.01  41.6   83.01  41.6   83.01  41.6 0.000
328.083333 328.125000   87.40  43.8   87.40  43.8   87.40  43.8 0.000
328.125000 328.166667   84.20  42.2   84.20  42.2   84.20  42.2 0.000
328.166667 328.208333   69.44  34.8   69.44  34.8   69.44  34.8 0.000
328.208333 328.250000   62.65  31.4   62.65  31.4   62.65  31.4 0.000
328.250000 328.291667   63.85  32.0   63.85  32.0   63.85  32.0 0.000
328.291667 328.333333   67.04  33.6   67.04  33.6   67.04  33.6 0.000
328.333333 328.375000   76.22  38.2   76.22  38.2   76.22  38.2 0.000
328.375000 328.416667   81.81  41.0   81.81  41.0   81.81  41.0 0.000
328.416667 328.458333   81.81  41.0   81.81  41.0   81.81  41.0 0.000
328.458333 328.500000   76.22  38.2   76.22  38.2   76.22  38.2 0.000
328.500000 328.541667   76.22  38.2   76.22  38.2   76.22  38.2 0.000
328.541667 328.583333   69.44  34.8   69.44  34.8   69.44  34.8 0.000
328.583333 328.625000   86.20  43.2   86.20  43.2   86.20  43.2 0.000
328.625000 328.666667   84.20  42.2   84.20  42.2   84.20  42.2 0.000
328.666667 328.708333   83.01  41.6   83.01  41.6   83.01  41.6 0.000
328.708333 328.750000   83.01  41.6   83.01  41.6   83.01  41.6 0.000
