ozone_datasets/Ebas_221019_1549/US1200R.20190101000000.20220419100242.uv_abs.ozone.air.1y.1h.US06L_Thermo_49C_MLO.US06L_AM.lev2.nas
84 1001
McClure-Begley, Audra; Petropavlovskikh, Irina
US06L, National Oceanic and Atmospheric Administration, NOAA/ESRL/GMD, "Earth System Research Laboratory, Global Monitoring Division", 325 Broadway, , CO 80305-3, Boulder, U.S.A.
McClure-Begley, Audra; Petropavlovskikh, Irina
GAW-WDCRG NOAA-ESRL
1 1
2019 01 01 2022 04 19
0.041667
days from file reference point
10
1 1 1 1 1 1 1 1 1 1
999.999999 9999.999 9999.99 9999.999 9999.99 9999.999 9999.99 999.999 999.99 9.999999999
end_time of measurement, days from the file reference point
ozone, ug/m3, Statistics=arithmetic mean, Volume std. temperature=293.15 K, Volume std. pressure=1013.25 hPa, "Comment=Data converted on import into EBAS from 'ppb' to 'ug/m3' at 293.15 K, 1013.25 hPa, conversion factor 1.99534."
ozone, nmol/mol, Statistics=arithmetic mean, "Comment=Data converted on import into EBAS from 'ppb' to 'ug/m3' at 293.15 K, 1013.25 hPa, conversion factor 1.99534. -- Data converted on export from EBAS from 'ug/m3' at 293.15 K, 1013.25 hPa to 'nmol/mol', conversion factor 0.5012."
ozone, ug/m3, Statistics=maximum, Volume std. temperature=293.15 K, Volume std. pressure=1013.25 hPa, "Comment=Data converted on import into EBAS from 'ppb' to 'ug/m3' at 293.15 K, 1013.25 hPa, conversion factor 1.99534."
ozone, nmol/mol, Statistics=maximum, "Comment=Data converted on import into EBAS from 'ppb' to 'ug/m3' at 293.15 K, 1013.25 hPa, conversion factor 1.99534. -- Data converted on export from EBAS from 'ug/m3' at 293.15 K, 1013.25 hPa to 'nmol/mol', conversion factor 0.5012."
ozone, ug/m3, Statistics=minimum, Volume std. temperature=293.15 K, Volume std. pressure=1013.25 hPa, "Comment=Data converted on import into EBAS from 'ppb' to 'ug/m3' at 293.15 K, 1013.25 hPa, conversion factor 1.99534."
ozone, nmol/mol, Statistics=minimum, "Comment=Data converted on import into EBAS from 'ppb' to 'ug/m3' at 293.15 K, 1013.25 hPa, conversion factor 1.99534. -- Data converted on export from EBAS from 'ug/m3' at 293.15 K, 1013.25 hPa to 'nmol/mol', conversion factor 0.5012."
ozone, ug/m3, Statistics=stddev, Volume std. temperature=293.15 K, Volume std. pressure=1013.25 hPa, "Comment=Data converted on import into EBAS from 'ppb' to 'ug/m3' at 293.15 K, 1013.25 hPa, conversion factor 1.99534."
ozone, nmol/mol, Statistics=stddev, "Comment=Data converted on import into EBAS from 'ppb' to 'ug/m3' at 293.15 K, 1013.25 hPa, conversion factor 1.99534. -- Data converted on export from EBAS from 'ug/m3' at 293.15 K, 1013.25 hPa to 'nmol/mol', conversion factor 0.5012."
numflag, no unit
0
60
Data definition:              EBAS_1.1
Set type code:                TU
Timezone:                     UTC
File name:                    US1200R.20190101000000.20220419100242.uv_abs.ozone.air.1y.1h.US06L_Thermo_49C_MLO.US06L_AM.lev2.nas
File creation:                20221019135549885000
Export state:                 20221019135004513121
Export filter:                exclude-900,exclude-invalid
Startdate:                    20190101000000
Revision date:                20220419100242
Version:                      1
Version description:          Version numbering not tracked, generated by CPD3 EBAS Export v26 run as da.output.ebas (21601) run by mcclure on aero.cmdl.noaa.gov via da.output.ebas --profile=ozone mlo 2019-01-01 2020-01-01
Data level:                   2
[...]
Inlet type:                   Hat or hood
Inlet description:            Downward Facing, teflon inlet bell
Inlet tube material:          Teflon
Inlet tube outer diameter:    6.35 mm
Inlet tube inner diameter:    4.76 mm
Inlet tube length:            7.0 m
Flow rate:                    1.1 l/min
Absorption cross section:     Hearn, 1961 cm2
QA1 measure ID:               US06L_reference_calibration_20070630
QA1 date:                     20100101
QA1 outcome:                  pass
Originator:                   "McClure-Begley, Audra, Audra.mcclure@noaa.gov, National Oceanic and Atmospheric Administration/Earth System Research Laboratory/Global Monitoring Division, NOAA/ESRL/GMD, , 325 Broadway, , 80305, ""Boulder, CO"", USA"
Originator:                   "Petropavlovskikh, Irina, Irina.petro@noaa.gov, National Oceanic and Atmospheric Administration/Earth System Research Laboratory/Global Monitoring Division, NOAA/ESRL/GMD, , 325 Broadway, , 80305, ""Boulder, CO"", USA"
Submitter:                    "McClure-Begley, Audra, Audra.mcclure@noaa.gov, National Oceanic and Atmospheric Administration/Earth System Research Laboratory/Global Monitoring Division, NOAA/ESRL/GMD, , 325 Broadway, , 80305, ""Boulder, CO"", USA"
Submitter:                    "Petropavlovskikh, Irina, Irina.petro@noaa.gov, National Oceanic and Atmospheric Administration/Earth System Research Laboratory/Global Monitoring Division, NOAA/ESRL/GMD, , 325 Broadway, , 80305, ""Boulder, CO"", USA"
Acknowledgement:              "Request Acknowledgement details from data originator. http://dx.doi.org/10.7289/V57P8WBF"
starttime endtime O3 O3 O3 O3 O3 O3 O3 O3 flag
[from data line 6881]
286.708333 286.750000   82.847   41.52   85.880   43.04   79.854   40.02   2.394   1.20 0.189000000
286.750000 286.791667   92.325   46.27   94.759   47.49   89.810   45.01   1.477   0.74 0.189000000
286.791667 286.833333   86.239   43.22   91.107   45.66   80.293   40.24   3.252   1.63 0.189000000
286.833333 286.875000   73.369   36.77   77.838   39.01   69.179   34.67   2.674   1.34 0.189000000
286.875000 286.916667   67.063   33.61   74.606   37.39   58.962   29.55   4.310   2.16 0.189000000
286.916667 286.958333   65.826   32.99   69.398   34.78   60.359   30.25   2.474   1.24 0.189000000
286.958333 287.000000   66.425   33.29   69.218   34.69   63.711   31.93   1.796   0.90 0.189000000
287.000000 287.041667   64.090   32.12   66.964   33.56   59.601   29.87   2.574   1.29 0.189000000
287.041667 287.083333   66.006   33.08   68.859   34.51   61.676   30.91   2.135   1.07 0.189000000
287.083333 287.125000   77.579   38.88   85.061   42.63   70.715   35.44   4.948   2.48 0.189000000
287.125000 287.166667   84.882   42.54   88.114   44.16   82.148   41.17   1.916   0.96 0.189000000
287.166667 287.208333   78.437   39.31   81.929   41.06   75.783   37.98   2.095   1.05 0.189000000
287.208333 287.250000   77.878   39.03   83.565   41.88   71.832   36.00   3.093   1.55 0.000000000
287.250000 287.291667   93.921   47.07  100.066   50.15   80.632   40.41   6.046   3.03 0.000000000
287.291667 287.333333   78.716   39.45   99.787   50.01   63.791   31.97  11.134   5.58 0.000000000
287.333333 287.375000   56.827   28.48   61.756   30.95   53.595   26.86   2.714   1.36 0.000000000
287.375000 287.416667   51.899   26.01   53.914   27.02   50.881   25.50   0.838   0.42 0.000000000
287.416667 287.458333   55.391   27.76   59.142   29.64   51.979   26.05   2.793   1.40 0.000000000
287.458333 287.500000   55.291   27.71   63.791   31.97   49.285   24.70   5.447   2.73 0.000000000
287.500000 287.541667   47.270   23.69   48.906   24.51   46.272   23.19   0.858   0.43 0.000000000
287.541667 287.583333   46.711   23.41   47.130   23.62   46.372   23.24   0.279   0.14 0.000000000
287.583333 287.625000   47.150   23.63   47.968   24.04   46.731   23.42   0.359   0.18 0.000000000
287.625000 287.666667   47.769   23.94   48.986   24.55   46.352   23.23   0.738   0.37 0.000000000
287.666667 287.708333   48.806   24.46   49.385   24.75   48.427   24.27   0.299   0.15 0.000000000
287.708333 287.750000   48.028   24.07   50.043   25.08   46.511   23.31   1.237   0.62 0.000000000
287.750000 287.791667   50.981   25.55   52.278   26.20   49.465   24.79   0.898   0.45 0.189000000
287.791667 287.833333   49.085   24.60   50.762   25.44   48.327   24.22   0.778   0.39 0.189000000
287.833333 287.875000   49.085   24.60   52.138   26.13   46.531   23.32   1.935   0.97 0.189000000
287.875000 287.916667   50.323   25.22   52.098   26.11   47.130   23.62   1.297   0.65 0.189000000
287.916667 287.958333   54.114   27.12   56.428   28.28   51.659   25.89   1.417   0.71 0.189000000
287.958333 288.000000   55.032   27.58   56.688   28.41   54.114   27.12   0.678   0.34 0.189000000
288.000000 288.041667   55.091   27.61   57.266   28.70   52.478   26.30   1.756   0.88 0.189000000
288.041667 288.083333   56.129   28.13   61.417   30.78   50.722   25.42   3.592   1.80 0.189000000
288.083333 288.125000   46.970   23.54   49.983   25.05   44.097   22.10   1.736   0.87 0.189000000
288.125000 288.166667   49.604   24.86   52.178   26.15   46.751   23.43   1.736   0.87 0.189000000
288.166667 288.208333   42.541   21.32   46.112   23.11   38.730   19.41   2.813   1.41 0.189000000
288.208333 288.250000   44.875   22.49   48.008   24.06   42.640   21.37   1.836   0.92 0.000000000
288.250000 288.291667   41.643   20.87   42.940   21.52   39.847   19.97   1.117   0.56 0.000000000
288.291667 288.333333   44.975   22.54   47.848   23.98   41.363   20.73   2.075   1.04 0.000000000
288.333333 288.375000   45.693   22.90   46.751   23.43   43.538   21.82   0.918   0.46 0.000000000
288.375000 288.416667   43.000   21.55   44.436   22.27   41.643   20.87   0.778   0.39 0.000000000
288.416667 288.458333   41.124   20.61   44.257   22.18   38.191   19.14   2.355   1.18 0.000000000
288.458333 288.500000   48.267   24.19   48.866   24.49   46.731   23.42   0.639   0.32 0.000000000
288.500000 288.541667   48.188   24.15   49.864   24.99   47.090   23.60   0.758   0.38 0.000000000
288.541667 288.583333   45.733   22.92   49.983   25.05   42.182   21.14   3.093   1.55 0.000000000
288.583333 288.625000   39.029   19.56   40.306   20.20   37.433   18.76   0.878   0.44 0.000000000
288.625000 288.666667   40.605   20.35   42.162   21.13   39.747   19.92   0.678   0.34 0.000000000
288.666667 288.708333   48.587   24.35   52.557   26.34   42.321   21.21   3.831   1.92 0.000000000
288.708333 288.750000   49.664   24.89   52.817   26.47   43.099   21.60   3.532   1.77 0.189000000
288.750000 288.791667   34.978   17.53   40.745   20.42   32.005   16.04   2.594   1.30 0.189000000
288.791667 288.833333   37.293   18.69   41.703   20.90   31.726   15.90   3.871   1.94 0.189000000
288.833333 288.875000   40.665   20.38   42.800   21.45   37.014   18.55   1.497   0.75 0.189000000
288.875000 288.916667   39.528   19.81   40.665   20.38   36.834   18.46   1.137   0.57 0.189000000
288.916667 288.958333   38.630   19.36   41.403   20.75   36.714   18.40   1.477   0.74 0.189000000
288.958333 289.000000   41.703   20.90   42.341   21.22   40.426   20.26   0.619   0.31 0.189000000
289.000000 289.041667   40.426   20.26   42.261   21.18   38.430   19.26   1.117   0.56 0.189000000
289.041667 289.083333   41.204   20.65   42.142   21.12   39.807   19.95   1.018   0.51 0.189000000
289.083333 289.125000   44.995   22.55   47.908   24.01   40.745   20.42   2.255   1.13 0.189000000
289.125000 289.166667   44.157   22.13   47.928   24.02   37.991   19.04   3.213   1.61 0.189000000
289.166667 289.208333   42.680   21.39   48.806   24.46   36.934   18.51   4.250   2.13 0.000000000
289.208333 289.250000   42.501   21.30   54.054   27.09   35.976   18.03   6.664   3.34 0.000000000
289.250000 289.291667   37.153   18.62   49.764   24.94   32.803   16.44   5.527   2.77 0.000000000
289.291667 289.333333   32.704   16.39   35.258   17.67   30.928   15.50   1.277   0.64 0.000000000
289.333333 289.375000   30.908   15.49   31.407   15.74   30.110   15.09   0.419   0.21 0.000000000
289.375000 289.416667   29.711   14.89   31.008   15.54   28.992   14.53   0.639   0.32 0.000000000
289.416667 289.458333   30.688   15.38   31.307   15.69   30.209   15.14   0.359   0.18 0.000000000
289.458333 289.500000   31.945   16.01   34.599   17.34   29.810   14.94   1.516   0.76 0.000000000
289.500000 289.541667   32.923   16.50   33.522   16.80   31.985   16.03   0.539   0.27 0.000000000
289.541667 289.583333   34.240   17.16   36.754   18.42   32.464   16.27   1.177   0.59 0.000000000
289.583333 289.625000   36.415   18.25   46.831   23.47   31.367   15.72   5.328   2.67 0.000000000
289.625000 289.666667   59.022   29.58   67.083   33.62   47.290   23.70   6.804   3.41 0.000000000
289.666667 289.708333   50.163   25.14   68.380   34.27   39.807   19.95  10.156   5.09 0.000000000
289.708333 289.750000   42.401   21.25   47.988   24.05   34.420   17.25   3.452   1.73 0.189000000
289.750000 289.791667   62.235   31.19   87.795   44.00   34.380   17.23  17.040   8.54 0.189000000
289.791667 289.833333   92.085   46.15  106.671   53.46   83.146   41.67   6.644   3.33 0.189000000
289.833333 289.875000   73.808   36.99   96.295   48.26   51.001   25.56  19.415   9.73 0.189000000
289.875000 289.916667   62.813   31.48   82.986   41.59   51.520   25.82  11.354   5.69 0.189000000
289.916667 289.958333   63.372   31.76   70.236   35.20   55.211   27.67   4.110   2.06 0.189000000
289.958333 290.000000   57.446   28.79   61.656   30.90   53.914   27.02   2.514   1.26 0.189000000
290.000000 290.041667   58.284   29.21   68.700   34.43   54.293   27.21   4.250   2.13 0.189000000
290.041667 290.083333   65.447   32.80   69.677   34.92   61.277   30.71   2.195   1.10 0.189000000
290.083333 290.125000   60.239   30.19   65.427   32.79   54.632   27.38   3.492   1.75 0.189000000
290.125000 290.166667   54.872   27.50   69.378   34.77   46.871   23.49   7.902   3.96 0.189000000
290.166667 290.208333   70.136   35.15   88.713   44.46   55.032   27.58  11.912   5.97 0.189000000
290.208333 290.250000   65.068   32.61   67.423   33.79   62.075   31.11   1.497   0.75 0.000000000
290.250000 290.291667   63.612   31.88   66.884   33.52   58.883   29.51   2.315   1.16 0.000000000
290.291667 290.333333   61.955   31.05   76.781   38.48   55.730   27.93   6.545   3.28 0.000000000
290.333333 290.375000   81.909   41.05   89.152   44.68   73.728   36.95   4.629   2.32 0.000000000
290.375000 290.416667   76.581   38.38   87.815   44.01   73.768   36.97   3.851   1.93 0.000000000
290.416667 290.458333   96.535   48.38  101.224   50.73   93.402   46.81   2.394   1.20 0.000000000
290.458333 290.500000   91.227   45.72   93.941   47.08   82.328   41.26   3.432   1.72 0.000000000
290.500000 290.541667   75.544   37.86   78.237   39.21   72.890   36.53   1.796   0.90 0.000000000
290.541667 290.583333   83.705   41.95   88.833   44.52   74.227   37.20   4.889   2.45 0.000000000
290.583333 290.625000   62.195   31.17   76.661   38.42   52.717   26.42   9.458   4.74 0.000000000
290.625000 290.666667   59.521   29.83   66.385   33.27   52.278   26.20   5.008   2.51 0.000000000
290.666667 290.708333   78.656   39.42   94.100   47.16   68.201   34.18   8.859   4.44 0.189000000
290.708333 290.750000   63.432   31.79   69.338   34.75   59.282   29.71   2.774   1.39 0.189000000
290.750000 290.791667   62.893   31.52   69.558   34.86   56.807   28.47   4.370   2.19 0.189000000
290.791667 290.833333   62.315   31.23   65.587   32.87   57.606   28.87   2.833   1.42 0.189000000
290.833333 290.875000   65.228   32.69   76.182   38.18   58.483   29.31   4.669   2.34 0.189000000
290.875000 290.916667   64.928   32.54   67.463   33.81   63.113   31.63   1.397   0.70 0.189000000
290.916667 290.958333   62.714   31.43   66.106   33.13   60.718   30.43   1.916   0.96 0.189000000
290.958333 291.000000   59.461   29.80   62.654   31.40   57.007   28.57   1.896   0.95 0.189000000
291.000000 291.041667   59.860   30.00   61.437   30.79   58.364   29.25   0.978   0.49 0.189000000
291.041667 291.083333   65.328   32.74   75.623   37.90   60.100   30.12   5.767   2.89 0.189000000
291.083333 291.125000   82.867   41.53   89.611   44.91   75.384   37.78   4.490   2.25 0.189000000
291.125000 291.166667   82.448   41.32   87.196   43.70   74.366   37.27   4.430   2.22 0.189000000
291.166667 291.208333   71.693   35.93   75.763   37.97   68.321   34.24   2.714   1.36 0.189000000
291.208333 291.250000   76.481   38.33   86.518   43.36   70.914   35.54   5.727   2.87 0.189188000
291.250000 291.291667   94.779   47.50   99.767   50.00   90.928   45.57   2.554   1.28 0.000000000
291.291667 291.333333  104.636   52.44  110.522   55.39   99.508   49.87   4.290   2.15 0.189000000
291.333333 291.375000  110.722   55.49  115.231   57.75  107.150   53.70   2.973   1.49 0.189000000
291.375000 291.416667  116.987   58.63  118.543   59.41  115.470   57.87   0.838   0.42 0.188189000
291.416667 291.458333  112.916   56.59  121.217   60.75   92.524   46.37  10.615   5.32 0.188000000
291.458333 291.500000   76.322   38.25   91.327   45.77   65.906   33.03   9.697   4.86 0.189000000
291.500000 291.541667   82.088   41.14   88.853   44.53   79.993   40.09   2.754   1.38 0.189000000
291.541667 291.583333   75.683   37.93   84.184   42.19   62.893   31.52   7.143   3.58 0.188189000
291.583333 291.625000   59.481   29.81   89.471   44.84   42.241   21.17  21.210  10.63 0.188189000
291.625000 291.666667   63.113   31.63   99.947   50.09   45.733   22.92  17.818   8.93 0.189000000
291.666667 291.708333   50.103   25.11   56.568   28.35   43.000   21.55   4.110   2.06 0.000000000
291.708333 291.750000   46.092   23.10   48.986   24.55   44.716   22.41   1.257   0.63 0.000000000
291.750000 291.791667   46.671   23.39   51.919   26.02   43.977   22.04   2.115   1.06 0.189000000
291.791667 291.833333   71.254   35.71   78.118   39.15   57.985   29.06   7.862   3.94 0.189000000
291.833333 291.875000   61.457   30.80   69.498   34.83   47.449   23.78   7.263   3.64 0.189000000
291.875000 291.916667   54.333   27.23   57.586   28.86   52.956   26.54   1.257   0.63 0.189000000
291.916667 291.958333   50.642   25.38   53.535   26.83   48.706   24.41   1.317   0.66 0.189000000
291.958333 292.000000   44.795   22.45   47.968   24.04   42.940   21.52   1.776   0.89 0.189188000
292.000000 292.041667   46.212   23.16   49.105   24.61   43.159   21.63   1.776   0.89 0.189188000
292.041667 292.083333   41.124   20.61   45.514   22.81   38.650   19.37   2.514   1.26 0.189000000
292.083333 292.125000   39.308   19.70   41.224   20.66   38.131   19.11   1.197   0.60 0.189000000
292.125000 292.166667   40.765   20.43   43.518   21.81   39.508   19.80   1.257   0.63 0.188189000
292.166667 292.208333   40.166   20.13   43.000   21.55   38.570   19.33   1.377   0.69 0.189188000
292.208333 292.250000   42.381   21.24   46.212   23.16   39.049   19.57   2.434   1.22 0.189188000
292.250000 292.291667   42.301   21.20   44.257   22.18   39.687   19.89   1.397   0.70 0.189188000
292.291667 292.333333   44.855   22.48   47.290   23.70   43.000   21.55   1.596   0.80 0.189000000
292.333333 292.375000   49.285   24.70   50.422   25.27   46.372   23.24   1.117   0.56 0.188189000
292.375000 292.416667   54.772   27.45   64.270   32.21   47.030   23.57   7.522   3.77 0.188189000
292.416667 292.458333   65.028   32.59   66.864   33.51   63.193   31.67   1.297   0.65 0.000000000
292.458333 292.500000   57.147   28.64   63.552   31.85   51.719   25.92   4.051   2.03 0.000000000
292.500000 292.541667   54.493   27.31   57.386   28.76   51.959   26.04   1.816   0.91 0.000000000
292.541667 292.583333   54.972   27.55   56.488   28.31   53.794   26.96   0.958   0.48 0.000000000
292.583333 292.625000   54.393   27.26   56.688   28.41   53.156   26.64   0.978   0.49 0.000000000
292.625000 292.666667   56.628   28.38   59.182   29.66   55.351   27.74   1.337   0.67 0.000000000
292.666667 292.708333   54.772   27.45   55.810   27.97   53.695   26.91   0.678   0.34 0.000000000
292.708333 292.750000   52.877   26.50   54.094   27.11   50.662   25.39   1.357   0.68 0.189000000
292.750000 292.791667   57.047   28.59   62.175   31.16   54.293   27.21   2.055   1.03 0.189000000
292.791667 292.833333   58.982   29.56   63.951   32.05   56.728   28.43   2.155   1.08 0.189000000
292.833333 292.875000   56.289   28.21   57.346   28.74   55.311   27.72   0.838   0.42 0.189000000
292.875000 292.916667   56.927   28.53   57.665   28.90   55.750   27.94   0.599   0.30 0.189000000
292.916667 292.958333   57.147   28.64   58.005   29.07   56.049   28.09   0.579   0.29 0.189000000
292.958333 293.000000   56.289   28.21   56.947   28.54   54.812   27.47   0.639   0.32 0.189000000
293.000000 293.041667   53.974   27.05   55.530   27.83   52.857   26.49   0.918   0.46 0.189000000
293.041667 293.083333   53.974   27.05   55.171   27.65   53.355   26.74   0.499   0.25 0.189000000
293.083333 293.125000   57.226   28.68   58.563   29.35   55.071   27.60   1.137   0.57 0.189000000
293.125000 293.166667   57.466   28.80   58.084   29.11   57.226   28.68   0.259   0.13 0.189000000
293.166667 293.208333   58.523   29.33   59.741   29.94   57.606   28.87   0.798   0.40 0.189000000
293.208333 293.250000   59.222   29.68   60.459   30.30   57.386   28.76   0.938   0.47 0.000000000
293.250000 293.291667   59.481   29.81   60.818   30.48   58.723   29.43   0.738   0.37 0.000000000
293.291667 293.333333   61.077   30.61   62.833   31.49   59.860   30.00   1.077   0.54 0.000000000
