ozone_datasets/Ebas_221019_1549/US1200R.20160101000000.20181119131618.uv_abs.ozone.air.1y.1h.US06L_Thermo_49C_MLO.US06L_AM.lev2.nas
86 1001
McClure-Begley, Audra; Petropavlovskikh, Irina
US06L, National Oceanic and Atmospheric Administration, NOAA/ESRL/GMD, "Earth System Research Laboratory, Global Monitoring Division", 325 Broadway, , CO 80305-3, Boulder, U.S.A.
McClure-Begley, Audra
GAW-WDCRG NOAA-ESRL
1 1
2016 01 01 2018 11 19
0.041667
days from file reference point
10
1 1 1 1 1 1 1 1 1 1
999.999999 9999.999 999.99 9999.999 999.99 9999.999 999.99 999.999 999.99 9.999999999999999
end_time of measurement, days from the file reference point
ozone, ug/m3, Statistics=arithmetic mean, Volume std. temperature=293.15 K, Volume std. pressure=1013.25 hPa, Detection limit=1.995 ug/m3, Measurement uncertainty=1.995 ug/m3, Measurement uncertainty expl.=includes statistical uncertainty of individual sample and calibration uncertainty, "Comment=Data converted on import into EBAS from 'nmol/mol' to 'ug/m3' at 293.15 K, 1013.25 hPa, conversion factor 1.99534."
ozone, nmol/mol, Statistics=arithmetic mean, Detection limit=1.0 nmol/mol, Measurement uncertainty=1.0 nmol/mol, Measurement uncertainty expl.=includes statistical uncertainty of individual sample and calibration uncertainty, "Comment=Data converted on import into EBAS from 'nmol/mol' to 'ug/m3' at 293.15 K, 1013.25 hPa, conversion factor 1.99534. -- Data converted on export from EBAS from 'ug/m3' at 293.15 K, 1013.25 hPa to 'nmol/mol', conversion factor 0.5012. Measurement uncertainty converted from '1.995 ug/m3' at 293.15 K, 1013.25 hPa to '1.0 nmol/mol', conversion factor 0.5012. Detection limit converted from '1.995 ug/m3' at 293.15 K, 1013.25 hPa to '1.0 nmol/mol', conversion factor 0.5012."
ozone, ug/m3, Statistics=maximum, Volume std. temperature=293.15 K, Volume std. pressure=1013.25 hPa, Detection limit=1.995 ug/m3, "Comment=Data converted on import into EBAS from 'nmol/mol' to 'ug/m3' at 293.15 K, 1013.25 hPa, conversion factor 1.99534. Detection limit converted from '1.0 nmol/mol' to '1.995 ug/m3' at 293.15 K, 1013.25 hPa, conversion factor 1.99534."
ozone, nmol/mol, Statistics=maximum, Detection limit=1.0 nmol/mol, "Comment=Data converted on import into EBAS from 'nmol/mol' to 'ug/m3' at 293.15 K, 1013.25 hPa, conversion factor 1.99534. Detection limit converted from '1.0 nmol/mol' to '1.995 ug/m3' at 293.15 K, 1013.25 hPa, conversion factor 1.99534. -- Data converted on export from EBAS from 'ug/m3' at 293.15 K, 1013.25 hPa to 'nmol/mol', conversion factor 0.5012. Detection limit converted from '1.995 ug/m3' at 293.15 K, 1013.25 hPa to '1.0 nmol/mol', conversion factor 0.5012."
ozone, ug/m3, Statistics=minimum, Volume std. temperature=293.15 K, Volume std. pressure=1013.25 hPa, Detection limit=1.995 ug/m3, "Comment=Data converted on import into EBAS from 'nmol/mol' to 'ug/m3' at 293.15 K, 1013.25 hPa, conversion factor 1.99534. Detection limit converted from '1.0 nmol/mol' to '1.995 ug/m3' at 293.15 K, 1013.25 hPa, conversion factor 1.99534."
[...]
Inlet type:                   Hat or hood
Inlet description:            Downward Facing, teflon inlet bell
Inlet tube material:          Teflon
Inlet tube outer diameter:    6.35 mm
Inlet tube inner diameter:    4.76 mm
Inlet tube length:            7.0 m
Flow rate:                    1.0 l/min
Humidity/temperature control description: Automatic
Zero/negative values code:    Zero/negative possible
Zero/negative values:         Zero and neg. values may appear due to statistical variations at very low concentrations
Absorption cross section:     Hearn, 1961 cm2
QA1 measure ID:               US06L_reference_calibration_20070630
QA1 date:                     20100101
QA1 outcome:                  pass
Originator:                   "McClure-Begley, Audra, Audra.mcclure@noaa.gov, National Oceanic and Atmospheric Administration/Earth System Research Laboratory/Global Monitoring Division, NOAA/ESRL/GMD, , 325 Broadway, , 80305, ""Boulder, CO"", USA"
Originator:                   "Petropavlovskikh, Irina, Irina.petro@noaa.gov, National Oceanic and Atmospheric Administration/Earth System Research Laboratory/Global Monitoring Division, NOAA/ESRL/GMD, , 325 Broadway, , 80305, ""Boulder, CO"", USA"
Submitter:                    "McClure-Begley, Audra, Audra.mcclure@noaa.gov, National Oceanic and Atmospheric Administration/Earth System Research Laboratory/Global Monitoring Division, NOAA/ESRL/GMD, , 325 Broadway, , 80305, ""Boulder, CO"", USA"
Acknowledgement:              "Request Acknowledgement details from data originator. http://dx.doi.org/10.7289/V57P8WBF"
starttime endtime O3 O3 O3 O3 O3 O3 O3 O3 flag
[from data line 8544]
356.000000 356.041667   63.372  31.76   67.024  33.59   58.563  29.35   3.133   1.57 0.189000000000000
356.041667 356.083333   60.100  30.12   65.786  32.97   52.318  26.22   4.490   2.25 0.189000000000000
356.083333 356.125000   57.825  28.98   67.562  33.86   51.300  25.71   5.308   2.66 0.189000000000000
356.125000 356.166667   44.217  22.16   46.132  23.12   42.481  21.29   1.137   0.57 0.000000000000000
356.166667 356.208333   43.977  22.04   45.274  22.69   43.339  21.72   0.499   0.25 0.000000000000000
356.208333 356.250000   42.481  21.29   42.800  21.45   42.182  21.14   0.200   0.10 0.000000000000000
356.250000 356.291667   45.893  23.00   49.485  24.80   42.860  21.48   1.856   0.93 0.000000000000000
356.291667 356.333333   58.783  29.46   82.607  41.40   46.332  23.22  11.792   5.91 0.000000000000000
356.333333 356.375000   79.195  39.69   84.144  42.17   76.202  38.19   2.295   1.15 0.000000000000000
356.375000 356.416667   75.683  37.93   90.030  45.12   67.223  33.69   6.704   3.36 0.394000000000000
356.416667 356.458333   99.488  49.86  102.381  51.31   96.774  48.50   2.035   1.02 0.000000000000000
356.458333 356.500000  101.563  50.90  104.875  52.56   98.610  49.42   1.995   1.00 0.000000000000000
356.500000 356.541667   95.058  47.64  100.326  50.28   89.651  44.93   3.193   1.60 0.000000000000000
356.541667 356.583333   78.597  39.39   84.822  42.51   72.032  36.10   3.252   1.63 0.000000000000000
356.583333 356.625000   63.193  31.67   66.924  33.54   60.080  30.11   2.035   1.02 0.000000000000000
356.625000 356.666667   83.086  41.64  102.461  51.35   58.164  29.15  16.282   8.16 0.000000000000000
356.666667 356.708333   89.830  45.02   96.195  48.21   81.250  40.72   5.168   2.59 0.000000000000000
356.708333 356.750000   79.275  39.73   84.323  42.26   73.309  36.74   4.051   2.03 0.000000000000000
356.750000 356.791667   82.228  41.21   85.680  42.94   77.479  38.83   2.574   1.29 0.000000000000000
356.791667 356.833333   83.725  41.96   91.167  45.69   77.160  38.67   5.387   2.70 0.392000000000000
356.833333 356.875000 9999.999 999.99 9999.999 999.99 9999.999 999.99 999.999 999.99 0.999000000000000
356.875000 356.916667   99.588  49.91  100.885  50.56   98.131  49.18   0.898   0.45 0.394000000000000
356.916667 356.958333   97.213  48.72   98.251  49.24   95.238  47.73   0.858   0.43 0.000000000000000
356.958333 357.000000   95.318  47.77   97.053  48.64   93.083  46.65   1.257   0.63 0.000000000000000
357.000000 357.041667   97.472  48.85   98.989  49.61   96.036  48.13   0.998   0.50 0.000000000000000
357.041667 357.083333   99.887  50.06  101.224  50.73   98.311  49.27   0.958   0.48 0.000000000000000
357.083333 357.125000  102.381  51.31  104.676  52.46   99.169  49.70   1.896   0.95 0.000000000000000
357.125000 357.166667   98.829  49.53  101.623  50.93   96.136  48.18   1.437   0.72 0.000000000000000
357.166667 357.208333   93.781  47.00   95.836  48.03   92.025  46.12   1.337   0.67 0.000000000000000
357.208333 357.250000   96.754  48.49   99.089  49.66   96.076  48.15   0.898   0.45 0.000000000000000
357.250000 357.291667   97.832  49.03   98.969  49.60   96.794  48.51   0.619   0.31 0.000000000000000
357.291667 357.333333   96.614  48.42   98.470  49.35   94.958  47.59   1.077   0.54 0.000000000000000
357.333333 357.375000   95.497  47.86   98.390  49.31   93.003  46.61   1.856   0.93 0.000000000000000
357.375000 357.416667   94.739  47.48   98.051  49.14   92.803  46.51   1.497   0.75 0.000000000000000
357.416667 357.458333   98.530  49.38   99.727  49.98   97.692  48.96   0.579   0.29 0.000000000000000
357.458333 357.500000   97.772  49.00   98.590  49.41   96.694  48.46   0.519   0.26 0.000000000000000
357.500000 357.541667   95.038  47.63   96.694  48.46   92.524  46.37   1.317   0.66 0.000000000000000
357.541667 357.583333   87.975  44.09   95.717  47.97   76.701  38.44   7.562   3.79 0.000000000000000
357.583333 357.625000   85.241  42.72   90.489  45.35   78.197  39.19   3.572   1.79 0.000000000000000
357.625000 357.666667   66.106  33.13   74.307  37.24   55.670  27.90   6.425   3.22 0.000000000000000
357.666667 357.708333   74.865  37.52   85.421  42.81   60.259  30.20   7.163   3.59 0.000000000000000
357.708333 357.750000   69.458  34.81   79.514  39.85   59.820  29.98   7.143   3.58 0.000000000000000
357.750000 357.791667   63.292  31.72   67.921  34.04   54.952  27.54   4.310   2.16 0.000000000000000
357.791667 357.833333   61.277  30.71   64.809  32.48   54.333  27.23   2.973   1.49 0.394000000000000
357.833333 357.875000   59.681  29.91   66.225  33.19   54.094  27.11   4.130   2.07 0.000000000000000
357.875000 357.916667   74.925  37.55   81.011  40.60   63.711  31.93   5.148   2.58 0.000000000000000
357.916667 357.958333   84.323  42.26   88.194  44.20   82.128  41.16   1.497   0.75 0.000000000000000
357.958333 358.000000   81.909  41.05   84.283  42.24   74.327  37.25   2.674   1.34 0.000000000000000
358.000000 358.041667   81.789  40.99   83.605  41.90   80.313  40.25   1.058   0.53 0.000000000000000
358.041667 358.083333   80.372  40.28   82.847  41.52   77.998  39.09   1.377   0.69 0.000000000000000
358.083333 358.125000   77.838  39.01   84.662  42.43   74.446  37.31   3.352   1.68 0.000000000000000
358.125000 358.166667   74.945  37.56   76.182  38.18   74.207  37.19   0.798   0.40 0.000000000000000
358.166667 358.208333   72.770  36.47   73.728  36.95   71.952  36.06   0.539   0.27 0.000000000000000
358.208333 358.250000   71.034  35.60   72.152  36.16   70.116  35.14   0.639   0.32 0.000000000000000
358.250000 358.291667   71.234  35.70   72.471  36.32   69.338  34.75   0.958   0.48 0.000000000000000
358.291667 358.333333   71.653  35.91   75.444  37.81   69.258  34.71   1.696   0.85 0.000000000000000
358.333333 358.375000   67.004  33.58   68.899  34.53   64.948  32.55   1.257   0.63 0.000000000000000
358.375000 358.416667   65.946  33.05   67.303  33.73   64.410  32.28   0.898   0.45 0.000000000000000
358.416667 358.458333   69.258  34.71   72.770  36.47   66.624  33.39   1.716   0.86 0.000000000000000
358.458333 358.500000   68.081  34.12   75.883  38.03   64.928  32.54   3.033   1.52 0.000000000000000
358.500000 358.541667   75.404  37.79   76.681  38.43   72.970  36.57   1.337   0.67 0.000000000000000
358.541667 358.583333   70.974  35.57   75.943  38.06   65.228  32.69   4.210   2.11 0.000000000000000
358.583333 358.625000   68.360  34.26   77.559  38.87   66.585  33.37   2.973   1.49 0.000000000000000
358.625000 358.666667   71.713  35.94   75.703  37.94   67.522  33.84   2.534   1.27 0.000000000000000
358.666667 358.708333   81.689  40.94   84.283  42.24   78.297  39.24   1.696   0.85 0.000000000000000
358.708333 358.750000   82.667  41.43   83.405  41.80   80.951  40.57   0.738   0.37 0.000000000000000
358.750000 358.791667   81.570  40.88   83.345  41.77   80.652  40.42   0.858   0.43 0.000000000000000
358.791667 358.833333   80.811  40.50   84.982  42.59   75.643  37.91   2.813   1.41 0.188189000000000
358.833333 358.875000   75.683  37.93   80.332  40.26   71.753  35.96   2.933   1.47 0.189188000000000
358.875000 358.916667   66.824  33.49   69.258  34.71   64.230  32.19   1.297   0.65 0.189188000000000
358.916667 358.958333   70.156  35.16   81.809  41.00   66.445  33.30   4.849   2.43 0.189000000000000
358.958333 359.000000   72.012  36.09   77.459  38.82   65.308  32.73   4.170   2.09 0.189000000000000
359.000000 359.041667   77.918  39.05   84.982  42.59   68.999  34.58   5.487   2.75 0.189000000000000
359.041667 359.083333   79.854  40.02   85.760  42.98   75.085  37.63   4.070   2.04 0.188189000000000
359.083333 359.125000   89.751  44.98   93.322  46.77   84.343  42.27   3.412   1.71 0.189000000000000
359.125000 359.166667   95.737  47.98   97.273  48.75   93.981  47.10   0.978   0.49 0.000000000000000
359.166667 359.208333   97.772  49.00   98.490  49.36   96.515  48.37   0.559   0.28 0.000000000000000
359.208333 359.250000   94.978  47.60   95.577  47.90   94.041  47.13   0.519   0.26 0.000000000000000
359.250000 359.291667   94.001  47.11   94.579  47.40   93.542  46.88   0.299   0.15 0.000000000000000
359.291667 359.333333   93.342  46.78   93.522  46.87   93.023  46.62   0.160   0.08 0.000000000000000
359.333333 359.375000   92.464  46.34   93.342  46.78   91.866  46.04   0.479   0.24 0.000000000000000
359.375000 359.416667   91.347  45.78   91.846  46.03   91.008  45.61   0.259   0.13 0.000000000000000
359.416667 359.458333   90.828  45.52   91.207  45.71   90.209  45.21   0.279   0.14 0.000000000000000
359.458333 359.500000   90.868  45.54   91.945  46.08   89.731  44.97   0.738   0.37 0.000000000000000
359.500000 359.541667   90.868  45.54   91.626  45.92   90.509  45.36   0.359   0.18 0.000000000000000
359.541667 359.583333   90.868  45.54   91.207  45.71   90.489  45.35   0.259   0.13 0.000000000000000
359.583333 359.625000   87.196  43.70   89.411  44.81   84.782  42.49   1.736   0.87 0.000000000000000
359.625000 359.666667   82.009  41.10   84.463  42.33   79.315  39.75   1.636   0.82 0.000000000000000
359.666667 359.708333   77.399  38.79   78.377  39.28   76.601  38.39   0.579   0.29 0.000000000000000
359.708333 359.750000   78.756  39.47   80.253  40.22   76.481  38.33   1.097   0.55 0.000000000000000
359.750000 359.791667   79.554  39.87   80.652  40.42   78.197  39.19   0.658   0.33 0.394000000000000
359.791667 359.833333   78.098  39.14   81.949  41.07   74.865  37.52   2.215   1.11 0.000000000000000
359.833333 359.875000   74.147  37.16   76.541  38.36   71.832  36.00   1.377   0.69 0.000000000000000
359.875000 359.916667   71.932  36.05   73.588  36.88   70.575  35.37   1.197   0.60 0.000000000000000
359.916667 359.958333   72.571  36.37   75.544  37.86   70.196  35.18   1.477   0.74 0.000000000000000
359.958333 360.000000   74.746  37.46   76.920  38.55   72.990  36.58   1.177   0.59 0.000000000000000
360.000000 360.041667   74.965  37.57   78.557  39.37   72.551  36.36   1.916   0.96 0.000000000000000
360.041667 360.083333   72.291  36.23   74.706  37.44   68.500  34.33   1.696   0.85 0.000000000000000
360.083333 360.125000   74.805  37.49   77.120  38.65   72.551  36.36   1.397   0.70 0.000000000000000
360.125000 360.166667   72.830  36.50   76.322  38.25   69.498  34.83   1.995   1.00 0.000000000000000
360.166667 360.208333   71.014  35.59   72.231  36.20   69.917  35.04   0.639   0.32 0.000000000000000
360.208333 360.250000   70.815  35.49   71.832  36.00   70.216  35.19   0.479   0.24 0.000000000000000
360.250000 360.291667   65.367  32.76   69.258  34.71   62.973  31.56   1.736   0.87 0.000000000000000
360.291667 360.333333   64.789  32.47   65.826  32.99   62.195  31.17   1.018   0.51 0.000000000000000
360.333333 360.375000   63.991  32.07   65.068  32.61   62.813  31.48   0.698   0.35 0.000000000000000
360.375000 360.416667   61.876  31.01   62.953  31.55   60.219  30.18   0.878   0.44 0.000000000000000
360.416667 360.458333   62.454  31.30   64.988  32.57   60.379  30.26   1.397   0.70 0.000000000000000
360.458333 360.500000   80.233  40.21   97.991  49.11   68.141  34.15  11.972   6.00 0.000000000000000
360.500000 360.541667  100.964  50.60  102.620  51.43   96.555  48.39   1.556   0.78 0.000000000000000
360.541667 360.583333   98.829  49.53  100.525  50.38   96.575  48.40   1.337   0.67 0.000000000000000
360.583333 360.625000   95.318  47.77   96.156  48.19   92.444  46.33   0.998   0.50 0.000000000000000
360.625000 360.666667   92.165  46.19   94.619  47.42   90.449  45.33   1.257   0.63 0.000000000000000
360.666667 360.708333   80.033  40.11   89.312  44.76   73.069  36.62   4.769   2.39 0.394000000000000
360.708333 360.750000   70.515  35.34   73.249  36.71   64.809  32.48   2.414   1.21 0.000000000000000
360.750000 360.791667   63.232  31.69   64.150  32.15   60.439  30.29   1.038   0.52 0.000000000000000
360.791667 360.833333   55.570  27.85   58.583  29.36   51.181  25.65   2.434   1.22 0.000000000000000
360.833333 360.875000   53.495  26.81   55.890  28.01   52.138  26.13   1.117   0.56 0.000000000000000
360.875000 360.916667   56.149  28.14   63.671  31.91   50.123  25.12   4.070   2.04 0.000000000000000
360.916667 360.958333   61.117  30.63   67.862  34.01   54.533  27.33   4.310   2.16 0.000000000000000
360.958333 361.000000   67.902  34.03   70.436  35.30   63.552  31.85   1.995   1.00 0.000000000000000
361.000000 361.041667   70.855  35.51   78.277  39.23   64.150  32.15   4.290   2.15 0.000000000000000
361.041667 361.083333   70.376  35.27   74.506  37.34   67.063  33.61   2.075   1.04 0.000000000000000
361.083333 361.125000   69.438  34.80   76.422  38.30   64.629  32.39   3.811   1.91 0.000000000000000
361.125000 361.166667   67.123  33.64   75.444  37.81   63.252  31.70   3.971   1.99 0.000000000000000
361.166667 361.208333   66.864  33.51   76.322  38.25   62.873  31.51   4.470   2.24 0.000000000000000
361.208333 361.250000   79.455  39.82   82.827  41.51   74.925  37.55   2.534   1.27 0.000000000000000
361.250000 361.291667   85.820  43.01  103.059  51.65   76.581  38.38   8.321   4.17 0.000000000000000
361.291667 361.333333  101.583  50.91  105.813  53.03   98.730  49.48   2.275   1.14 0.000000000000000
361.333333 361.375000  100.665  50.45  102.780  51.51   96.375  48.30   1.776   0.89 0.000000000000000
361.375000 361.416667   97.931  49.08  101.922  51.08   95.377  47.80   1.955   0.98 0.000000000000000
361.416667 361.458333   98.590  49.41  103.279  51.76   92.245  46.23   3.632   1.82 0.000000000000000
361.458333 361.500000   97.373  48.80  104.317  52.28   94.220  47.22   3.372   1.69 0.000000000000000
361.500000 361.541667  107.729  53.99  111.141  55.70  101.044  50.64   3.073   1.54 0.000000000000000
361.541667 361.583333  109.225  54.74  114.772  57.52  103.279  51.76   3.931   1.97 0.000000000000000
361.583333 361.625000  110.043  55.15  112.178  56.22  106.551  53.40   1.876   0.94 0.000000000000000
361.625000 361.666667  108.227  54.24  110.801  55.53  105.434  52.84   1.776   0.89 0.000000000000000
361.666667 361.708333  108.068  54.16  111.280  55.77  104.855  52.55   1.975   0.99 0.000000000000000
361.708333 361.750000  110.382  55.32  111.939  56.10  107.489  53.87   1.257   0.63 0.000000000000000
361.750000 361.791667  111.320  55.79  112.298  56.28  109.923  55.09   0.718   0.36 0.000000000000000
361.791667 361.833333  108.986  54.62  109.864  55.06  107.768  54.01   0.818   0.41 0.392000000000000
361.833333 361.875000 9999.999 999.99 9999.999 999.99 9999.999 999.99 999.999 999.99 0.999000000000000
361.875000 361.916667  105.454  52.85  107.150  53.70  100.446  50.34   2.135   1.07 0.392000000000000
361.916667 361.958333   96.455  48.34  101.583  50.91   88.873  44.54   3.831   1.92 0.000000000000000
361.958333 362.000000   86.059  43.13   90.688  45.45   81.330  40.76   3.352   1.68 0.000000000000000
362.000000 362.041667   80.712  40.45   83.266  41.73   78.237  39.21   1.676   0.84 0.189000000000000
362.041667 362.083333   82.687  41.44   86.398  43.30   78.078  39.13   2.893   1.45 0.189000000000000
362.083333 362.125000   83.485  41.84   88.414  44.31   81.190  40.69   2.115   1.06 0.000000000000000
362.125000 362.166667   83.365  41.78   85.441  42.82   79.335  39.76   1.716   0.86 0.188189000000000
362.166667 362.208333   85.959  43.08   90.828  45.52   81.909  41.05   3.113   1.56 0.188189000000000
362.208333 362.250000   81.649  40.92   87.576  43.89   76.801  38.49   3.731   1.87 0.188189000000000
362.250000 362.291667   90.549  45.38   98.410  49.32   85.022  42.61   5.148   2.58 0.000000000000000
362.291667 362.333333   89.391  44.80   95.158  47.69   85.141  42.67   3.073   1.54 0.000000000000000
362.333333 362.375000   84.323  42.26   85.381  42.79   82.966  41.58   0.858   0.43 0.000000000000000
362.375000 362.416667   81.849  41.02   85.301  42.75   79.993  40.09   1.876   0.94 0.000000000000000
362.416667 362.458333   78.996  39.59   79.574  39.88   78.078  39.13   0.499   0.25 0.000000000000000
