ozone_datasets/Ebas_221019_1549/US1200R.20140101000000.20180129171638.uv_abs.ozone.air.1y.1h.US06L_Thermo_49C_MLO.US06L_AM.lev2.nas
86 1001
McClure-Begley, Audra; Petropavlovskikh, Irina
US06L, National Oceanic and Atmospheric Administration, NOAA/ESRL/GMD, "Earth System Research Laboratory, Global Monitoring Division", 325 Broadway, , CO 80305-3, Boulder, U.S.A.
McClure-Begley, Audra
GAW-WDCRG NOAA-ESRL
1 1
2014 01 01 2018 01 29
0.041667
days from file reference point
10
1 1 1 1 1 1 1 1 1 1
999.999999 9999.999 999.99 9999.999 999.99 9999.999 999.99 999.999 999.99 9.999999999999999
end_time of measurement, days from the file reference point
ozone, ug/m3, Statistics=arithmetic mean, Volume std. temperature=293.15 K, Volume std. pressure=1013.25 hPa, Detection limit=1.995 ug/m3, Measurement uncertainty=1.995 ug/m3, Measurement uncertainty expl.=includes statistical uncertainty of individual sample and calibration uncertainty, "Comment=Data converted on import into EBAS from 'nmol/mol' to 'ug/m3' at 293.15 K, 1013.25 hPa, conversion factor 1.99534."
ozone, nmol/mol, Statistics=arithmetic mean, Detection limit=1.0 nmol/mol, Measurement uncertainty=1.0 nmol/mol, Measurement uncertainty expl.=includes statistical uncertainty of individual sample and calibration uncertainty, "Comment=Data converted on import into EBAS from 'nmol/mol' to 'ug/m3' at 293.15 K, 1013.25 hPa, conversion factor 1.99534. -- Data converted on export from EBAS from 'ug/m3' at 293.15 K, 1013.25 hPa to 'nmol/mol', conversion factor 0.5012. Measurement uncertainty converted from '1.995 ug/m3' at 293.15 K, 1013.25 hPa to '1.0 nmol/mol', conversion factor 0.5012. Detection limit converted from '1.995 ug/m3' at 293.15 K, 1013.25 hPa to '1.0 nmol/mol', conversion factor 0.5012."
ozone, ug/m3, Statistics=maximum, Volume std. temperature=293.15 K, Volume std. pressure=1013.25 hPa, Detection limit=1.995 ug/m3, "Comment=Data converted on import into EBAS from 'nmol/mol' to 'ug/m3' at 293.15 K, 1013.25 hPa, conversion factor 1.99534. Detection limit converted from '1.0 nmol/mol' to '1.995 ug/m3' at 293.15 K, 1013.25 hPa, conversion factor 1.99534."
ozone, nmol/mol, Statistics=maximum, Detection limit=1.0 nmol/mol, "Comment=Data converted on import into EBAS from 'nmol/mol' to 'ug/m3' at 293.15 K, 1013.25 hPa, conversion factor 1.99534. Detection limit converted from '1.0 nmol/mol' to '1.995 ug/m3' at 293.15 K, 1013.25 hPa, conversion factor 1.99534. -- Data converted on export from EBAS from 'ug/m3' at 293.15 K, 1013.25 hPa to 'nmol/mol', conversion factor 0.5012. Detection limit converted from '1.995 ug/m3' at 293.15 K, 1013.25 hPa to '1.0 nmol/mol', conversion factor 0.5012."
ozone, ug/m3, Statistics=minimum, Volume std. temperature=293.15 K, Volume std. pressure=1013.25 hPa, Detection limit=1.995 ug/m3, "Comment=Data converted on import into EBAS from 'nmol/mol' to 'ug/m3' at 293.15 K, 1013.25 hPa, conversion factor 1.99534. Detection limit converted from '1.0 nmol/mol' to '1.995 ug/m3' at 293.15 K, 1013.25 hPa, conversion factor 1.99534."
[...]
Inlet type:                   Hat or hood
Inlet description:            Downward Facing, teflon inlet bell
Inlet tube material:          Teflon
Inlet tube outer diameter:    6.35 mm
Inlet tube inner diameter:    4.76 mm
Inlet tube length:            7.0 m
Flow rate:                    1.0 l/min
Humidity/temperature control description: Automatic
Zero/negative values code:    Zero/negative possible
Zero/negative values:         Zero and neg. values may appear due to statistical variations at very low concentrations
Absorption cross section:     Hearn, 1961 cm2
QA1 measure ID:               US06L_reference_calibration_20070630
QA1 date:                     20100101
QA1 outcome:                  pass
Originator:                   "McClure-Begley, Audra, Audra.mcclure@noaa.gov, National Oceanic and Atmospheric Administration/Earth System Research Laboratory/Global Monitoring Division, NOAA/ESRL/GMD, , 325 Broadway, , 80305, ""Boulder, CO"", USA"
Originator:                   "Petropavlovskikh, Irina, Irina.petro@noaa.gov, National Oceanic and Atmospheric Administration/Earth System Research Laboratory/Global Monitoring Division, NOAA/ESRL/GMD, , 325 Broadway, , 80305, ""Boulder, CO"", USA"
Submitter:                    "McClure-Begley, Audra, Audra.mcclure@noaa.gov, National Oceanic and Atmospheric Administration/Earth System Research Laboratory/Global Monitoring Division, NOAA/ESRL/GMD, , 325 Broadway, , 80305, ""Boulder, CO"", USA"
Acknowledgement:              "Request Acknowledgement details from data originator. http://dx.doi.org/10.7289/V57P8WBF"
starttime endtime O3 O3 O3 O3 O3 O3 O3 O3 flag
[from data line 7612]
317.166667 317.208333   19.355   9.70   22.667  11.36   17.599   8.82   1.556   0.78 0.188189000000000
317.208333 317.250000   17.798   8.92   21.111  10.58   14.686   7.36   2.295   1.15 0.189188000000000
317.250000 317.291667   17.719   8.88   18.656   9.35   16.960   8.50   0.559   0.28 0.188189000000000
317.291667 317.333333   16.940   8.49   18.317   9.18   15.364   7.70   0.818   0.41 0.189188000000000
317.333333 317.375000   18.776   9.41   19.574   9.81   17.998   9.02   0.519   0.26 0.188189000000000
317.375000 317.416667   24.842  12.45   36.415  18.25   20.093  10.07   5.826   2.92 0.188000000000000
317.416667 317.458333   34.639  17.36   37.113  18.60   30.968  15.52   1.955   0.98 0.000000000000000
317.458333 317.500000   29.491  14.78   33.382  16.73   25.381  12.72   2.335   1.17 0.000000000000000
317.500000 317.541667   29.930  15.00   32.364  16.22   28.134  14.10   1.077   0.54 0.000000000000000
317.541667 317.583333   40.346  20.22   45.514  22.81   33.083  16.58   4.270   2.14 0.000000000000000
317.583333 317.625000   46.671  23.39   48.726  24.42   43.339  21.72   1.676   0.84 0.000000000000000
317.625000 317.666667   53.196  26.66   59.122  29.63   46.152  23.13   3.991   2.00 0.000000000000000
317.666667 317.708333 9999.999 999.99 9999.999 999.99 9999.999 999.99 999.999 999.99 0.456000000000000
317.708333 317.750000 9999.999 999.99 9999.999 999.99 9999.999 999.99 999.999 999.99 0.456000000000000
317.750000 317.791667 9999.999 999.99 9999.999 999.99 9999.999 999.99 999.999 999.99 0.390456000000000
317.791667 317.833333 9999.999 999.99 9999.999 999.99 9999.999 999.99 999.999 999.99 0.999000000000000
317.833333 317.875000 9999.999 999.99 9999.999 999.99 9999.999 999.99 999.999 999.99 0.999000000000000
317.875000 317.916667 9999.999 999.99 9999.999 999.99 9999.999 999.99 999.999 999.99 0.999000000000000
317.916667 317.958333 9999.999 999.99 9999.999 999.99 9999.999 999.99 999.999 999.99 0.999000000000000
317.958333 318.000000   75.344  37.76   78.038  39.11   74.147  37.16   1.596   0.80 0.390189000000000
318.000000 318.041667   79.215  39.70   82.787  41.49   76.621  38.40   1.896   0.95 0.189000000000000
318.041667 318.083333   81.071  40.63   83.126  41.66   75.843  38.01   2.055   1.03 0.189000000000000
318.083333 318.125000   77.659  38.92   83.166  41.68   70.515  35.34   4.909   2.46 0.189000000000000
318.125000 318.166667   77.479  38.83   80.133  40.16   73.808  36.99   2.035   1.02 0.189000000000000
318.166667 318.208333   81.091  40.64   82.468  41.33   80.213  40.20   0.698   0.35 0.000000000000000
318.208333 318.250000   75.264  37.72   77.978  39.08   72.511  36.34   1.556   0.78 0.189000000000000
318.250000 318.291667   75.424  37.80   79.514  39.85   70.336  35.25   3.053   1.53 0.189000000000000
318.291667 318.333333   67.223  33.69   71.992  36.08   64.190  32.17   1.975   0.99 0.000000000000000
318.333333 318.375000   65.707  32.93   70.056  35.11   63.612  31.88   2.155   1.08 0.000000000000000
318.375000 318.416667   70.635  35.40   71.513  35.84   69.478  34.82   0.599   0.30 0.000000000000000
318.416667 318.458333   73.349  36.76   81.490  40.84   69.258  34.71   4.529   2.27 0.000000000000000
318.458333 318.500000   80.273  40.23   82.448  41.32   78.617  39.40   1.257   0.63 0.000000000000000
318.500000 318.541667   70.336  35.25   79.415  39.80   64.230  32.19   4.629   2.32 0.189188000000000
318.541667 318.583333   61.117  30.63   63.352  31.75   59.222  29.68   1.157   0.58 0.188189000000000
318.583333 318.625000   60.040  30.09   61.197  30.67   58.823  29.48   0.639   0.32 0.000000000000000
318.625000 318.666667   58.823  29.48   61.836  30.99   56.887  28.51   1.756   0.88 0.000000000000000
318.666667 318.708333   58.464  29.30   60.698  30.42   56.169  28.15   1.497   0.75 0.000000000000000
318.708333 318.750000   62.414  31.28   64.051  32.10   59.202  29.67   1.417   0.71 0.000000000000000
318.750000 318.791667   56.548  28.34   60.658  30.40   52.039  26.08   2.913   1.46 0.000000000000000
318.791667 318.833333   49.165  24.64   51.181  25.65   45.614  22.86   1.497   0.75 0.000000000000000
318.833333 318.875000   50.183  25.15   51.141  25.63   48.088  24.10   0.798   0.40 0.189000000000000
318.875000 318.916667   49.983  25.05   51.879  26.00   47.469  23.79   1.277   0.64 0.189000000000000
318.916667 318.958333   51.420  25.77   53.256  26.69   49.584  24.85   1.217   0.61 0.189000000000000
318.958333 319.000000   53.016  26.57   59.242  29.69   47.589  23.85   4.290   2.15 0.189000000000000
319.000000 319.041667   58.025  29.08   65.647  32.90   54.034  27.08   3.731   1.87 0.189000000000000
319.041667 319.083333   48.826  24.47   51.320  25.72   46.671  23.39   1.497   0.75 0.189000000000000
319.083333 319.125000   46.671  23.39   56.428  28.28   43.419  21.76   3.432   1.72 0.189000000000000
319.125000 319.166667 9999.999 999.99 9999.999 999.99 9999.999 999.99 999.999 999.99 0.189456000000000
319.166667 319.208333 9999.999 999.99 9999.999 999.99 9999.999 999.99 999.999 999.99 0.456000000000000
319.208333 319.250000 9999.999 999.99 9999.999 999.99 9999.999 999.99 999.999 999.99 0.456000000000000
319.250000 319.291667 9999.999 999.99 9999.999 999.99 9999.999 999.99 999.999 999.99 0.456189000000000
319.291667 319.333333 9999.999 999.99 9999.999 999.99 9999.999 999.99 999.999 999.99 0.456189000000000
319.333333 319.375000   94.679  47.45  106.471  53.36   83.625  41.91   6.844   3.43 0.000000000000000
319.375000 319.416667  109.983  55.12  111.400  55.83  108.806  54.53   0.698   0.35 0.000000000000000
319.416667 319.458333  111.380  55.82  112.477  56.37  110.103  55.18   0.698   0.35 0.189000000000000
319.458333 319.500000  108.926  54.59  110.023  55.14  107.649  53.95   0.718   0.36 0.189000000000000
319.500000 319.541667  104.217  52.23  106.811  53.53  102.022  51.13   1.417   0.71 0.189000000000000
319.541667 319.583333  100.785  50.51  102.581  51.41   99.388  49.81   1.117   0.56 0.189000000000000
319.583333 319.625000  100.685  50.46  101.603  50.92   99.707  49.97   0.519   0.26 0.189000000000000
319.625000 319.666667   98.211  49.22   99.308  49.77   96.495  48.36   0.858   0.43 0.189000000000000
319.666667 319.708333   99.109  49.67  100.645  50.44   96.335  48.28   1.297   0.65 0.189000000000000
319.708333 319.750000   96.096  48.16   98.171  49.20   94.260  47.24   1.337   0.67 0.189188000000000
319.750000 319.791667   98.251  49.24   99.588  49.91   96.495  48.36   0.938   0.47 0.189188000000000
319.791667 319.833333   99.408  49.82  102.780  51.51   97.792  49.01   1.596   0.80 0.189188000000000
319.833333 319.875000   98.530  49.38  100.765  50.50   95.298  47.76   1.696   0.85 0.000000000000000
319.875000 319.916667   87.895  44.05   99.747  49.99   72.491  36.33  10.116   5.07 0.000000000000000
319.916667 319.958333   91.985  46.10   97.213  48.72   86.059  43.13   3.512   1.76 0.000000000000000
319.958333 320.000000   71.972  36.07   85.660  42.93   59.361  29.75   9.857   4.94 0.000000000000000
320.000000 320.041667   55.910  28.02   59.282  29.71   52.936  26.53   1.896   0.95 0.000000000000000
320.041667 320.083333   58.523  29.33   62.614  31.38   53.814  26.97   2.674   1.34 0.000000000000000
320.083333 320.125000   72.431  36.30   99.907  50.07   57.426  28.78  15.165   7.60 0.000000000000000
320.125000 320.166667   85.640  42.92  103.698  51.97   56.588  28.36  18.397   9.22 0.000000000000000
320.166667 320.208333   95.018  47.62   97.393  48.81   92.165  46.19   1.656   0.83 0.000000000000000
320.208333 320.250000   91.866  46.04   92.584  46.40   91.347  45.78   0.359   0.18 0.000000000000000
320.250000 320.291667   90.529  45.37   92.724  46.47   88.992  44.60   1.137   0.57 0.000000000000000
320.291667 320.333333   90.708  45.46   93.043  46.63   88.813  44.51   1.556   0.78 0.000000000000000
320.333333 320.375000   92.823  46.52   94.220  47.22   91.447  45.83   0.958   0.48 0.000000000000000
320.375000 320.416667   93.801  47.01   95.397  47.81   90.409  45.31   1.616   0.81 0.000000000000000
320.416667 320.458333   94.719  47.47   94.998  47.61   94.380  47.30   0.219   0.11 0.000000000000000
320.458333 320.500000   93.322  46.77   93.881  47.05   91.985  46.10   0.499   0.25 0.000000000000000
320.500000 320.541667   93.522  46.87   93.841  47.03   93.242  46.73   0.160   0.08 0.000000000000000
320.541667 320.583333   94.140  47.18   94.619  47.42   93.761  46.99   0.279   0.14 0.000000000000000
320.583333 320.625000   94.380  47.30   94.779  47.50   94.001  47.11   0.239   0.12 0.000000000000000
320.625000 320.666667   94.859  47.54   95.417  47.82   94.360  47.29   0.339   0.17 0.000000000000000
320.666667 320.708333   94.041  47.13   94.699  47.46   92.863  46.54   0.579   0.29 0.000000000000000
320.708333 320.750000   95.497  47.86   96.595  48.41   94.320  47.27   0.658   0.33 0.000000000000000
320.750000 320.791667   97.492  48.86  100.066  50.15   94.639  47.43   2.135   1.07 0.000000000000000
320.791667 320.833333   98.809  49.52  100.845  50.54   96.375  48.30   1.457   0.73 0.000000000000000
320.833333 320.875000   95.397  47.81   96.455  48.34   93.921  47.07   0.678   0.34 0.000000000000000
320.875000 320.916667   91.087  45.65   94.819  47.52   86.758  43.48   3.073   1.54 0.189394000000000
320.916667 320.958333 9999.999 999.99 9999.999 999.99 9999.999 999.99 999.999 999.99 0.999000000000000
320.958333 321.000000 9999.999 999.99 9999.999 999.99 9999.999 999.99 999.999 999.99 0.999000000000000
321.000000 321.041667 9999.999 999.99 9999.999 999.99 9999.999 999.99 999.999 999.99 0.999000000000000
321.041667 321.083333   62.135  31.14   63.811  31.98   60.219  30.18   0.998   0.50 0.189000000000000
321.083333 321.125000   58.324  29.23   61.437  30.79   54.453  27.29   1.955   0.98 0.189000000000000
321.125000 321.166667   49.125  24.62   51.919  26.02   47.110  23.61   1.337   0.67 0.189000000000000
321.166667 321.208333   49.026  24.57   51.779  25.95   47.210  23.66   1.457   0.73 0.189000000000000
321.208333 321.250000   52.497  26.31   53.076  26.60   51.999  26.06   0.379   0.19 0.000000000000000
321.250000 321.291667   50.642  25.38   51.061  25.59   50.263  25.19   0.259   0.13 0.000000000000000
321.291667 321.333333   54.513  27.32   58.563  29.35   51.280  25.70   2.793   1.40 0.000000000000000
321.333333 321.375000   61.057  30.60   66.984  33.57   51.560  25.84   5.308   2.66 0.000000000000000
321.375000 321.416667   63.332  31.74   65.507  32.83   59.780  29.96   1.935   0.97 0.000000000000000
321.416667 321.458333   61.656  30.90   63.472  31.81   59.601  29.87   1.277   0.64 0.000000000000000
321.458333 321.500000   62.394  31.27   63.272  31.71   61.816  30.98   0.359   0.18 0.000000000000000
321.500000 321.541667   60.080  30.11   61.237  30.69   59.102  29.62   0.678   0.34 0.000000000000000
321.541667 321.583333   58.962  29.55   59.820  29.98   57.985  29.06   0.539   0.27 0.000000000000000
321.583333 321.625000   61.117  30.63   61.955  31.05   59.980  30.06   0.539   0.27 0.000000000000000
321.625000 321.666667   61.536  30.84   64.430  32.29   58.583  29.36   2.075   1.04 0.000000000000000
321.666667 321.708333   76.701  38.44   81.490  40.84   64.968  32.56   5.308   2.66 0.000000000000000
321.708333 321.750000   88.334  44.27  100.386  50.31   79.016  39.60   5.747   2.88 0.000000000000000
321.750000 321.791667   98.071  49.15  100.625  50.43   96.355  48.29   1.357   0.68 0.189000000000000
321.791667 321.833333   97.053  48.64   97.532  48.88   96.435  48.33   0.319   0.16 0.189000000000000
321.833333 321.875000   97.313  48.77   99.049  49.64   92.624  46.42   1.736   0.87 0.189000000000000
321.875000 321.916667   93.741  46.98   95.876  48.05   91.486  45.85   1.596   0.80 0.189000000000000
321.916667 321.958333   86.059  43.13   91.447  45.83   82.248  41.22   3.711   1.86 0.189000000000000
321.958333 322.000000   83.605  41.90   84.822  42.51   80.273  40.23   1.217   0.61 0.189000000000000
322.000000 322.041667   80.412  40.30   81.550  40.87   79.255  39.72   0.579   0.29 0.189000000000000
322.041667 322.083333   79.075  39.63   80.752  40.47   76.761  38.47   1.397   0.70 0.189000000000000
322.083333 322.125000   77.918  39.05   81.789  40.99   74.965  37.57   2.414   1.21 0.189000000000000
322.125000 322.166667   78.597  39.39   81.889  41.04   75.344  37.76   1.975   0.99 0.000000000000000
322.166667 322.208333   76.741  38.46   78.636  39.41   74.985  37.58   1.097   0.55 0.000000000000000
322.208333 322.250000   73.169  36.67   74.985  37.58   69.737  34.95   1.377   0.69 0.000000000000000
322.250000 322.291667   65.168  32.66   67.662  33.91   60.918  30.53   1.935   0.97 0.000000000000000
322.291667 322.333333   56.847  28.49   59.102  29.62   54.872  27.50   1.357   0.68 0.000000000000000
322.333333 322.375000   55.032  27.58   56.049  28.09   53.535  26.83   0.758   0.38 0.000000000000000
322.375000 322.416667   55.411  27.77   62.115  31.13   51.919  26.02   3.412   1.71 0.000000000000000
322.416667 322.458333   63.711  31.93   66.904  33.53   59.322  29.73   2.454   1.23 0.000000000000000
322.458333 322.500000   64.230  32.19   75.763  37.97   57.785  28.96   5.767   2.89 0.000000000000000
322.500000 322.541667   62.454  31.30   65.727  32.94   57.346  28.74   3.033   1.52 0.000000000000000
322.541667 322.583333   59.761  29.95   62.175  31.16   56.887  28.51   1.576   0.79 0.000000000000000
322.583333 322.625000   75.005  37.59   92.983  46.60   62.614  31.38   9.238   4.63 0.000000000000000
322.625000 322.666667   91.806  46.01   96.395  48.31   86.638  43.42   3.651   1.83 0.000000000000000
322.666667 322.708333   89.930  45.07   91.706  45.96   87.077  43.64   1.796   0.90 0.000000000000000
322.708333 322.750000   86.837  43.52   88.853  44.53   85.361  42.78   1.137   0.57 0.000000000000000
322.750000 322.791667   91.267  45.74   95.138  47.68   87.416  43.81   2.574   1.29 0.000000000000000
322.791667 322.833333   83.705  41.95   93.721  46.97   61.876  31.01  10.835   5.43 0.000000000000000
322.833333 322.875000   67.223  33.69   71.593  35.88   62.514  31.33   2.734   1.37 0.000000000000000
322.875000 322.916667   68.560  34.36   71.812  35.99   65.527  32.84   1.756   0.88 0.189000000000000
322.916667 322.958333   68.041  34.10   70.994  35.58   65.986  33.07   1.636   0.82 0.189000000000000
322.958333 323.000000   67.283  33.72   69.198  34.68   66.126  33.14   0.998   0.50 0.189000000000000
323.000000 323.041667   66.844  33.50   69.358  34.76   64.988  32.57   1.217   0.61 0.189000000000000
323.041667 323.083333   65.727  32.94   69.238  34.70   62.734  31.44   1.816   0.91 0.189000000000000
323.083333 323.125000   64.011  32.08   66.305  33.23   62.215  31.18   1.097   0.55 0.000000000000000
323.125000 323.166667   65.587  32.87   66.285  33.22   64.689  32.42   0.559   0.28 0.000000000000000
323.166667 323.208333   64.669  32.41   65.427  32.79   62.833  31.49   0.678   0.34 0.000000000000000
323.208333 323.250000   62.714  31.43   63.073  31.61   61.696  30.92   0.379   0.19 0.000000000000000
323.250000 323.291667   61.137  30.64   62.354  31.25   59.381  29.76   0.978   0.49 0.000000000000000
323.291667 323.333333   60.140  30.14   61.057  30.60   58.922  29.53   0.658   0.33 0.000000000000000
323.333333 323.375000   56.149  28.14   58.384  29.26   53.994  27.06   1.656   0.83 0.000000000000000
323.375000 323.416667   53.495  26.81   56.309  28.22   52.318  26.22   1.277   0.64 0.000000000000000
323.416667 323.458333   56.448  28.29   59.880  30.01   53.256  26.69   2.115   1.06 0.000000000000000
323.458333 323.500000   62.694  31.42   66.285  33.22   59.461  29.80   2.594   1.30 0.000000000000000
323.500000 323.541667   67.562  33.86   69.857  35.01   65.627  32.89   1.257   0.63 0.000000000000000
323.541667 323.583333   64.270  32.21   67.862  34.01   59.441  29.79   3.153   1.58 0.000000000000000
