ozone_datasets/Ebas_221019_1549/US1200R.20150101000000.20180102202851.uv_abs.ozone.air.17w.1h.US06L_Thermo_49C_MLO.US06L_AM.lev2.nas
81 1001
McClure-Begley, Audra; Petropavlovskikh, Irina
US06L, National Oceanic and Atmospheric Administration, NOAA/ESRL/GMD, "Earth System Research Laboratory, Global Monitoring Division", 325 Broadway, , CO 80305-3, Boulder, U.S.A.
McClure-Begley, Audra
GAW-WDCRG NOAA-ESRL
1 1
2015 01 01 2018 01 02
0.041667
days from file reference point
10
1 1 1 1 1 1 1 1 1 1
999.999999 9999.999 999.99 9999.999 999.99 9999.999 999.99 999.999 999.99 9.999999999999999
end_time of measurement, days from the file reference point
ozone, ug/m3, Statistics=arithmetic mean, Volume std. temperature=293.15 K, Volume std. pressure=1013.25 hPa, Detection limit=1.995 ug/m3, Measurement uncertainty=1.995 ug/m3, Measurement uncertainty expl.=includes statistical uncertainty of individual sample and calibration uncertainty, "Comment=Data converted on import into EBAS from 'nmol/mol' to 'ug/m3' at 293.15 K, 1013.25 hPa, conversion factor 1.99534."
ozone, nmol/mol, Statistics=arithmetic mean, Detection limit=1.0 nmol/mol, Measurement uncertainty=1.0 nmol/mol, Measurement uncertainty expl.=includes statistical uncertainty of individual sample and calibration uncertainty, "Comment=Data converted on import into EBAS from 'nmol/mol' to 'ug/m3' at 293.15 K, 1013.25 hPa, conversion factor 1.99534. -- Data converted on export from EBAS from 'ug/m3' at 293.15 K, 1013.25 hPa to 'nmol/mol', conversion factor 0.5012. Measurement uncertainty converted from '1.995 ug/m3' at 293.15 K, 1013.25 hPa to '1.0 nmol/mol', conversion factor 0.5012. Detection limit converted from '1.995 ug/m3' at 293.15 K, 1013.25 hPa to '1.0 nmol/mol', conversion factor 0.5012."
ozone, ug/m3, Statistics=maximum, Volume std. temperature=293.15 K, Volume std. pressure=1013.25 hPa, Detection limit=1.995 ug/m3, "Comment=Data converted on import into EBAS from 'nmol/mol' to 'ug/m3' at 293.15 K, 1013.25 hPa, conversion factor 1.99534. Detection limit converted from '1.0 nmol/mol' to '1.995 ug/m3' at 293.15 K, 1013.25 hPa, conversion factor 1.99534."
ozone, nmol/mol, Statistics=maximum, Detection limit=1.0 nmol/mol, "Comment=Data converted on import into EBAS from 'nmol/mol' to 'ug/m3' at 293.15 K, 1013.25 hPa, conversion factor 1.99534. Detection limit converted from '1.0 nmol/mol' to '1.995 ug/m3' at 293.15 K, 1013.25 hPa, conversion factor 1.99534. -- Data converted on export from EBAS from 'ug/m3' at 293.15 K, 1013.25 hPa to 'nmol/mol', conversion factor 0.5012. Detection limit converted from '1.995 ug/m3' at 293.15 K, 1013.25 hPa to '1.0 nmol/mol', conversion factor 0.5012."
ozone, ug/m3, Statistics=minimum, Volume std. temperature=293.15 K, Volume std. pressure=1013.25 hPa, Detection limit=1.995 ug/m3, "Comment=Data converted on import into EBAS from 'nmol/mol' to 'ug/m3' at 293.15 K, 1013.25 hPa, conversion factor 1.99534. Detection limit converted from '1.0 nmol/mol' to '1.995 ug/m3' at 293.15 K, 1013.25 hPa, conversion factor 1.99534."
[...]
Instrument name:              Thermo_49C_MLO
Instrument manufacturer:      Thermo
Instrument model:             49C
Method ref:                   US06L_AM
Standard method:              SOP=GAW_209(2013)
Inlet type:                   Hat or hood
Inlet description:            Downward Facing, teflon inlet bell
Inlet tube material:          Teflon
Inlet tube outer diameter:    6.35 mm
Inlet tube inner diameter:    4.76 mm
Inlet tube length:            7.0 m
Humidity/temperature control description: Automatic
Zero/negative values code:    Zero/negative possible
Zero/negative values:         Zero and neg. values may appear due to statistical variations at very low concentrations
Absorption cross section:     Hearn, 1961 cm2
Originator:                   "McClure-Begley, Audra, Audra.mcclure@noaa.gov, National Oceanic and Atmospheric Administration/Earth System Research Laboratory/Global Monitoring Division, NOAA/ESRL/GMD, , 325 Broadway, , 80305, ""Boulder, CO"", USA"
Originator:                   "Petropavlovskikh, Irina, Irina.petro@noaa.gov, National Oceanic and Atmospheric Administration/Earth System Research Laboratory/Global Monitoring Division, NOAA/ESRL/GMD, , 325 Broadway, , 80305, ""Boulder, CO"", USA"
Submitter:                    "McClure-Begley, Audra, Audra.mcclure@noaa.gov, National Oceanic and Atmospheric Administration/Earth System Research Laboratory/Global Monitoring Division, NOAA/ESRL/GMD, , 325 Broadway, , 80305, ""Boulder, CO"", USA"
Acknowledgement:              "Request Acknowledgement details from data originator. http://dx.doi.org/10.7289/V57P8WBF"
starttime endtime O3 O3 O3 O3 O3 O3 O3 O3 flag
[from data line 2797]
116.541667 116.583333   80.352  40.27   80.352  40.27   80.352  40.27 999.999 999.99 0.000000000000000
116.583333 116.625000   85.999  43.10   85.999  43.10   85.999  43.10 999.999 999.99 0.189000000000000
116.625000 116.666667   75.723  37.95   75.723  37.95   75.723  37.95 999.999 999.99 0.189000000000000
116.666667 116.708333   65.068  32.61   65.068  32.61   65.068  32.61 999.999 999.99 0.189000000000000
116.708333 116.750000   64.789  32.47   64.789  32.47   64.789  32.47 999.999 999.99 0.188189000000000
116.750000 116.791667   64.031  32.09   64.031  32.09   64.031  32.09 999.999 999.99 0.188189000000000
116.791667 116.833333   67.682  33.92   67.682  33.92   67.682  33.92 999.999 999.99 0.188189000000000
116.833333 116.875000   63.651  31.90   63.651  31.90   63.651  31.90 999.999 999.99 0.188189000000000
116.875000 116.916667   61.177  30.66   61.177  30.66   61.177  30.66 999.999 999.99 0.189000000000000
116.916667 116.958333   61.377  30.76   61.377  30.76   61.377  30.76 999.999 999.99 0.189000000000000
116.958333 117.000000   61.975  31.06   61.975  31.06   61.975  31.06 999.999 999.99 0.189000000000000
117.000000 117.041667   67.582  33.87   67.582  33.87   67.582  33.87 999.999 999.99 0.189000000000000
117.041667 117.083333   68.101  34.13   68.101  34.13   68.101  34.13 999.999 999.99 0.189000000000000
117.083333 117.125000   65.347  32.75   65.347  32.75   65.347  32.75 999.999 999.99 0.189000000000000
117.125000 117.166667   61.896  31.02   61.896  31.02   61.896  31.02 999.999 999.99 0.189000000000000
117.166667 117.208333   61.556  30.85   61.556  30.85   61.556  30.85 999.999 999.99 0.189000000000000
117.208333 117.250000   69.059  34.61   69.059  34.61   69.059  34.61 999.999 999.99 0.189000000000000
117.250000 117.291667   75.743  37.96   75.743  37.96   75.743  37.96 999.999 999.99 0.000000000000000
117.291667 117.333333   69.398  34.78   69.398  34.78   69.398  34.78 999.999 999.99 0.188189000000000
117.333333 117.375000   70.096  35.13   70.096  35.13   70.096  35.13 999.999 999.99 0.188189000000000
117.375000 117.416667   73.768  36.97   73.768  36.97   73.768  36.97 999.999 999.99 0.189000000000000
117.416667 117.458333   84.044  42.12   84.044  42.12   84.044  42.12 999.999 999.99 0.189000000000000
117.458333 117.500000   95.876  48.05   95.876  48.05   95.876  48.05 999.999 999.99 0.000000000000000
117.500000 117.541667  103.778  52.01  103.778  52.01  103.778  52.01 999.999 999.99 0.000000000000000
117.541667 117.583333  111.380  55.82  111.380  55.82  111.380  55.82 999.999 999.99 0.000000000000000
117.583333 117.625000  111.859  56.06  111.859  56.06  111.859  56.06 999.999 999.99 0.188000000000000
117.625000 117.666667  126.904  63.60  126.904  63.60  126.904  63.60 999.999 999.99 0.000000000000000
117.666667 117.708333  132.571  66.44  132.571  66.44  132.571  66.44 999.999 999.99 0.188189000000000
117.708333 117.750000  123.113  61.70  123.113  61.70  123.113  61.70 999.999 999.99 0.188189000000000
117.750000 117.791667  118.783  59.53  118.783  59.53  118.783  59.53 999.999 999.99 0.188189000000000
117.791667 117.833333   96.575  48.40   96.575  48.40   96.575  48.40 999.999 999.99 0.189000000000000
117.833333 117.875000   77.399  38.79   77.399  38.79   77.399  38.79 999.999 999.99 0.189000000000000
117.875000 117.916667   90.648  45.43   90.648  45.43   90.648  45.43 999.999 999.99 0.189000000000000
117.916667 117.958333   96.415  48.32   96.415  48.32   96.415  48.32 999.999 999.99 0.189000000000000
117.958333 118.000000   97.373  48.80   97.373  48.80   97.373  48.80 999.999 999.99 0.189000000000000
118.000000 118.041667  122.534  61.41  122.534  61.41  122.534  61.41 999.999 999.99 0.189000000000000
118.041667 118.083333  120.898  60.59  120.898  60.59  120.898  60.59 999.999 999.99 0.189000000000000
118.083333 118.125000  134.167  67.24  134.167  67.24  134.167  67.24 999.999 999.99 0.189000000000000
118.125000 118.166667  147.176  73.76  147.176  73.76  147.176  73.76 999.999 999.99 0.189000000000000
118.166667 118.208333  152.045  76.20  152.045  76.20  152.045  76.20 999.999 999.99 0.000000000000000
118.208333 118.250000  158.849  79.61  158.849  79.61  158.849  79.61 999.999 999.99 0.000000000000000
118.250000 118.291667  162.201  81.29  162.201  81.29  162.201  81.29 999.999 999.99 0.000000000000000
118.291667 118.333333  163.538  81.96  163.538  81.96  163.538  81.96 999.999 999.99 0.000000000000000
118.333333 118.375000  161.962  81.17  161.962  81.17  161.962  81.17 999.999 999.99 0.000000000000000
118.375000 118.416667  161.264  80.82  161.264  80.82  161.264  80.82 999.999 999.99 0.000000000000000
118.416667 118.458333 9999.999 999.99 9999.999 999.99 9999.999 999.99 999.999 999.99 0.999000000000000
118.458333 118.500000 9999.999 999.99 9999.999 999.99 9999.999 999.99 999.999 999.99 0.999000000000000
118.500000 118.541667 9999.999 999.99 9999.999 999.99 9999.999 999.99 999.999 999.99 0.999000000000000
118.541667 118.583333 9999.999 999.99 9999.999 999.99 9999.999 999.99 999.999 999.99 0.999000000000000
