ozone_datasets/Ebas_221019_1549/US1200R.20100526050000.20181119131153.uv_abs.ozone.air.7mo.1h.US06L_Thermo_49C_MLO.US06L_AM.lev2.nas
86 1001
McClure-Begley, Audra; Petropavlovskikh, Irina
US06L, National Oceanic and Atmospheric Administration, NOAA/ESRL/GMD, "Earth System Research Laboratory, Global Monitoring Division", 325 Broadway, , CO 80305-3, Boulder, U.S.A.
McClure-Begley, Audra
GAW-WDCRG NOAA-ESRL
1 1
2010 01 01 2018 11 19
0.041667
days from file reference point
10
1 1 1 1 1 1 1 1 1 1
999.999999 9999.999 999.99 9999.999 999.99 9999.999 999.99 999.999 999.99 9.999999999999999
end_time of measurement, days from the file reference point
ozone, ug/m3, Statistics=arithmetic mean, Volume std. temperature=293.15 K, Volume std. pressure=1013.25 hPa, Detection limit=1.995 ug/m3, Measurement uncertainty=1.995 ug/m3, Measurement uncertainty expl.=includes statistical uncertainty of individual sample and calibration uncertainty, "Comment=Data converted on import into EBAS from 'nmol/mol' to 'ug/m3' at 293.15 K, 1013.25 hPa, conversion factor 1.99534."
ozone, nmol/mol, Statistics=arithmetic mean, Detection limit=1.0 nmol/mol, Measurement uncertainty=1.0 nmol/mol, Measurement uncertainty expl.=includes statistical uncertainty of individual sample and calibration uncertainty, "Comment=Data converted on import into EBAS from 'nmol/mol' to 'ug/m3' at 293.15 K, 1013.25 hPa, conversion factor 1.99534. -- Data converted on export from EBAS from 'ug/m3' at 293.15 K, 1013.25 hPa to 'nmol/mol', conversion factor 0.5012. Measurement uncertainty converted from '1.995 ug/m3' at 293.15 K, 1013.25 hPa to '1.0 nmol/mol', conversion factor 0.5012. Detection limit converted from '1.995 ug/m3' at 293.15 K, 1013.25 hPa to '1.0 nmol/mol', conversion factor 0.5012."
ozone, ug/m3, Statistics=maximum, Volume std. temperature=293.15 K, Volume std. pressure=1013.25 hPa, Detection limit=1.995 ug/m3, "Comment=Data converted on import into EBAS from 'nmol/mol' to 'ug/m3' at 293.15 K, 1013.25 hPa, conversion factor 1.99534. Detection limit converted from '1.0 nmol/mol' to '1.995 ug/m3' at 293.15 K, 1013.25 hPa, conversion factor 1.99534."
ozone, nmol/mol, Statistics=maximum, Detection limit=1.0 nmol/mol, "Comment=Data converted on import into EBAS from 'nmol/mol' to 'ug/m3' at 293.15 K, 1013.25 hPa, conversion factor 1.99534. Detection limit converted from '1.0 nmol/mol' to '1.995 ug/m3' at 293.15 K, 1013.25 hPa, conversion factor 1.99534. -- Data converted on export from EBAS from 'ug/m3' at 293.15 K, 1013.25 hPa to 'nmol/mol', conversion factor 0.5012. Detection limit converted from '1.995 ug/m3' at 293.15 K, 1013.25 hPa to '1.0 nmol/mol', conversion factor 0.5012."
ozone, ug/m3, Statistics=minimum, Volume std. temperature=293.15 K, Volume std. pressure=1013.25 hPa, Detection limit=1.995 ug/m3, "Comment=Data converted on import into EBAS from 'nmol/mol' to 'ug/m3' at 293.15 K, 1013.25 hPa, conversion factor 1.99534. Detection limit converted from '1.0 nmol/mol' to '1.995 ug/m3' at 293.15 K, 1013.25 hPa, conversion factor 1.99534."
[...]
Inlet type:                   Hat or hood
Inlet description:            Downward Facing, teflon inlet bell
Inlet tube material:          Teflon
Inlet tube outer diameter:    6.35 mm
Inlet tube inner diameter:    4.76 mm
Inlet tube length:            7.0 m
Flow rate:                    0.9 l/min
Humidity/temperature control description: Automatic
Zero/negative values code:    Zero/negative possible
Zero/negative values:         Zero and neg. values may appear due to statistical variations at very low concentrations
Absorption cross section:     Hearn, 1961 cm2
QA1 measure ID:               US06L_reference_calibration_20070630
QA1 date:                     20100101
QA1 outcome:                  pass
Originator:                   "McClure-Begley, Audra, Audra.mcclure@noaa.gov, National Oceanic and Atmospheric Administration/Earth System Research Laboratory/Global Monitoring Division, NOAA/ESRL/GMD, , 325 Broadway, , 80305, ""Boulder, CO"", USA"
Originator:                   "Petropavlovskikh, Irina, Irina.petro@noaa.gov, National Oceanic and Atmospheric Administration/Earth System Research Laboratory/Global Monitoring Division, NOAA/ESRL/GMD, , 325 Broadway, , 80305, ""Boulder, CO"", USA"
Submitter:                    "McClure-Begley, Audra, Audra.mcclure@noaa.gov, National Oceanic and Atmospheric Administration/Earth System Research Laboratory/Global Monitoring Division, NOAA/ESRL/GMD, , 325 Broadway, , 80305, ""Boulder, CO"", USA"
Acknowledgement:              "Request Acknowledgement details from data originator. http://dx.doi.org/10.7289/V57P8WBF"
starttime endtime O3 O3 O3 O3 O3 O3 O3 O3 flag
[from data line 4195]
320.000000 320.041667   96.614  48.42   98.311  49.27   94.918  47.57   0.938   0.47 0.189000000000000
320.041667 320.083333   94.240  47.23   96.814  48.52   92.325  46.27   1.497   0.75 0.189000000000000
320.083333 320.125000   92.065  46.14   93.542  46.88   90.309  45.26   0.938   0.47 0.189000000000000
320.125000 320.166667   92.424  46.32   94.779  47.50   91.287  45.75   1.197   0.60 0.189000000000000
320.166667 320.208333   93.043  46.63   95.018  47.62   92.165  46.19   0.778   0.39 0.000000000000000
320.208333 320.250000   92.484  46.35   93.202  46.71   91.427  45.82   0.479   0.24 0.000000000000000
320.250000 320.291667   93.661  46.94   94.819  47.52   91.686  45.95   0.938   0.47 0.000000000000000
320.291667 320.333333   93.681  46.95   94.938  47.58   92.105  46.16   0.938   0.47 0.000000000000000
320.333333 320.375000   94.759  47.49   96.395  48.31   93.502  46.86   0.798   0.40 0.000000000000000
320.375000 320.416667   89.691  44.95   91.267  45.74   87.616  43.91   1.117   0.56 0.000000000000000
320.416667 320.458333   88.513  44.36   92.644  46.43   84.503  42.35   2.754   1.38 0.000000000000000
320.458333 320.500000   85.121  42.66   89.012  44.61   75.324  37.75   3.931   1.97 0.189000000000000
320.500000 320.541667   73.030  36.60   76.761  38.47   65.228  32.69   3.412   1.71 0.000000000000000
320.541667 320.583333   71.353  35.76   76.581  38.38   67.403  33.78   2.793   1.40 0.000000000000000
320.583333 320.625000   71.733  35.95   75.224  37.70   68.939  34.55   2.075   1.04 0.000000000000000
320.625000 320.666667   87.915  44.06   92.744  46.48   83.026  41.61   3.232   1.62 0.000000000000000
320.666667 320.708333   86.299  43.25   90.708  45.46   79.475  39.83   3.512   1.76 0.189000000000000
320.708333 320.750000   88.174  44.19   92.744  46.48   79.854  40.02   4.649   2.33 0.189000000000000
320.750000 320.791667   90.609  45.41   93.302  46.76   88.932  44.57   1.197   0.60 0.189000000000000
320.791667 320.833333   85.461  42.83   88.374  44.29   79.475  39.83   2.933   1.47 0.188189000000000
320.833333 320.875000   76.442  38.31   78.197  39.19   74.486  37.33   1.038   0.52 0.189188000000000
320.875000 320.916667   72.970  36.57   75.983  38.08   71.054  35.61   1.357   0.68 0.189000000000000
320.916667 320.958333   73.429  36.80   77.180  38.68   70.436  35.30   2.115   1.06 0.189000000000000
320.958333 321.000000   69.937  35.05   71.713  35.94   68.141  34.15   1.217   0.61 0.189000000000000
321.000000 321.041667   67.682  33.92   69.059  34.61   64.410  32.28   1.636   0.82 0.189000000000000
321.041667 321.083333   66.525  33.34   69.119  34.64   64.849  32.50   1.277   0.64 0.189000000000000
321.083333 321.125000   71.972  36.07   77.719  38.95   66.644  33.40   4.110   2.06 0.189000000000000
321.125000 321.166667   75.484  37.83   77.898  39.04   73.648  36.91   1.457   0.73 0.189188000000000
321.166667 321.208333   78.058  39.12   81.849  41.02   73.868  37.02   2.434   1.22 0.189188000000000
321.208333 321.250000   69.737  34.95   73.030  36.60   66.624  33.39   2.035   1.02 0.188189000000000
321.250000 321.291667   62.574  31.36   64.809  32.48   61.736  30.94   0.778   0.39 0.188189000000000
321.291667 321.333333   62.434  31.29   63.292  31.72   61.856  31.00   0.539   0.27 0.188189000000000
321.333333 321.375000   63.532  31.84   64.031  32.09   62.614  31.38   0.379   0.19 0.189000000000000
321.375000 321.416667   66.585  33.37   70.675  35.42   63.891  32.02   2.195   1.10 0.188394189000000
321.416667 321.458333   68.101  34.13   69.737  34.95   66.804  33.48   0.878   0.44 0.189000000000000
321.458333 321.500000   65.068  32.61   67.044  33.60   62.614  31.38   1.536   0.77 0.000000000000000
321.500000 321.541667   61.716  30.93   62.394  31.27   60.858  30.50   0.519   0.26 0.189000000000000
321.541667 321.583333   60.958  30.55   62.634  31.39   59.761  29.95   0.918   0.46 0.189000000000000
321.583333 321.625000   62.873  31.51   65.347  32.75   60.559  30.35   1.277   0.64 0.189000000000000
321.625000 321.666667   65.926  33.04   71.693  35.93   62.494  31.32   2.913   1.46 0.000000000000000
321.666667 321.708333   67.722  33.94   73.249  36.71   61.357  30.75   3.751   1.88 0.189000000000000
321.708333 321.750000   61.796  30.97   68.081  34.12   58.523  29.33   3.193   1.60 0.189000000000000
321.750000 321.791667   66.525  33.34   70.535  35.35   58.144  29.14   4.430   2.22 0.189000000000000
321.791667 321.833333   58.962  29.55   59.940  30.04   57.845  28.99   0.599   0.30 0.189000000000000
321.833333 321.875000   57.645  28.89   59.162  29.65   56.249  28.19   0.938   0.47 0.189000000000000
321.875000 321.916667   52.418  26.27   55.490  27.81   49.644  24.88   1.836   0.92 0.189000000000000
321.916667 321.958333   50.123  25.12   52.697  26.41   48.766  24.44   1.437   0.72 0.189000000000000
321.958333 322.000000   48.886  24.50   51.380  25.75   46.851  23.48   1.477   0.74 0.189000000000000
322.000000 322.041667   47.689  23.90   48.547  24.33   46.930  23.52   0.499   0.25 0.189000000000000
322.041667 322.083333   46.891  23.50   47.409  23.76   46.392  23.25   0.419   0.21 0.189000000000000
322.083333 322.125000   45.993  23.05   46.631  23.37   45.354  22.73   0.439   0.22 0.189000000000000
322.125000 322.166667   45.733  22.92   46.831  23.47   45.195  22.65   0.499   0.25 0.189000000000000
322.166667 322.208333   48.188  24.15   49.026  24.57   47.330  23.72   0.579   0.29 0.189000000000000
322.208333 322.250000   49.524  24.82   50.342  25.23   48.706  24.41   0.559   0.28 0.189000000000000
322.250000 322.291667   54.972  27.55   58.005  29.07   48.607  24.36   2.594   1.30 0.189000000000000
322.291667 322.333333   49.963  25.04   52.218  26.17   48.806  24.46   1.177   0.59 0.189000000000000
322.333333 322.375000   50.801  25.46   53.196  26.66   49.026  24.57   1.337   0.67 0.189000000000000
322.375000 322.416667   55.191  27.66   60.559  30.35   49.205  24.66   3.432   1.72 0.189000000000000
322.416667 322.458333   54.872  27.50   56.688  28.41   51.540  25.83   1.716   0.86 0.000000000000000
322.458333 322.500000   67.562  33.86   71.074  35.62   59.701  29.92   3.312   1.66 0.189000000000000
322.500000 322.541667   71.453  35.81   77.399  38.79   65.128  32.64   3.831   1.92 0.189000000000000
322.541667 322.583333   69.877  35.02   71.214  35.69   68.081  34.12   1.018   0.51 0.000000000000000
322.583333 322.625000   69.957  35.06   72.870  36.52   66.465  33.31   2.075   1.04 0.189000000000000
322.625000 322.666667   65.667  32.91   67.782  33.97   64.509  32.33   1.257   0.63 0.189000000000000
322.666667 322.708333   70.037  35.10   71.713  35.94   67.582  33.87   1.177   0.59 0.189000000000000
322.708333 322.750000   76.162  38.17   80.632  40.41   69.697  34.93   3.232   1.62 0.189000000000000
322.750000 322.791667   79.075  39.63   85.081  42.64   74.207  37.19   3.033   1.52 0.189000000000000
322.791667 322.833333   80.831  40.51   87.376  43.79   68.799  34.48   5.008   2.51 0.189000000000000
322.833333 322.875000   86.319  43.26   99.268  49.75   75.204  37.69   7.502   3.76 0.189000000000000
322.875000 322.916667   95.477  47.85  100.545  50.39   90.369  45.29   3.572   1.79 0.189000000000000
322.916667 322.958333   96.814  48.52  100.027  50.13   94.100  47.16   1.995   1.00 0.189000000000000
322.958333 323.000000   91.586  45.90   94.998  47.61   88.354  44.28   1.995   1.00 0.189000000000000
323.000000 323.041667   87.196  43.70   87.855  44.03   86.259  43.23   0.459   0.23 0.189000000000000
323.041667 323.083333   88.454  44.33   89.351  44.78   86.917  43.56   0.738   0.37 0.189000000000000
323.083333 323.125000   91.886  46.05   94.021  47.12   88.813  44.51   1.636   0.82 0.189000000000000
323.125000 323.166667   92.384  46.30   93.322  46.77   91.227  45.72   0.678   0.34 0.189000000000000
323.166667 323.208333   90.549  45.38   92.165  46.19   88.633  44.42   1.237   0.62 0.189000000000000
323.208333 323.250000   88.074  44.14   89.850  45.03   85.880  43.04   1.457   0.73 0.189000000000000
323.250000 323.291667   95.397  47.81  103.179  51.71   87.835  44.02   4.809   2.41 0.189000000000000
323.291667 323.333333  105.294  52.77  106.352  53.30  104.516  52.38   0.639   0.32 0.189000000000000
323.333333 323.375000  106.072  53.16  107.070  53.66  105.554  52.90   0.419   0.21 0.189000000000000
323.375000 323.416667  103.139  51.69  106.531  53.39   99.368  49.80   2.594   1.30 0.189000000000000
323.416667 323.458333   97.692  48.96  100.645  50.44   93.562  46.89   2.374   1.19 0.000000000000000
323.458333 323.500000   94.120  47.17   97.053  48.64   90.908  45.56   1.736   0.87 0.000000000000000
323.500000 323.541667   89.391  44.80   93.741  46.98   84.243  42.22   2.953   1.48 0.000000000000000
323.541667 323.583333   80.512  40.35   83.326  41.76   77.719  38.95   1.935   0.97 0.000000000000000
323.583333 323.625000   79.574  39.88   84.443  42.32   77.180  38.68   1.856   0.93 0.000000000000000
323.625000 323.666667   81.171  40.68   84.662  42.43   77.200  38.69   2.195   1.10 0.000000000000000
323.666667 323.708333   85.640  42.92   91.925  46.07   78.477  39.33   4.988   2.50 0.000000000000000
323.708333 323.750000   91.506  45.86  105.933  53.09   77.499  38.84  12.172   6.10 0.189188000000000
323.750000 323.791667  106.092  53.17  107.050  53.65  104.237  52.24   0.878   0.44 0.188189000000000
323.791667 323.833333  106.811  53.53  108.926  54.59  104.716  52.48   1.257   0.63 0.189000000000000
323.833333 323.875000  105.254  52.75  108.048  54.15  103.099  51.67   1.616   0.81 0.189000000000000
323.875000 323.916667  103.039  51.64  105.155  52.70  101.603  50.92   1.077   0.54 0.189000000000000
323.916667 323.958333  106.013  53.13  106.930  53.59  105.155  52.70   0.439   0.22 0.189000000000000
323.958333 324.000000  107.389  53.82  108.806  54.53  105.234  52.74   1.117   0.56 0.189000000000000
324.000000 324.041667  105.055  52.65  105.973  53.11  103.618  51.93   0.758   0.38 0.189000000000000
324.041667 324.083333  102.720  51.48  103.578  51.91  102.062  51.15   0.439   0.22 0.188189000000000
324.083333 324.125000  104.895  52.57  106.152  53.20  104.057  52.15   0.579   0.29 0.188189000000000
324.125000 324.166667  103.039  51.64  104.396  52.32  101.922  51.08   0.818   0.41 0.189188000000000
324.166667 324.208333   97.433  48.83   99.987  50.11   96.355  48.29   1.197   0.60 0.188189000000000
324.208333 324.250000   97.632  48.93   98.051  49.14   96.674  48.45   0.419   0.21 0.189188000000000
324.250000 324.291667   98.530  49.38   98.929  49.58   97.971  49.10   0.319   0.16 0.189000000000000
324.291667 324.333333   99.348  49.79   99.907  50.07   98.929  49.58   0.299   0.15 0.000000000000000
324.333333 324.375000  100.186  50.21  100.645  50.44   99.647  49.94   0.279   0.14 0.000000000000000
324.375000 324.416667   99.927  50.08  101.363  50.80   99.388  49.81   0.559   0.28 0.000000000000000
324.416667 324.458333   96.495  48.36   98.390  49.31   94.839  47.53   1.237   0.62 0.000000000000000
324.458333 324.500000   89.391  44.80   95.437  47.83   79.854  40.02   4.609   2.31 0.000000000000000
324.500000 324.541667   77.499  38.84   82.268  41.23   74.207  37.19   2.255   1.13 0.000000000000000
324.541667 324.583333   74.546  37.36   75.943  38.06   73.069  36.62   0.858   0.43 0.000000000000000
324.583333 324.625000   72.531  36.35   73.748  36.96   70.535  35.35   0.878   0.44 0.000000000000000
324.625000 324.666667   72.371  36.27   74.087  37.13   71.573  35.87   0.778   0.39 0.000000000000000
324.666667 324.708333   72.471  36.32   78.118  39.15   67.842  34.00   3.432   1.72 0.000000000000000
324.708333 324.750000   70.914  35.54   74.127  37.15   68.839  34.50   1.596   0.80 0.188189000000000
324.750000 324.791667   75.544  37.86   98.091  49.16   65.248  32.70  11.513   5.77 0.189188000000000
324.791667 324.833333   97.852  49.04  105.613  52.93   93.262  46.74   4.170   2.09 0.188189000000000
324.833333 324.875000  104.476  52.36  105.633  52.94  103.159  51.70   0.738   0.37 0.189188000000000
324.875000 324.916667  103.678  51.96  105.274  52.76  102.062  51.15   1.217   0.61 0.189188000000000
324.916667 324.958333  104.097  52.17  106.531  53.39  102.421  51.33   1.696   0.85 0.189000000000000
324.958333 325.000000  104.217  52.23  105.055  52.65  102.461  51.35   0.798   0.40 0.189000000000000
325.000000 325.041667  104.217  52.23  105.354  52.80  103.259  51.75   0.818   0.41 0.189188000000000
325.041667 325.083333  104.536  52.39  105.334  52.79  103.299  51.77   0.639   0.32 0.189188000000000
325.083333 325.125000  106.212  53.23  106.950  53.60  105.254  52.75   0.419   0.21 0.188189000000000
325.125000 325.166667  107.689  53.97  109.045  54.65  106.332  53.29   0.878   0.44 0.189000000000000
325.166667 325.208333  106.392  53.32  108.108  54.18  105.294  52.77   0.858   0.43 0.189188000000000
325.208333 325.250000  106.212  53.23  107.270  53.76  105.055  52.65   0.758   0.38 0.189188000000000
325.250000 325.291667  110.003  55.13  114.553  57.41  106.691  53.47   2.873   1.44 0.188000000000000
325.291667 325.333333  111.300  55.78  114.493  57.38  106.013  53.13   3.113   1.56 0.188000000000000
325.333333 325.375000  105.254  52.75  107.689  53.97  103.059  51.65   1.536   0.77 0.189188000000000
325.375000 325.416667  101.224  50.73  103.738  51.99   98.410  49.32   1.656   0.83 0.000000000000000
325.416667 325.458333   98.510  49.37  100.066  50.15   97.034  48.63   1.137   0.57 0.390000000000000
325.458333 325.500000 9999.999 999.99 9999.999 999.99 9999.999 999.99 999.999 999.99 0.999000000000000
325.500000 325.541667   60.539  30.34   63.831  31.99   57.725  28.93   1.876   0.94 0.394000000000000
325.541667 325.583333   57.406  28.77   62.873  31.51   53.695  26.91   2.714   1.36 0.000000000000000
325.583333 325.625000   65.687  32.92   67.582  33.87   63.352  31.75   1.357   0.68 0.000000000000000
325.625000 325.666667   67.762  33.96   70.216  35.19   65.168  32.66   1.556   0.78 0.000000000000000
325.666667 325.708333   82.827  41.51   99.368  49.80   68.620  34.39  10.496   5.26 0.000000000000000
325.708333 325.750000   97.911  49.07  101.822  51.03   90.070  45.14   3.312   1.66 0.188189000000000
325.750000 325.791667   92.165  46.19   99.508  49.87   80.512  40.35   4.948   2.48 0.188189000000000
325.791667 325.833333   89.431  44.82   94.140  47.18   84.642  42.42   3.492   1.75 0.188189000000000
325.833333 325.875000   86.678  43.44   89.611  44.91   82.527  41.36   2.295   1.15 0.189000000000000
325.875000 325.916667   83.465  41.83   91.447  45.83   74.267  37.22   6.784   3.40 0.189000000000000
325.916667 325.958333   73.429  36.80   73.947  37.06   72.850  36.51   0.339   0.17 0.189000000000000
325.958333 326.000000   75.264  37.72   76.861  38.52   73.868  37.02   0.898   0.45 0.189000000000000
326.000000 326.041667   80.093  40.14   81.470  40.83   77.120  38.65   1.676   0.84 0.188189000000000
326.041667 326.083333   81.230  40.71   81.769  40.98   80.692  40.44   0.379   0.19 0.189188000000000
326.083333 326.125000   78.058  39.12   81.111  40.65   73.109  36.64   2.953   1.48 0.188189000000000
326.125000 326.166667   70.934  35.55   71.912  36.04   68.999  34.58   0.938   0.47 0.188189000000000
326.166667 326.208333   68.660  34.41   69.618  34.89   67.902  34.03   0.479   0.24 0.189188000000000
326.208333 326.250000   70.994  35.58   71.772  35.97   70.535  35.35   0.439   0.22 0.000000000000000
326.250000 326.291667   71.553  35.86   72.910  36.54   70.695  35.43   0.639   0.32 0.000000000000000
326.291667 326.333333   75.703  37.94   79.794  39.99   73.249  36.71   2.055   1.03 0.000000000000000
326.333333 326.375000   71.633  35.90   78.317  39.25   62.514  31.33   6.365   3.19 0.000000000000000
326.375000 326.416667   62.853  31.50   64.549  32.35   61.676  30.91   0.978   0.49 0.000000000000000
