ozone_datasets/Ebas_221019_1549/US1200R.20130101000000.20181119131326.uv_abs.ozone.air.1y.1h.US06L_Thermo_49C_MLO.US06L_AM.lev2.nas
86 1001
McClure-Begley, Audra; Petropavlovskikh, Irina
US06L, National Oceanic and Atmospheric Administration, NOAA/ESRL/GMD, "Earth System Research Laboratory, Global Monitoring Division", 325 Broadway, , CO 80305-3, Boulder, U.S.A.
McClure-Begley, Audra
GAW-WDCRG NOAA-ESRL
1 1
2013 01 01 2018 11 19
0.041667
days from file reference point
10
1 1 1 1 1 1 1 1 1 1
999.999999 9999.999 999.99 9999.999 999.99 9999.999 999.99 999.999 999.99 9.999999999999999
end_time of measurement, days from the file reference point
ozone, ug/m3, Statistics=arithmetic mean, Volume std. temperature=293.15 K, Volume std. pressure=1013.25 hPa, Detection limit=1.995 ug/m3, Measurement uncertainty=1.995 ug/m3, Measurement uncertainty expl.=includes statistical uncertainty of individual sample and calibration uncertainty, "Comment=Data converted on import into EBAS from 'nmol/mol' to 'ug/m3' at 293.15 K, 1013.25 hPa, conversion factor 1.99534."
ozone, nmol/mol, Statistics=arithmetic mean, Detection limit=1.0 nmol/mol, Measurement uncertainty=1.0 nmol/mol, Measurement uncertainty expl.=includes statistical uncertainty of individual sample and calibration uncertainty, "Comment=Data converted on import into EBAS from 'nmol/mol' to 'ug/m3' at 293.15 K, 1013.25 hPa, conversion factor 1.99534. -- Data converted on export from EBAS from 'ug/m3' at 293.15 K, 1013.25 hPa to 'nmol/mol', conversion factor 0.5012. Measurement uncertainty converted from '1.995 ug/m3' at 293.15 K, 1013.25 hPa to '1.0 nmol/mol', conversion factor 0.5012. Detection limit converted from '1.995 ug/m3' at 293.15 K, 1013.25 hPa to '1.0 nmol/mol', conversion factor 0.5012."
ozone, ug/m3, Statistics=maximum, Volume std. temperature=293.15 K, Volume std. pressure=1013.25 hPa, Detection limit=1.995 ug/m3, "Comment=Data converted on import into EBAS from 'nmol/mol' to 'ug/m3' at 293.15 K, 1013.25 hPa, conversion factor 1.99534. Detection limit converted from '1.0 nmol/mol' to '1.995 ug/m3' at 293.15 K, 1013.25 hPa, conversion factor 1.99534."
ozone, nmol/mol, Statistics=maximum, Detection limit=1.0 nmol/mol, "Comment=Data converted on import into EBAS from 'nmol/mol' to 'ug/m3' at 293.15 K, 1013.25 hPa, conversion factor 1.99534. Detection limit converted from '1.0 nmol/mol' to '1.995 ug/m3' at 293.15 K, 1013.25 hPa, conversion factor 1.99534. -- Data converted on export from EBAS from 'ug/m3' at 293.15 K, 1013.25 hPa to 'nmol/mol', conversion factor 0.5012. Detection limit converted from '1.995 ug/m3' at 293.15 K, 1013.25 hPa to '1.0 nmol/mol', conversion factor 0.5012."
ozone, ug/m3, Statistics=minimum, Volume std. temperature=293.15 K, Volume std. pressure=1013.25 hPa, Detection limit=1.995 ug/m3, "Comment=Data converted on import into EBAS from 'nmol/mol' to 'ug/m3' at 293.15 K, 1013.25 hPa, conversion factor 1.99534. Detection limit converted from '1.0 nmol/mol' to '1.995 ug/m3' at 293.15 K, 1013.25 hPa, conversion factor 1.99534."
[...]
Inlet type:                   Hat or hood
Inlet description:            Downward Facing, teflon inlet bell
Inlet tube material:          Teflon
Inlet tube outer diameter:    6.35 mm
Inlet tube inner diameter:    4.76 mm
Inlet tube length:            7.0 m
Flow rate:                    1.0 l/min
Humidity/temperature control description: Automatic
Zero/negative values code:    Zero/negative possible
Zero/negative values:         Zero and neg. values may appear due to statistical variations at very low concentrations
Absorption cross section:     Hearn, 1961 cm2
QA1 measure ID:               US06L_reference_calibration_20070630
QA1 date:                     20100101
QA1 outcome:                  pass
Originator:                   "McClure-Begley, Audra, Audra.mcclure@noaa.gov, National Oceanic and Atmospheric Administration/Earth System Research Laboratory/Global Monitoring Division, NOAA/ESRL/GMD, , 325 Broadway, , 80305, ""Boulder, CO"", USA"
Originator:                   "Petropavlovskikh, Irina, Irina.petro@noaa.gov, National Oceanic and Atmospheric Administration/Earth System Research Laboratory/Global Monitoring Division, NOAA/ESRL/GMD, , 325 Broadway, , 80305, ""Boulder, CO"", USA"
Submitter:                    "McClure-Begley, Audra, Audra.mcclure@noaa.gov, National Oceanic and Atmospheric Administration/Earth System Research Laboratory/Global Monitoring Division, NOAA/ESRL/GMD, , 325 Broadway, , 80305, ""Boulder, CO"", USA"
Acknowledgement:              "Request Acknowledgement details from data originator. http://dx.doi.org/10.7289/V57P8WBF"
starttime endtime O3 O3 O3 O3 O3 O3 O3 O3 flag
[from data line 6835]
284.791667 284.833333   44.217  22.16   44.955  22.53   43.339  21.72   0.519   0.26 0.189188000000000
284.833333 284.875000   42.461  21.28   43.199  21.65   41.683  20.89   0.459   0.23 0.188189000000000
284.875000 284.916667   41.723  20.91   42.441  21.27   40.924  20.51   0.439   0.22 0.188189000000000
284.916667 284.958333   44.277  22.19   46.771  23.44   42.201  21.15   1.556   0.78 0.189188000000000
284.958333 285.000000   48.028  24.07   49.764  24.94   46.711  23.41   0.998   0.50 0.189000000000000
285.000000 285.041667   51.240  25.68   53.176  26.65   49.485  24.80   1.137   0.57 0.189000000000000
285.041667 285.083333   52.358  26.24   53.096  26.61   51.220  25.67   0.619   0.31 0.189188000000000
285.083333 285.125000   52.019  26.07   52.757  26.44   51.380  25.75   0.479   0.24 0.189000000000000
285.125000 285.166667   52.178  26.15   53.894  27.01   51.639  25.88   0.639   0.32 0.189188000000000
285.166667 285.208333   52.298  26.21   54.353  27.24   49.604  24.86   1.955   0.98 0.189188000000000
285.208333 285.250000   49.485  24.80   50.362  25.24   49.105  24.61   0.419   0.21 0.189000000000000
285.250000 285.291667   48.307  24.21   49.884  25.00   47.389  23.75   0.619   0.31 0.189000000000000
285.291667 285.333333   45.294  22.70   46.651  23.38   43.459  21.78   1.117   0.56 0.188000000000000
285.333333 285.375000   49.465  24.79   51.600  25.86   47.848  23.98   1.197   0.60 0.188000000000000
285.375000 285.416667   50.861  25.49   52.218  26.17   48.886  24.50   0.998   0.50 0.000000000000000
285.416667 285.458333   47.190  23.65   49.425  24.77   44.676  22.39   1.736   0.87 0.000000000000000
285.458333 285.500000   49.006  24.56   54.453  27.29   45.015  22.56   2.734   1.37 0.000000000000000
285.500000 285.541667   56.169  28.15   58.483  29.31   54.094  27.11   1.317   0.66 0.000000000000000
285.541667 285.583333   61.297  30.72   70.316  35.24   56.628  28.38   5.188   2.60 0.000000000000000
285.583333 285.625000   74.646  37.41   81.270  40.73   67.502  33.83   4.270   2.14 0.189000000000000
285.625000 285.666667   74.087  37.13   80.831  40.51   66.884  33.52   4.110   2.06 0.189000000000000
285.666667 285.708333   72.690  36.43   77.958  39.07   67.702  33.93   3.771   1.89 0.189000000000000
285.708333 285.750000   66.804  33.48   70.815  35.49   61.397  30.77   3.632   1.82 0.189000000000000
285.750000 285.791667   57.127  28.63   59.840  29.99   55.351  27.74   1.377   0.69 0.188189000000000
285.791667 285.833333   56.189  28.16   60.938  30.54   51.819  25.97   3.073   1.54 0.189188000000000
285.833333 285.875000   55.690  27.91   60.858  30.50   50.402  25.26   4.190   2.10 0.189000000000000
285.875000 285.916667   50.622  25.37   55.191  27.66   46.871  23.49   2.374   1.19 0.189000000000000
285.916667 285.958333   45.594  22.85   48.966  24.54   42.860  21.48   1.756   0.88 0.189000000000000
285.958333 286.000000   46.990  23.55   52.078  26.10   43.179  21.64   2.594   1.30 0.189000000000000
286.000000 286.041667   45.394  22.75   48.108  24.11   42.621  21.36   1.636   0.82 0.189000000000000
286.041667 286.083333   47.928  24.02   52.138  26.13   45.175  22.64   2.295   1.15 0.189000000000000
286.083333 286.125000   49.225  24.67   52.218  26.17   46.053  23.08   1.975   0.99 0.189000000000000
286.125000 286.166667   50.742  25.43   53.675  26.90   47.629  23.87   1.896   0.95 0.189000000000000
286.166667 286.208333   61.177  30.66   67.163  33.66   53.116  26.62   3.791   1.90 0.189000000000000
286.208333 286.250000   52.318  26.22   58.763  29.45   46.731  23.42   3.711   1.86 0.189000000000000
286.250000 286.291667   46.352  23.23   47.888  24.00   45.374  22.74   0.658   0.33 0.189000000000000
286.291667 286.333333   50.243  25.18   51.181  25.65   48.407  24.26   0.938   0.47 0.189000000000000
286.333333 286.375000   43.778  21.94   46.491  23.30   41.044  20.57   2.135   1.07 0.189000000000000
286.375000 286.416667   42.381  21.24   43.578  21.84   41.304  20.70   0.599   0.30 0.189000000000000
286.416667 286.458333   44.297  22.20   46.631  23.37   42.561  21.33   1.297   0.65 0.189000000000000
286.458333 286.500000   45.334  22.72   46.053  23.08   44.736  22.42   0.339   0.17 0.189000000000000
286.500000 286.541667   46.472  23.29   49.445  24.78   43.957  22.03   1.916   0.96 0.189000000000000
286.541667 286.583333   61.636  30.89   88.214  44.21   47.090  23.60  15.663   7.85 0.189000000000000
286.583333 286.625000   64.489  32.32   88.334  44.27   42.261  21.18  18.816   9.43 0.189000000000000
286.625000 286.666667   83.246  41.72  102.022  51.13   46.851  23.48  19.355   9.70 0.189000000000000
286.666667 286.708333   66.585  33.37   79.155  39.67   57.286  28.71   6.664   3.34 0.189000000000000
286.708333 286.750000   69.198  34.68   81.330  40.76   58.563  29.35   9.298   4.66 0.189000000000000
286.750000 286.791667   82.308  41.25   97.413  48.82   70.735  35.45   9.937   4.98 0.189188000000000
286.791667 286.833333   84.722  42.46   91.686  45.95   72.670  36.42   6.206   3.11 0.189188000000000
286.833333 286.875000   66.325  33.24   73.788  36.98   60.938  30.54   4.509   2.26 0.189000000000000
286.875000 286.916667   60.160  30.15   67.004  33.58   57.466  28.80   2.574   1.29 0.189000000000000
286.916667 286.958333   55.850  27.99   58.863  29.50   53.256  26.69   1.836   0.92 0.189000000000000
286.958333 287.000000   56.269  28.20   59.002  29.57   53.136  26.63   1.856   0.93 0.189000000000000
287.000000 287.041667   62.594  31.37   68.001  34.08   58.623  29.38   2.973   1.49 0.189000000000000
287.041667 287.083333   63.911  32.03   66.325  33.24   60.718  30.43   1.836   0.92 0.189000000000000
287.083333 287.125000   60.758  30.45   62.195  31.17   60.100  30.12   0.579   0.29 0.189000000000000
287.125000 287.166667   60.878  30.51   61.576  30.86   60.140  30.14   0.399   0.20 0.189000000000000
287.166667 287.208333   60.938  30.54   64.130  32.14   58.523  29.33   1.437   0.72 0.188189000000000
287.208333 287.250000   58.643  29.39   67.083  33.62   56.289  28.21   2.873   1.44 0.189188000000000
287.250000 287.291667   69.757  34.96   80.113  40.15   63.073  31.61   5.607   2.81 0.188189000000000
287.291667 287.333333   78.916  39.55   82.468  41.33   72.271  36.22   3.392   1.70 0.189188000000000
287.333333 287.375000   75.763  37.97   82.807  41.50   69.079  34.62   4.669   2.34 0.188189000000000
287.375000 287.416667   64.669  32.41   69.119  34.64   59.980  30.06   3.073   1.54 0.188189000000000
287.416667 287.458333   65.926  33.04   76.841  38.51   58.264  29.20   5.667   2.84 0.189188000000000
287.458333 287.500000   63.751  31.95   67.243  33.70   59.800  29.97   2.175   1.09 0.189188000000000
287.500000 287.541667   62.594  31.37   64.988  32.57   59.840  29.99   1.836   0.92 0.189000000000000
287.541667 287.583333   63.631  31.89   66.664  33.41   60.479  30.31   1.516   0.76 0.000000000000000
287.583333 287.625000   60.020  30.08   62.115  31.13   58.743  29.44   1.058   0.53 0.189000000000000
287.625000 287.666667   59.401  29.77   60.479  30.31   57.945  29.04   0.838   0.42 0.188189000000000
287.666667 287.708333   58.962  29.55   59.800  29.97   56.887  28.51   0.918   0.46 0.188189000000000
287.708333 287.750000   59.421  29.78   61.836  30.99   58.204  29.17   1.038   0.52 0.189188000000000
287.750000 287.791667   63.771  31.96   66.984  33.57   62.893  31.52   1.197   0.60 0.189188000000000
287.791667 287.833333   64.051  32.10   65.387  32.77   61.955  31.05   1.038   0.52 0.188189000000000
287.833333 287.875000   61.596  30.87   63.631  31.89   57.047  28.59   1.716   0.86 0.188189000000000
287.875000 287.916667   53.096  26.61   55.610  27.87   51.420  25.77   1.277   0.64 0.189000000000000
287.916667 287.958333   55.471  27.80   58.324  29.23   52.318  26.22   2.115   1.06 0.189000000000000
287.958333 288.000000   60.738  30.44   64.130  32.14   55.890  28.01   2.115   1.06 0.189188000000000
288.000000 288.041667   62.594  31.37   64.769  32.46   61.018  30.58   1.297   0.65 0.189000000000000
288.041667 288.083333   67.423  33.79   69.358  34.76   65.766  32.96   1.038   0.52 0.189000000000000
288.083333 288.125000   72.112  36.14   73.568  36.87   70.675  35.42   0.858   0.43 0.188189000000000
288.125000 288.166667   70.954  35.56   72.491  36.33   69.498  34.83   0.918   0.46 0.189188000000000
288.166667 288.208333   72.271  36.22   74.885  37.53   69.598  34.88   1.836   0.92 0.000000000000000
288.208333 288.250000   75.723  37.95   76.920  38.55   72.491  36.33   1.157   0.58 0.188189000000000
288.250000 288.291667   70.396  35.28   74.706  37.44   67.024  33.59   2.714   1.36 0.189188000000000
288.291667 288.333333   72.650  36.41   75.005  37.59   70.875  35.52   1.417   0.71 0.188189000000000
288.333333 288.375000   70.156  35.16   73.010  36.59   67.063  33.61   2.175   1.09 0.000000000000000
288.375000 288.416667   66.205  33.18   67.403  33.78   64.729  32.44   0.778   0.39 0.000000000000000
288.416667 288.458333   66.325  33.24   67.123  33.64   64.609  32.38   0.718   0.36 0.000000000000000
288.458333 288.500000   62.215  31.18   63.951  32.05   60.758  30.45   0.858   0.43 0.000000000000000
288.500000 288.541667   61.975  31.06   63.472  31.81   60.898  30.52   0.798   0.40 0.189000000000000
288.541667 288.583333   57.406  28.77   60.299  30.22   55.171  27.65   1.836   0.92 0.189000000000000
288.583333 288.625000   55.191  27.66   56.588  28.36   53.655  26.89   0.838   0.42 0.000000000000000
288.625000 288.666667   56.588  28.36   57.406  28.77   54.752  27.44   0.858   0.43 0.000000000000000
288.666667 288.708333   55.690  27.91   56.907  28.52   54.792  27.46   0.658   0.33 0.000000000000000
288.708333 288.750000   55.211  27.67   55.929  28.03   54.513  27.32   0.439   0.22 0.188189000000000
288.750000 288.791667   63.512  31.83   68.101  34.13   56.807  28.47   3.173   1.59 0.188189000000000
288.791667 288.833333   65.148  32.65   67.921  34.04   62.135  31.14   1.616   0.81 0.188189000000000
288.833333 288.875000   58.064  29.10   61.217  30.68   55.391  27.76   1.736   0.87 0.394189000000000
288.875000 288.916667 9999.999 999.99 9999.999 999.99 9999.999 999.99 999.999 999.99 0.999000000000000
288.916667 288.958333   55.730  27.93   56.748  28.44   54.972  27.55   0.678   0.34 0.189188392000000
288.958333 289.000000   55.910  28.02   57.765  28.95   54.712  27.42   0.918   0.46 0.188189000000000
289.000000 289.041667   59.202  29.67   63.971  32.06   53.156  26.64   2.953   1.48 0.188189000000000
289.041667 289.083333   63.153  31.65   67.123  33.64   59.721  29.93   2.095   1.05 0.188189000000000
289.083333 289.125000   59.741  29.94   68.620  34.39   56.708  28.42   3.252   1.63 0.189188000000000
289.125000 289.166667   61.955  31.05   64.869  32.51   59.202  29.67   1.836   0.92 0.189188000000000
289.166667 289.208333   64.090  32.12   71.154  35.66   61.397  30.77   3.153   1.58 0.188189000000000
289.208333 289.250000   77.958  39.07   83.884  42.04   71.912  36.04   4.230   2.12 0.000000000000000
289.250000 289.291667   76.661  38.42   83.505  41.85   71.334  35.75   4.070   2.04 0.189188000000000
289.291667 289.333333   73.788  36.98   75.963  38.07   71.792  35.98   1.277   0.64 0.188189000000000
289.333333 289.375000   83.884  42.04   86.977  43.59   77.399  38.79   2.674   1.34 0.188000000000000
289.375000 289.416667   79.115  39.65   80.871  40.53   76.062  38.12   1.716   0.86 0.000000000000000
289.416667 289.458333   79.016  39.60   80.871  40.53   78.277  39.23   0.718   0.36 0.000000000000000
289.458333 289.500000   80.592  40.39   84.742  42.47   77.160  38.67   2.135   1.07 0.000000000000000
289.500000 289.541667   70.017  35.09   85.321  42.76   62.055  31.10   7.223   3.62 0.000000000000000
289.541667 289.583333   72.112  36.14   77.539  38.86   64.589  32.37   4.070   2.04 0.000000000000000
289.583333 289.625000   82.607  41.40   86.338  43.27   77.739  38.96   2.454   1.23 0.000000000000000
289.625000 289.666667   83.206  41.70   85.321  42.76   79.055  39.62   2.115   1.06 0.000000000000000
289.666667 289.708333   83.385  41.79   85.840  43.02   79.754  39.97   2.015   1.01 0.000000000000000
289.708333 289.750000   78.237  39.21   79.973  40.08   73.868  37.02   1.736   0.87 0.189188000000000
289.750000 289.791667   75.244  37.71   81.490  40.84   67.702  33.93   4.988   2.50 0.189188000000000
289.791667 289.833333   59.920  30.03   61.796  30.97   58.743  29.44   0.798   0.40 0.189188000000000
289.833333 289.875000   57.446  28.79   58.942  29.54   55.071  27.60   0.938   0.47 0.189188000000000
289.875000 289.916667   48.008  24.06   52.398  26.26   44.217  22.16   2.634   1.32 0.188189000000000
289.916667 289.958333   46.891  23.50   49.105  24.61   45.334  22.72   1.097   0.55 0.188189000000000
289.958333 290.000000   50.482  25.30   52.837  26.48   49.006  24.56   1.377   0.69 0.189000000000000
290.000000 290.041667   53.794  26.96   55.231  27.68   52.697  26.41   0.798   0.40 0.189000000000000
290.041667 290.083333   54.792  27.46   55.790  27.96   53.555  26.84   0.579   0.29 0.189000000000000
290.083333 290.125000   55.351  27.74   56.009  28.07   54.553  27.34   0.419   0.21 0.189188000000000
290.125000 290.166667   53.316  26.72   54.413  27.27   51.220  25.67   1.018   0.51 0.189188000000000
290.166667 290.208333   54.094  27.11   55.032  27.58   53.236  26.68   0.639   0.32 0.189188000000000
290.208333 290.250000   56.109  28.12   57.985  29.06   54.134  27.13   1.317   0.66 0.189188000000000
290.250000 290.291667   55.331  27.73   57.446  28.79   54.293  27.21   0.878   0.44 0.188189000000000
290.291667 290.333333   75.404  37.79   89.471  44.84   59.122  29.63   9.757   4.89 0.189188000000000
290.333333 290.375000   71.353  35.76   79.874  40.03   63.093  31.62   5.288   2.65 0.000000000000000
290.375000 290.416667   67.782  33.97   73.429  36.80   64.589  32.37   2.973   1.49 0.000000000000000
290.416667 290.458333   64.031  32.09   68.181  34.17   59.780  29.96   2.734   1.37 0.000000000000000
290.458333 290.500000   58.603  29.37   62.135  31.14   55.730  27.93   2.115   1.06 0.000000000000000
290.500000 290.541667   49.764  24.94   54.672  27.40   42.241  21.17   4.749   2.38 0.189000000000000
290.541667 290.583333   50.722  25.42   52.537  26.33   49.884  25.00   0.938   0.47 0.000000000000000
290.583333 290.625000   59.820  29.98   65.727  32.94   53.974  27.05   3.392   1.70 0.000000000000000
290.625000 290.666667   64.589  32.37   71.613  35.89   57.825  28.98   4.928   2.47 0.000000000000000
290.666667 290.708333   75.863  38.02   81.530  40.86   71.872  36.02   3.213   1.61 0.000000000000000
290.708333 290.750000   87.855  44.03  105.274  52.76   78.098  39.14   8.760   4.39 0.189000000000000
290.750000 290.791667   98.750  49.49  105.115  52.68   88.633  44.42   5.727   2.87 0.189000000000000
290.791667 290.833333   74.067  37.12   84.862  42.53   50.043  25.08  12.730   6.38 0.189000000000000
290.833333 290.875000   50.023  25.07   51.939  26.03   46.891  23.50   1.596   0.80 0.189000000000000
290.875000 290.916667   50.043  25.08   55.750  27.94   47.369  23.74   2.774   1.39 0.189000000000000
290.916667 290.958333   51.659  25.89   52.877  26.50   50.602  25.36   0.639   0.32 0.189000000000000
290.958333 291.000000   52.637  26.38   54.553  27.34   51.420  25.77   0.858   0.43 0.189000000000000
291.000000 291.041667   51.380  25.75   52.258  26.19   50.283  25.20   0.579   0.29 0.189000000000000
291.041667 291.083333   53.515  26.82   54.912  27.52   52.118  26.12   0.958   0.48 0.189188000000000
291.083333 291.125000   53.954  27.04   54.992  27.56   51.979  26.05   0.998   0.50 0.189188000000000
291.125000 291.166667   50.762  25.44   53.415  26.77   47.150  23.63   1.696   0.85 0.189188000000000
291.166667 291.208333   48.906  24.51   49.584  24.85   47.389  23.75   0.639   0.32 0.188189000000000
291.208333 291.250000   46.891  23.50   48.726  24.42   44.855  22.48   1.237   0.62 0.188189000000000
