ozone_datasets/Ebas_221019_1549/US1200R.19730901010000.20181119130908.uv_abs.ozone.air.4mo.1h.US06L_Thermo_49_MLO.US06L_AM.lev2.nas
80 1001
McClure-Begley, Audra; Petropavlovskikh, Irina
US06L, National Oceanic and Atmospheric Administration, NOAA/ESRL/GMD, "Earth System Research Laboratory, Global Monitoring Division", 325 Broadway, , CO 80305-3, Boulder, U.S.A.
McClure-Begley, Audra
GAW-WDCRG NOAA-ESRL
1 1
1973 01 01 2018 11 19
0.041667
days from file reference point
8
1 1 1 1 1 1 1 1
999.999999 9999.99 999.9 9999.99 999.9 9999.99 999.9 9.999
end_time of measurement, days from the file reference point
ozone, ug/m3, Statistics=arithmetic mean, Volume std. temperature=293.15 K, Volume std. pressure=1013.25 hPa, Detection limit=2.0 ug/m3, Measurement uncertainty=2.0 ug/m3, Measurement uncertainty expl.=includes statistical uncertainty of individual sample and calibration uncertainty, "Comment=Data converted on import into EBAS from 'nmol/mol' to 'ug/m3' at 293.15 K, 1013.25 hPa, conversion factor 1.9953."
ozone, nmol/mol, Statistics=arithmetic mean, Detection limit=1.0 nmol/mol, Measurement uncertainty=1.0 nmol/mol, Measurement uncertainty expl.=includes statistical uncertainty of individual sample and calibration uncertainty, "Comment=Data converted on import into EBAS from 'nmol/mol' to 'ug/m3' at 293.15 K, 1013.25 hPa, conversion factor 1.9953. -- Data converted on export from EBAS from 'ug/m3' at 293.15 K, 1013.25 hPa to 'nmol/mol', conversion factor 0.501. Measurement uncertainty converted from '2.0 ug/m3' at 293.15 K, 1013.25 hPa to '1.0 nmol/mol', conversion factor 0.501. Detection limit converted from '2.0 ug/m3' at 293.15 K, 1013.25 hPa to '1.0 nmol/mol', conversion factor 0.501."
ozone, ug/m3, Statistics=maximum, Volume std. temperature=293.15 K, Volume std. pressure=1013.25 hPa, Detection limit=2.0 ug/m3, "Comment=Data converted on import into EBAS from 'nmol/mol' to 'ug/m3' at 293.15 K, 1013.25 hPa, conversion factor 1.9953. Detection limit converted from '1.0 nmol/mol' to '2.0 ug/m3' at 293.15 K, 1013.25 hPa, conversion factor 1.9953."
ozone, nmol/mol, Statistics=maximum, Detection limit=1.0 nmol/mol, "Comment=Data converted on import into EBAS from 'nmol/mol' to 'ug/m3' at 293.15 K, 1013.25 hPa, conversion factor 1.9953. Detection limit converted from '1.0 nmol/mol' to '2.0 ug/m3' at 293.15 K, 1013.25 hPa, conversion factor 1.9953. -- Data converted on export from EBAS from 'ug/m3' at 293.15 K, 1013.25 hPa to 'nmol/mol', conversion factor 0.501. Detection limit converted from '2.0 ug/m3' at 293.15 K, 1013.25 hPa to '1.0 nmol/mol', conversion factor 0.501."
ozone, ug/m3, Statistics=minimum, Volume std. temperature=293.15 K, Volume std. pressure=1013.25 hPa, Detection limit=2.0 ug/m3, "Comment=Data converted on import into EBAS from 'nmol/mol' to 'ug/m3' at 293.15 K, 1013.25 hPa, conversion factor 1.9953. Detection limit converted from '1.0 nmol/mol' to '2.0 ug/m3' at 293.15 K, 1013.25 hPa, conversion factor 1.9953."
[...]
Instrument manufacturer:      Thermo
Instrument model:             49
Instrument serial number:     323000000000552
Method ref:                   US06L_AM
Standard method:              SOP=GAW_209(2013)
Inlet type:                   Hat or hood
Inlet description:            Downward Facing, teflon inlet bell
Inlet tube material:          Teflon
Inlet tube outer diameter:    6.35 mm
Inlet tube inner diameter:    4.76 mm
Inlet tube length:            7.0 m
Humidity/temperature control description: Automatic
Zero/negative values code:    Zero/negative possible
Zero/negative values:         Zero and neg. values may appear due to statistical variations at very low concentrations
Absorption cross section:     Hearn, 1961 cm2
Originator:                   "McClure-Begley, Audra, Audra.mcclure@noaa.gov, National Oceanic and Atmospheric Administration/Earth System Research Laboratory/Global Monitoring Division, NOAA/ESRL/GMD, , 325 Broadway, , 80305, ""Boulder, CO"", USA"
Originator:                   "Petropavlovskikh, Irina, Irina.petro@noaa.gov, National Oceanic and Atmospheric Administration/Earth System Research Laboratory/Global Monitoring Division, NOAA/ESRL/GMD, , 325 Broadway, , 80305, ""Boulder, CO"", USA"
Submitter:                    "McClure-Begley, Audra, Audra.mcclure@noaa.gov, National Oceanic and Atmospheric Administration/Earth System Research Laboratory/Global Monitoring Division, NOAA/ESRL/GMD, , 325 Broadway, , 80305, ""Boulder, CO"", USA"
Acknowledgement:              "Request Acknowledgement details from data originator. http://dx.doi.org/10.7289/V57P8WBF"
starttime endtime O3 O3 O3 O3 O3 O3 flag
[from data line 1372]
300.208333 300.250000   86.20  43.2   86.20  43.2   86.20  43.2 0.000
300.250000 300.291667   84.00  42.1   84.00  42.1   84.00  42.1 0.000
300.291667 300.333333   78.42  39.3   78.42  39.3   78.42  39.3 0.000
300.333333 300.375000   89.99  45.1   89.99  45.1   89.99  45.1 0.000
300.375000 300.416667   93.18  46.7   93.18  46.7   93.18  46.7 0.000
300.416667 300.458333   95.18  47.7   95.18  47.7   95.18  47.7 0.000
300.458333 300.500000   95.18  47.7   95.18  47.7   95.18  47.7 0.000
300.500000 300.541667   95.18  47.7   95.18  47.7   95.18  47.7 0.000
300.541667 300.583333   95.18  47.7   95.18  47.7   95.18  47.7 0.000
300.583333 300.625000   95.18  47.7   95.18  47.7   95.18  47.7 0.000
300.625000 300.666667   93.18  46.7   93.18  46.7   93.18  46.7 0.000
300.666667 300.708333  104.36  52.3  104.36  52.3  104.36  52.3 0.000
300.708333 300.750000  103.16  51.7  103.16  51.7  103.16  51.7 0.000
300.750000 300.791667  104.36  52.3  104.36  52.3  104.36  52.3 0.000
300.791667 300.833333   95.18  47.7   95.18  47.7   95.18  47.7 0.000
300.833333 300.875000   91.99  46.1   91.99  46.1   91.99  46.1 0.000
300.875000 300.916667   74.03  37.1   74.03  37.1   74.03  37.1 0.000
300.916667 300.958333   73.03  36.6   73.03  36.6   73.03  36.6 0.000
300.958333 301.000000   73.03  36.6   73.03  36.6   73.03  36.6 0.000
301.000000 301.041667   61.46  30.8   61.46  30.8   61.46  30.8 0.000
301.041667 301.083333   60.66  30.4   60.66  30.4   60.66  30.4 0.000
301.083333 301.125000   65.05  32.6   65.05  32.6   65.05  32.6 0.000
301.125000 301.166667   70.64  35.4   70.64  35.4   70.64  35.4 0.000
301.166667 301.208333   75.22  37.7   75.22  37.7   75.22  37.7 0.000
301.208333 301.250000   75.22  37.7   75.22  37.7   75.22  37.7 0.000
301.250000 301.291667   82.01  41.1   82.01  41.1   82.01  41.1 0.000
301.291667 301.333333   83.21  41.7   83.21  41.7   83.21  41.7 0.000
301.333333 301.375000   82.41  41.3   82.41  41.3   82.41  41.3 0.000
301.375000 301.416667   81.21  40.7   81.21  40.7   81.21  40.7 0.000
301.416667 301.458333   82.41  41.3   82.41  41.3   82.41  41.3 0.000
301.458333 301.500000   82.41  41.3   82.41  41.3   82.41  41.3 0.000
301.500000 301.541667   84.60  42.4   84.60  42.4   84.60  42.4 0.000
301.541667 301.583333   82.41  41.3   82.41  41.3   82.41  41.3 0.000
301.583333 301.625000   82.41  41.3   82.41  41.3   82.41  41.3 0.000
301.625000 301.666667   84.60  42.4   84.60  42.4   84.60  42.4 0.000
301.666667 301.708333   87.00  43.6   87.00  43.6   87.00  43.6 0.000
301.708333 301.750000   88.19  44.2   88.19  44.2   88.19  44.2 0.000
301.750000 301.791667   82.61  41.4   82.61  41.4   82.61  41.4 0.000
301.791667 301.833333   81.41  40.8   81.41  40.8   81.41  40.8 0.000
301.833333 301.875000   77.42  38.8   77.42  38.8   77.42  38.8 0.000
301.875000 301.916667   73.83  37.0   73.83  37.0   73.83  37.0 0.000
301.916667 301.958333   70.24  35.2   70.24  35.2   70.24  35.2 0.000
301.958333 302.000000   70.24  35.2   70.24  35.2   70.24  35.2 0.000
302.000000 302.041667   69.44  34.8   69.44  34.8   69.44  34.8 0.000
302.041667 302.083333   71.83  36.0   71.83  36.0   71.83  36.0 0.000
302.083333 302.125000   71.83  36.0   71.83  36.0   71.83  36.0 0.000
302.125000 302.166667   67.04  33.6   67.04  33.6   67.04  33.6 0.000
302.166667 302.208333   64.65  32.4   64.65  32.4   64.65  32.4 0.000
302.208333 302.250000   62.65  31.4   62.65  31.4   62.65  31.4 0.000
302.250000 302.291667   64.65  32.4   64.65  32.4   64.65  32.4 0.000
302.291667 302.333333   73.03  36.6   73.03  36.6   73.03  36.6 0.000
302.333333 302.375000   71.83  36.0   71.83  36.0   71.83  36.0 0.000
302.375000 302.416667   71.83  36.0   71.83  36.0   71.83  36.0 0.000
302.416667 302.458333   71.83  36.0   71.83  36.0   71.83  36.0 0.000
302.458333 302.500000   71.83  36.0   71.83  36.0   71.83  36.0 0.000
302.500000 302.541667   73.83  37.0   73.83  37.0   73.83  37.0 0.000
302.541667 302.583333   73.83  37.0   73.83  37.0   73.83  37.0 0.000
302.583333 302.625000   75.02  37.6   75.02  37.6   75.02  37.6 0.000
302.625000 302.666667   75.82  38.0   75.82  38.0   75.82  38.0 0.000
302.666667 302.708333   84.60  42.4   84.60  42.4   84.60  42.4 0.000
302.708333 302.750000   89.39  44.8   89.39  44.8   89.39  44.8 0.000
302.750000 302.791667   89.39  44.8   89.39  44.8   89.39  44.8 0.000
302.791667 302.833333   82.61  41.4   82.61  41.4   82.61  41.4 0.000
302.833333 302.875000   75.82  38.0   75.82  38.0   75.82  38.0 0.000
302.875000 302.916667   73.63  36.9   73.63  36.9   73.63  36.9 0.000
302.916667 302.958333   68.84  34.5   68.84  34.5   68.84  34.5 0.000
302.958333 303.000000   63.65  31.9   63.65  31.9   63.65  31.9 0.000
303.000000 303.041667   62.65  31.4   62.65  31.4   62.65  31.4 0.000
303.041667 303.083333   67.04  33.6   67.04  33.6   67.04  33.6 0.000
303.083333 303.125000   63.85  32.0   63.85  32.0   63.85  32.0 0.000
303.125000 303.166667   62.65  31.4   62.65  31.4   62.65  31.4 0.000
303.166667 303.208333   58.26  29.2   58.26  29.2   58.26  29.2 0.000
303.208333 303.250000   55.87  28.0   55.87  28.0   55.87  28.0 0.000
303.250000 303.291667   57.07  28.6   57.07  28.6   57.07  28.6 0.000
303.291667 303.333333   60.26  30.2   60.26  30.2   60.26  30.2 0.000
303.333333 303.375000   62.65  31.4   62.65  31.4   62.65  31.4 0.000
303.375000 303.416667   65.85  33.0   65.85  33.0   65.85  33.0 0.000
303.416667 303.458333   67.04  33.6   67.04  33.6   67.04  33.6 0.000
303.458333 303.500000   65.85  33.0   65.85  33.0   65.85  33.0 0.000
303.500000 303.541667   73.03  36.6   73.03  36.6   73.03  36.6 0.000
303.541667 303.583333   71.83  36.0   71.83  36.0   71.83  36.0 0.000
303.583333 303.625000   74.03  37.1   74.03  37.1   74.03  37.1 0.000
303.625000 303.666667   75.22  37.7   75.22  37.7   75.22  37.7 0.000
303.666667 303.708333   77.42  38.8   77.42  38.8   77.42  38.8 0.000
303.708333 303.750000   74.03  37.1   74.03  37.1   74.03  37.1 0.000
303.750000 303.791667   74.03  37.1   74.03  37.1   74.03  37.1 0.000
303.791667 303.833333   74.03  37.1   74.03  37.1   74.03  37.1 0.000
303.833333 303.875000   70.64  35.4   70.64  35.4   70.64  35.4 0.000
303.875000 303.916667   62.65  31.4   62.65  31.4   62.65  31.4 0.000
303.916667 303.958333   59.46  29.8   59.46  29.8   59.46  29.8 0.000
303.958333 304.000000   60.66  30.4   60.66  30.4   60.66  30.4 0.000
304.000000 304.041667   60.46  30.3   60.46  30.3   60.46  30.3 0.000
304.041667 304.083333   62.65  31.4   62.65  31.4   62.65  31.4 0.000
304.083333 304.125000   62.65  31.4   62.65  31.4   62.65  31.4 0.000
304.125000 304.166667   62.65  31.4   62.65  31.4   62.65  31.4 0.000
304.166667 304.208333   61.66  30.9   61.66  30.9   61.66  30.9 0.000
304.208333 304.250000   61.66  30.9   61.66  30.9   61.66  30.9 0.000
304.250000 304.291667   60.66  30.4   60.66  30.4   60.66  30.4 0.000
304.291667 304.333333   58.26  29.2   58.26  29.2   58.26  29.2 0.000
304.333333 304.375000   59.46  29.8   59.46  29.8   59.46  29.8 0.000
304.375000 304.416667   57.07  28.6   57.07  28.6   57.07  28.6 0.000
304.416667 304.458333   56.27  28.2   56.27  28.2   56.27  28.2 0.000
304.458333 304.500000   55.07  27.6   55.07  27.6   55.07  27.6 0.000
304.500000 304.541667   56.27  28.2   56.27  28.2   56.27  28.2 0.000
304.541667 304.583333   59.46  29.8   59.46  29.8   59.46  29.8 0.000
304.583333 304.625000   58.26  29.2   58.26  29.2   58.26  29.2 0.000
304.625000 304.666667   61.86  31.0   61.86  31.0   61.86  31.0 0.000
304.666667 304.708333   62.65  31.4   62.65  31.4   62.65  31.4 0.000
304.708333 304.750000   59.46  29.8   59.46  29.8   59.46  29.8 0.000
304.750000 304.791667   60.66  30.4   60.66  30.4   60.66  30.4 0.000
304.791667 304.833333   59.46  29.8   59.46  29.8   59.46  29.8 0.000
304.833333 304.875000   59.46  29.8   59.46  29.8   59.46  29.8 0.000
304.875000 304.916667   60.66  30.4   60.66  30.4   60.66  30.4 0.000
304.916667 304.958333   59.46  29.8   59.46  29.8   59.46  29.8 0.000
304.958333 305.000000   61.86  31.0   61.86  31.0   61.86  31.0 0.000
305.000000 305.041667   62.65  31.4   62.65  31.4   62.65  31.4 0.000
305.041667 305.083333   64.85  32.5   64.85  32.5   64.85  32.5 0.000
305.083333 305.125000   63.85  32.0   63.85  32.0   63.85  32.0 0.000
305.125000 305.166667   59.46  29.8   59.46  29.8   59.46  29.8 0.000
305.166667 305.208333   60.46  30.3   60.46  30.3   60.46  30.3 0.000
305.208333 305.250000   64.85  32.5   64.85  32.5   64.85  32.5 0.000
305.250000 305.291667   66.05  33.1   66.05  33.1   66.05  33.1 0.000
305.291667 305.333333   69.44  34.8   69.44  34.8   69.44  34.8 0.000
305.333333 305.375000   67.04  33.6   67.04  33.6   67.04  33.6 0.000
305.375000 305.416667   69.44  34.8   69.44  34.8   69.44  34.8 0.000
305.416667 305.458333   69.44  34.8   69.44  34.8   69.44  34.8 0.000
305.458333 305.500000   69.44  34.8   69.44  34.8   69.44  34.8 0.000
305.500000 305.541667   67.04  33.6   67.04  33.6   67.04  33.6 0.000
305.541667 305.583333   67.04  33.6   67.04  33.6   67.04  33.6 0.000
305.583333 305.625000   64.85  32.5   64.85  32.5   64.85  32.5 0.000
305.625000 305.666667   61.66  30.9   61.66  30.9   61.66  30.9 0.000
305.666667 305.708333   61.66  30.9   61.66  30.9   61.66  30.9 0.000
305.708333 305.750000   67.04  33.6   67.04  33.6   67.04  33.6 0.000
305.750000 305.791667   66.05  33.1   66.05  33.1   66.05  33.1 0.000
305.791667 305.833333   64.85  32.5   64.85  32.5   64.85  32.5 0.000
305.833333 305.875000   64.85  32.5   64.85  32.5   64.85  32.5 0.000
305.875000 305.916667   64.85  32.5   64.85  32.5   64.85  32.5 0.000
305.916667 305.958333   66.05  33.1   66.05  33.1   66.05  33.1 0.000
305.958333 306.000000   71.83  36.0   71.83  36.0   71.83  36.0 0.000
306.000000 306.041667   78.62  39.4   78.62  39.4   78.62  39.4 0.000
306.041667 306.083333   77.42  38.8   77.42  38.8   77.42  38.8 0.000
306.083333 306.125000   71.83  36.0   71.83  36.0   71.83  36.0 0.000
306.125000 306.166667   67.04  33.6   67.04  33.6   67.04  33.6 0.000
306.166667 306.208333   61.66  30.9   61.66  30.9   61.66  30.9 0.000
306.208333 306.250000   61.66  30.9   61.66  30.9   61.66  30.9 0.000
306.250000 306.291667   63.85  32.0   63.85  32.0   63.85  32.0 0.000
306.291667 306.333333   67.04  33.6   67.04  33.6   67.04  33.6 0.000
306.333333 306.375000   69.44  34.8   69.44  34.8   69.44  34.8 0.000
306.375000 306.416667   68.24  34.2   68.24  34.2   68.24  34.2 0.000
306.416667 306.458333   70.44  35.3   70.44  35.3   70.44  35.3 0.000
306.458333 306.500000   75.02  37.6   75.02  37.6   75.02  37.6 0.000
306.500000 306.541667   85.00  42.6   85.00  42.6   85.00  42.6 0.000
306.541667 306.583333   85.00  42.6   85.00  42.6   85.00  42.6 0.000
306.583333 306.625000   87.40  43.8   87.40  43.8   87.40  43.8 0.000
306.625000 306.666667   83.01  41.6   83.01  41.6   83.01  41.6 0.000
306.666667 306.708333   86.20  43.2   86.20  43.2   86.20  43.2 0.000
306.708333 306.750000   79.81  40.0   79.81  40.0   79.81  40.0 0.000
306.750000 306.791667   70.44  35.3   70.44  35.3   70.44  35.3 0.000
306.791667 306.833333   69.44  34.8   69.44  34.8   69.44  34.8 0.000
306.833333 306.875000   70.44  35.3   70.44  35.3   70.44  35.3 0.000
306.875000 306.916667   68.24  34.2   68.24  34.2   68.24  34.2 0.000
306.916667 306.958333   70.44  35.3   70.44  35.3   70.44  35.3 0.000
306.958333 307.000000   69.44  34.8   69.44  34.8   69.44  34.8 0.000
307.000000 307.041667   67.04  33.6   67.04  33.6   67.04  33.6 0.000
307.041667 307.083333   67.04  33.6   67.04  33.6   67.04  33.6 0.000
307.083333 307.125000   67.04  33.6   67.04  33.6   67.04  33.6 0.000
307.125000 307.166667   66.05  33.1   66.05  33.1   66.05  33.1 0.000
307.166667 307.208333   66.05  33.1   66.05  33.1   66.05  33.1 0.000
307.208333 307.250000   60.46  30.3   60.46  30.3   60.46  30.3 0.000
307.250000 307.291667   50.08  25.1   50.08  25.1   50.08  25.1 0.000
307.291667 307.333333   60.46  30.3   60.46  30.3   60.46  30.3 0.000
307.333333 307.375000   62.65  31.4   62.65  31.4   62.65  31.4 0.000
307.375000 307.416667   67.04  33.6   67.04  33.6   67.04  33.6 0.000
307.416667 307.458333   64.85  32.5   64.85  32.5   64.85  32.5 0.000
307.458333 307.500000   68.24  34.2   68.24  34.2   68.24  34.2 0.000
307.500000 307.541667   78.62  39.4   78.62  39.4   78.62  39.4 0.000
307.541667 307.583333   81.81  41.0   81.81  41.0   81.81  41.0 0.000
307.583333 307.625000   91.99  46.1   91.99  46.1   91.99  46.1 0.000
307.625000 307.666667   91.99  46.1   91.99  46.1   91.99  46.1 0.000
307.666667 307.708333   93.18  46.7   93.18  46.7   93.18  46.7 0.000
307.708333 307.750000   93.18  46.7   93.18  46.7   93.18  46.7 0.000
307.750000 307.791667   91.99  46.1   91.99  46.1   91.99  46.1 0.000
307.791667 307.833333   89.99  45.1   89.99  45.1   89.99  45.1 0.000
307.833333 307.875000   78.62  39.4   78.62  39.4   78.62  39.4 0.000
307.875000 307.916667   71.83  36.0   71.83  36.0   71.83  36.0 0.000
307.916667 307.958333   67.04  33.6   67.04  33.6   67.04  33.6 0.000
307.958333 308.000000   66.05  33.1   66.05  33.1   66.05  33.1 0.000
308.000000 308.041667   63.85  32.0   63.85  32.0   63.85  32.0 0.000
308.041667 308.083333   64.85  32.5   64.85  32.5   64.85  32.5 0.000
308.083333 308.125000   66.05  33.1   66.05  33.1   66.05  33.1 0.000
308.125000 308.166667   67.04  33.6   67.04  33.6   67.04  33.6 0.000
308.166667 308.208333   70.44  35.3   70.44  35.3   70.44  35.3 0.000
308.208333 308.250000   76.22  38.2   76.22  38.2   76.22  38.2 0.000
308.250000 308.291667   73.03  36.6   73.03  36.6   73.03  36.6 0.000
308.291667 308.333333   71.83  36.0   71.83  36.0   71.83  36.0 0.000
308.333333 308.375000   70.44  35.3   70.44  35.3   70.44  35.3 0.000
308.375000 308.416667   73.03  36.6   73.03  36.6   73.03  36.6 0.000
308.416667 308.458333   71.83  36.0   71.83  36.0   71.83  36.0 0.000
308.458333 308.500000   70.44  35.3   70.44  35.3   70.44  35.3 0.000
308.500000 308.541667   71.83  36.0   71.83  36.0   71.83  36.0 0.000
308.541667 308.583333   69.44  34.8   69.44  34.8   69.44  34.8 0.000
308.583333 308.625000   67.04  33.6   67.04  33.6   67.04  33.6 0.000
308.625000 308.666667   67.04  33.6   67.04  33.6   67.04  33.6 0.000
308.666667 308.708333   67.04  33.6   67.04  33.6   67.04  33.6 0.000
308.708333 308.750000   71.83  36.0   71.83  36.0   71.83  36.0 0.000
308.750000 308.791667   83.01  41.6   83.01  41.6   83.01  41.6 0.000
308.791667 308.833333   91.99  46.1   91.99  46.1   91.99  46.1 0.000
308.833333 308.875000   88.59  44.4   88.59  44.4   88.59  44.4 0.000
308.875000 308.916667   87.40  43.8   87.40  43.8   87.40  43.8 0.000
308.916667 308.958333   78.62  39.4   78.62  39.4   78.62  39.4 0.000
308.958333 309.000000   70.44  35.3   70.44  35.3   70.44  35.3 0.000
309.000000 309.041667   67.04  33.6   67.04  33.6   67.04  33.6 0.000
309.041667 309.083333   63.85  32.0   63.85  32.0   63.85  32.0 0.000
309.083333 309.125000   63.85  32.0   63.85  32.0   63.85  32.0 0.000
309.125000 309.166667   73.03  36.6   73.03  36.6   73.03  36.6 0.000
309.166667 309.208333   71.83  36.0   71.83  36.0   71.83  36.0 0.000
309.208333 309.250000   68.24  34.2   68.24  34.2   68.24  34.2 0.000
309.250000 309.291667   69.44  34.8   69.44  34.8   69.44  34.8 0.000
309.291667 309.333333   70.44  35.3   70.44  35.3   70.44  35.3 0.000
309.333333 309.375000   71.83  36.0   71.83  36.0   71.83  36.0 0.000
309.375000 309.416667   73.03  36.6   73.03  36.6   73.03  36.6 0.000
309.416667 309.458333   76.22  38.2   76.22  38.2   76.22  38.2 0.000
309.458333 309.500000   83.01  41.6   83.01  41.6   83.01  41.6 0.000
309.500000 309.541667   81.81  41.0   81.81  41.0   81.81  41.0 0.000
309.541667 309.583333   78.62  39.4   78.62  39.4   78.62  39.4 0.000
309.583333 309.625000   76.22  38.2   76.22  38.2   76.22  38.2 0.000
309.625000 309.666667   80.61  40.4   80.61  40.4   80.61  40.4 0.000
309.666667 309.708333   76.22  38.2   76.22  38.2   76.22  38.2 0.000
