ozone_datasets/Ebas_221019_1549/US1200R.20190101000000.20220419100242.uv_abs.ozone.air.1y.1h.US06L_Thermo_49C_MLO.US06L_AM.lev2.nas
84 1001
McClure-Begley, Audra; Petropavlovskikh, Irina
US06L, National Oceanic and Atmospheric Administration, NOAA/ESRL/GMD, "Earth System Research Laboratory, Global Monitoring Division", 325 Broadway, , CO 80305-3, Boulder, U.S.A.
McClure-Begley, Audra; Petropavlovskikh, Irina
GAW-WDCRG NOAA-ESRL
1 1
2019 01 01 2022 04 19
0.041667
days from file reference point
10
1 1 1 1 1 1 1 1 1 1
999.999999 9999.999 9999.99 9999.999 9999.99 9999.999 9999.99 999.999 999.99 9.999999999
end_time of measurement, days from the file reference point
ozone, ug/m3, Statistics=arithmetic mean, Volume std. temperature=293.15 K, Volume std. pressure=1013.25 hPa, "Comment=Data converted on import into EBAS from 'ppb' to 'ug/m3' at 293.15 K, 1013.25 hPa, conversion factor 1.99534."
ozone, nmol/mol, Statistics=arithmetic mean, "Comment=Data converted on import into EBAS from 'ppb' to 'ug/m3' at 293.15 K, 1013.25 hPa, conversion factor 1.99534. -- Data converted on export from EBAS from 'ug/m3' at 293.15 K, 1013.25 hPa to 'nmol/mol', conversion factor 0.5012."
ozone, ug/m3, Statistics=maximum, Volume std. temperature=293.15 K, Volume std. pressure=1013.25 hPa, "Comment=Data converted on import into EBAS from 'ppb' to 'ug/m3' at 293.15 K, 1013.25 hPa, conversion factor 1.99534."
ozone, nmol/mol, Statistics=maximum, "Comment=Data converted on import into EBAS from 'ppb' to 'ug/m3' at 293.15 K, 1013.25 hPa, conversion factor 1.99534. -- Data converted on export from EBAS from 'ug/m3' at 293.15 K, 1013.25 hPa to 'nmol/mol', conversion factor 0.5012."
ozone, ug/m3, Statistics=minimum, Volume std. temperature=293.15 K, Volume std. pressure=1013.25 hPa, "Comment=Data converted on import into EBAS from 'ppb' to 'ug/m3' at 293.15 K, 1013.25 hPa, conversion factor 1.99534."
ozone, nmol/mol, Statistics=minimum, "Comment=Data converted on import into EBAS from 'ppb' to 'ug/m3' at 293.15 K, 1013.25 hPa, conversion factor 1.99534. -- Data converted on export from EBAS from 'ug/m3' at 293.15 K, 1013.25 hPa to 'nmol/mol', conversion factor 0.5012."
ozone, ug/m3, Statistics=stddev, Volume std. temperature=293.15 K, Volume std. pressure=1013.25 hPa, "Comment=Data converted on import into EBAS from 'ppb' to 'ug/m3' at 293.15 K, 1013.25 hPa, conversion factor 1.99534."
ozone, nmol/mol, Statistics=stddev, "Comment=Data converted on import into EBAS from 'ppb' to 'ug/m3' at 293.15 K, 1013.25 hPa, conversion factor 1.99534. -- Data converted on export from EBAS from 'ug/m3' at 293.15 K, 1013.25 hPa to 'nmol/mol', conversion factor 0.5012."
numflag, no unit
0
60
Data definition:              EBAS_1.1
Set type code:                TU
Timezone:                     UTC
File name:                    US1200R.20190101000000.20220419100242.uv_abs.ozone.air.1y.1h.US06L_Thermo_49C_MLO.US06L_AM.lev2.nas
File creation:                20221019135549885000
Export state:                 20221019135004513121
Export filter:                exclude-900,exclude-invalid
Startdate:                    20190101000000
Revision date:                20220419100242
Version:                      1
Version description:          Version numbering not tracked, generated by CPD3 EBAS Export v26 run as da.output.ebas (21601) run by mcclure on aero.cmdl.noaa.gov via da.output.ebas --profile=ozone mlo 2019-01-01 2020-01-01
Data level:                   2
[...]
Inlet type:                   Hat or hood
Inlet description:            Downward Facing, teflon inlet bell
Inlet tube material:          Teflon
Inlet tube outer diameter:    6.35 mm
Inlet tube inner diameter:    4.76 mm
Inlet tube length:            7.0 m
Flow rate:                    1.1 l/min
Absorption cross section:     Hearn, 1961 cm2
QA1 measure ID:               US06L_reference_calibration_20070630
QA1 date:                     20100101
QA1 outcome:                  pass
Originator:                   "McClure-Begley, Audra, Audra.mcclure@noaa.gov, National Oceanic and Atmospheric Administration/Earth System Research Laboratory/Global Monitoring Division, NOAA/ESRL/GMD, , 325 Broadway, , 80305, ""Boulder, CO"", USA"
Originator:                   "Petropavlovskikh, Irina, Irina.petro@noaa.gov, National Oceanic and Atmospheric Administration/Earth System Research Laboratory/Global Monitoring Division, NOAA/ESRL/GMD, , 325 Broadway, , 80305, ""Boulder, CO"", USA"
Submitter:                    "McClure-Begley, Audra, Audra.mcclure@noaa.gov, National Oceanic and Atmospheric Administration/Earth System Research Laboratory/Global Monitoring Division, NOAA/ESRL/GMD, , 325 Broadway, , 80305, ""Boulder, CO"", USA"
Submitter:                    "Petropavlovskikh, Irina, Irina.petro@noaa.gov, National Oceanic and Atmospheric Administration/Earth System Research Laboratory/Global Monitoring Division, NOAA/ESRL/GMD, , 325 Broadway, , 80305, ""Boulder, CO"", USA"
Acknowledgement:              "Request Acknowledgement details from data originator. http://dx.doi.org/10.7289/V57P8WBF"
starttime endtime O3 O3 O3 O3 O3 O3 O3 O3 flag
[from data line 2241]
 93.375000  93.416667   99.488   49.86  100.406   50.32   98.989   49.61   0.479   0.24 0.000000000
 93.416667  93.458333   94.579   47.40  101.004   50.62   90.349   45.28   4.829   2.42 0.000000000
 93.458333  93.500000   91.287   45.75   92.085   46.15   90.070   45.14   0.639   0.32 0.000000000
 93.500000  93.541667   94.958   47.59   97.792   49.01   92.424   46.32   1.935   0.97 0.000000000
 93.541667  93.583333   97.213   48.72   98.769   49.50   95.158   47.69   1.297   0.65 0.000000000
 93.583333  93.625000   99.009   49.62   99.907   50.07   98.610   49.42   0.359   0.18 0.000000000
 93.625000  93.666667  104.336   52.29  108.786   54.52  100.046   50.14   3.372   1.69 0.000000000
 93.666667  93.708333  107.749   54.00  108.946   54.60  106.052   53.15   0.938   0.47 0.000000000
 93.708333  93.750000  103.399   51.82  107.429   53.84   99.608   49.92   2.694   1.35 0.189000000
 93.750000  93.791667  102.481   51.36  103.179   51.71  101.942   51.09   0.559   0.28 0.189188000
 93.791667  93.833333 9999.999 9999.99 9999.999 9999.99 9999.999 9999.99 999.999 999.99 0.189999000
 93.833333  93.875000 9999.999 9999.99 9999.999 9999.99 9999.999 9999.99 999.999 999.99 0.189999000
 93.875000  93.916667   91.886   46.05   93.502   46.86   89.711   44.96   1.596   0.80 0.189000000
 93.916667  93.958333   96.195   48.21   98.989   49.61   92.265   46.24   2.055   1.03 0.189000000
 93.958333  94.000000   96.016   48.12   99.428   49.83   92.604   46.41   1.656   0.83 0.189000000
 94.000000  94.041667   92.564   46.39   97.373   48.80   90.189   45.20   2.414   1.21 0.189000000
 94.041667  94.083333   87.895   44.05   89.830   45.02   86.099   43.15   1.137   0.57 0.189000000
 94.083333  94.125000   87.216   43.71   89.152   44.68   85.042   42.62   1.297   0.65 0.189000000
 94.125000  94.166667   85.999   43.10   87.376   43.79   84.363   42.28   0.938   0.47 0.189000000
 94.166667  94.208333  107.010   53.63  114.213   57.24   89.371   44.79   9.837   4.93 0.189000000
 94.208333  94.250000  115.690   57.98  116.927   58.60  113.974   57.12   0.918   0.46 0.000000000
 94.250000  94.291667  116.348   58.31  117.366   58.82  115.291   57.78   0.698   0.35 0.000000000
 94.291667  94.333333  117.266   58.77  118.803   59.54  116.049   58.16   0.798   0.40 0.000000000
 94.333333  94.375000  118.823   59.55  119.561   59.92  118.144   59.21   0.499   0.25 0.000000000
 94.375000  94.416667  119.800   60.04  120.918   60.60  119.022   59.65   0.619   0.31 0.000000000
 94.416667  94.458333  119.321   59.80  121.097   60.69  117.266   58.77   1.377   0.69 0.000000000
 94.458333  94.500000  120.499   60.39  121.516   60.90  118.823   59.55   0.678   0.34 0.000000000
 94.500000  94.541667  121.596   60.94  121.955   61.12  121.018   60.65   0.319   0.16 0.000000000
 94.541667  94.583333  121.975   61.13  123.113   61.70  120.279   60.28   0.918   0.46 0.000000000
 94.583333  94.625000  123.432   61.86  124.190   62.24  122.374   61.33   0.499   0.25 0.000000000
 94.625000  94.666667  123.412   61.85  124.310   62.30  122.334   61.31   0.539   0.27 0.000000000
 94.666667  94.708333  123.631   61.96  124.469   62.38  122.694   61.49   0.738   0.37 0.000000000
 94.708333  94.750000  120.319   60.30  122.474   61.38  117.606   58.94   1.736   0.87 0.189188000
 94.750000  94.791667  115.211   57.74  120.160   60.22  108.108   54.18   4.190   2.10 0.189188000
 94.791667  94.833333  103.538   51.89  115.610   57.94   94.460   47.34   8.161   4.09 0.189000000
 94.833333  94.875000   91.606   45.91  105.813   53.03   83.605   41.90   8.001   4.01 0.189000000
 94.875000  94.916667   80.073   40.13   83.345   41.77   75.524   37.85   2.993   1.50 0.189000000
 94.916667  94.958333   72.611   36.39   76.382   38.28   69.498   34.83   2.374   1.19 0.189000000
 94.958333  95.000000   66.724   33.44   68.520   34.34   65.647   32.90   0.978   0.49 0.189000000
 95.000000  95.041667   66.305   33.23   67.882   34.02   65.667   32.91   0.658   0.33 0.189000000
 95.041667  95.083333   65.567   32.86   66.884   33.52   64.529   32.34   0.678   0.34 0.189000000
 95.083333  95.125000   63.452   31.80   65.547   32.85   61.876   31.01   1.357   0.68 0.189000000
 95.125000  95.166667   65.447   32.80   70.755   35.46   62.035   31.09   3.113   1.56 0.189000000
 95.166667  95.208333   81.809   41.00   87.177   43.69   70.835   35.50   5.188   2.60 0.189188000
 95.208333  95.250000   78.557   39.37   84.263   42.23   72.132   36.15   3.552   1.78 0.189188000
 95.250000  95.291667   88.154   44.18   91.028   45.62   82.887   41.54   2.694   1.35 0.188189000
 95.291667  95.333333  108.826   54.54  120.938   60.61   93.302   46.76   9.558   4.79 0.189000000
 95.333333  95.375000  118.643   59.46  124.988   62.64  112.198   56.23   5.367   2.69 0.000000000
 95.375000  95.416667  125.746   63.02  128.560   64.43  120.439   60.36   2.554   1.28 0.000000000
 95.416667  95.458333  124.689   62.49  129.198   64.75  121.696   60.99   2.534   1.27 0.000000000
 95.458333  95.500000  121.117   60.70  121.616   60.95  120.738   60.51   0.279   0.14 0.000000000
 95.500000  95.541667  121.756   61.02  122.474   61.38  120.120   60.20   0.778   0.39 0.000000000
 95.541667  95.583333  122.354   61.32  122.973   61.63  121.317   60.80   0.539   0.27 0.000000000
 95.583333  95.625000  123.871   62.08  124.609   62.45  123.173   61.73   0.479   0.24 0.000000000
 95.625000  95.666667  125.966   63.13  127.123   63.71  124.569   62.43   0.838   0.42 0.000000000
 95.666667  95.708333  126.185   63.24  127.602   63.95  125.347   62.82   0.619   0.31 0.000000000
 95.708333  95.750000  127.223   63.76  129.218   64.76  123.153   61.72   2.135   1.07 0.189000000
 95.750000  95.791667  119.601   59.94  128.261   64.28  105.055   52.65   7.243   3.63 0.189000000
 95.791667  95.833333   99.568   49.90  111.280   55.77   92.883   46.55   6.664   3.34 0.189000000
 95.833333  95.875000   89.092   44.65   93.262   46.74   83.306   41.75   3.632   1.82 0.189000000
 95.875000  95.916667   69.737   34.95   78.018   39.10   63.013   31.58   4.490   2.25 0.189000000
 95.916667  95.958333   66.724   33.44   68.700   34.43   64.849   32.50   1.097   0.55 0.189000000
 95.958333  96.000000   63.472   31.81   66.186   33.17   62.055   31.10   1.217   0.61 0.189000000
 96.000000  96.041667   61.317   30.73   64.051   32.10   59.322   29.73   1.497   0.75 0.189000000
 96.041667  96.083333   59.780   29.96   68.660   34.41   56.388   28.26   3.552   1.78 0.189000000
 96.083333  96.125000   63.991   32.07   75.863   38.02   57.705   28.92   5.986   3.00 0.189000000
 96.125000  96.166667   83.126   41.66   91.147   45.68   75.564   37.87   5.128   2.57 0.189000000
 96.166667  96.208333   94.659   47.44  100.924   50.58   89.132   44.67   3.911   1.96 0.189000000
 96.208333  96.250000   70.775   35.47   98.730   49.48   63.272   31.71  11.354   5.69 0.189000000
 96.250000  96.291667   68.899   34.53   80.552   40.37   63.193   31.67   4.350   2.18 0.189188000
 96.291667  96.333333   92.285   46.25  117.985   59.13   75.065   37.62  14.067   7.05 0.189188000
 96.333333  96.375000  106.013   53.13  122.813   61.55   94.639   47.43   9.877   4.95 0.189188000
 96.375000  96.416667  102.960   51.60  113.156   56.71   97.792   49.01   5.028   2.52 0.189188000
 96.416667  96.458333  109.205   54.73  114.353   57.31  103.159   51.70   3.472   1.74 0.189188000
 96.458333  96.500000  114.513   57.39  123.891   62.09  105.893   53.07   6.166   3.09 0.188189000
 96.500000  96.541667  118.543   59.41  123.711   62.00  108.726   54.49   5.387   2.70 0.189000000
 96.541667  96.583333  121.955   61.12  123.871   62.08  120.000   60.14   1.417   0.71 0.189000000
 96.583333  96.625000  128.121   64.21  129.398   64.85  123.851   62.07   1.497   0.75 0.189000000
 96.625000  96.666667  126.624   63.46  128.161   64.23  125.487   62.89   0.838   0.42 0.189000000
 96.666667  96.708333  128.500   64.40  130.136   65.22  126.884   63.59   0.858   0.43 0.189000000
 96.708333  96.750000  122.873   61.58  126.884   63.59  121.377   60.83   1.756   0.88 0.000000000
 96.750000  96.791667  123.113   61.70  123.931   62.11  122.454   61.37   0.539   0.27 0.189000000
 96.791667  96.833333  105.973   53.11  123.711   62.00   95.318   47.77  10.535   5.28 0.189000000
 96.833333  96.875000   91.506   45.86   93.701   46.96   88.254   44.23   2.095   1.05 0.189000000
 96.875000  96.916667   87.057   43.63   88.773   44.49   84.164   42.18   1.437   0.72 0.189000000
 96.916667  96.958333   78.237   39.21   83.326   41.76   73.508   36.84   3.213   1.61 0.189000000
 96.958333  97.000000   70.615   35.39   75.244   37.71   67.123   33.64   2.474   1.24 0.189000000
 97.000000  97.041667   64.569   32.36   71.832   36.00   58.962   29.55   4.031   2.02 0.189000000
 97.041667  97.083333   64.350   32.25   68.301   34.23   59.741   29.94   2.913   1.46 0.189000000
 97.083333  97.125000   68.480   34.32   72.172   36.17   64.350   32.25   2.494   1.25 0.189000000
 97.125000  97.166667   68.081   34.12   70.595   35.38   65.607   32.88   1.417   0.71 0.189000000
 97.166667  97.208333   78.477   39.33  110.642   55.45   67.682   33.92  13.987   7.01 0.189000000
 97.208333  97.250000  115.191   57.73  126.525   63.41   81.470   40.83  17.858   8.95 0.189000000
 97.250000  97.291667  125.926   63.11  129.478   64.89  122.574   61.43   2.095   1.05 0.189000000
 97.291667  97.333333  124.589   62.44  125.527   62.91  123.731   62.01   0.619   0.31 0.189000000
 97.333333  97.375000  124.290   62.29  127.383   63.84  120.718   60.50   2.394   1.20 0.189000000
 97.375000  97.416667  122.514   61.40  123.771   62.03  120.618   60.45   0.858   0.43 0.000000000
 97.416667  97.458333  122.494   61.39  123.791   62.04  120.379   60.33   1.357   0.68 0.000000000
 97.458333  97.500000  126.445   63.37  129.478   64.89  123.731   62.01   1.836   0.92 0.000000000
 97.500000  97.541667  131.174   65.74  132.012   66.16  128.241   64.27   1.058   0.53 0.000000000
 97.541667  97.583333  132.211   66.26  133.728   67.02  130.855   65.58   0.938   0.47 0.000000000
 97.583333  97.625000  132.072   66.19  133.349   66.83  131.373   65.84   0.539   0.27 0.000000000
 97.625000  97.666667  130.974   65.64  134.207   67.26  128.620   64.46   2.195   1.10 0.000000000
 97.666667  97.708333  129.877   65.09  130.974   65.64  128.460   64.38   0.738   0.37 0.000000000
 97.708333  97.750000  132.491   66.40  133.429   66.87  131.214   65.76   0.818   0.41 0.189188000
 97.750000  97.791667  127.462   63.88  136.062   68.19  115.371   57.82   6.245   3.13 0.189188000
 97.791667  97.833333  108.646   54.45  117.945   59.11  100.885   50.56   5.507   2.76 0.189000000
 97.833333  97.875000   92.344   46.28  104.955   52.60   83.006   41.60   8.480   4.25 0.189000000
 97.875000  97.916667   79.933   40.06   83.625   41.91   77.320   38.75   1.796   0.90 0.189000000
 97.916667  97.958333   76.242   38.21   83.944   42.07   67.223   33.69   6.126   3.07 0.189000000
 97.958333  98.000000   71.154   35.66   79.774   39.98   67.044   33.60   3.392   1.70 0.189000000
 98.000000  98.041667   75.504   37.84   77.739   38.96   72.291   36.23   2.015   1.01 0.189000000
 98.041667  98.083333   77.858   39.02   80.552   40.37   74.446   37.31   1.616   0.81 0.189000000
 98.083333  98.125000   78.437   39.31   82.248   41.22   75.424   37.80   1.896   0.95 0.189000000
 98.125000  98.166667   81.051   40.62   83.844   42.02   75.963   38.07   2.534   1.27 0.189000000
 98.166667  98.208333   93.781   47.00  125.008   62.65   79.494   39.84  12.650   6.34 0.189000000
 98.208333  98.250000  126.624   63.46  133.409   66.86   99.747   49.99  10.236   5.13 0.189000000
 98.250000  98.291667  130.376   65.34  131.972   66.14  129.039   64.67   0.958   0.48 0.000000000
 98.291667  98.333333  126.644   63.47  128.939   64.62  124.230   62.26   1.576   0.79 0.000000000
 98.333333  98.375000  124.310   62.30  125.587   62.94  123.432   61.86   0.619   0.31 0.000000000
 98.375000  98.416667  124.011   62.15  127.323   63.81  120.359   60.32   1.876   0.94 0.000000000
 98.416667  98.458333  124.190   62.24  124.988   62.64  123.133   61.71   0.619   0.31 0.000000000
 98.458333  98.500000  123.671   61.98  126.944   63.62  121.496   60.89   1.536   0.77 0.000000000
 98.500000  98.541667  122.514   61.40  124.410   62.35  120.399   60.34   1.397   0.70 0.000000000
 98.541667  98.583333  123.412   61.85  125.707   63.00  119.461   59.87   1.955   0.98 0.000000000
 98.583333  98.625000  121.337   60.81  123.831   62.06  119.401   59.84   1.237   0.62 0.000000000
 98.625000  98.666667  121.177   60.73  124.090   62.19  120.100   60.19   1.117   0.56 0.000000000
 98.666667  98.708333  119.381   59.83  120.718   60.50  117.905   59.09   0.898   0.45 0.000000000
 98.708333  98.750000  120.738   60.51  121.636   60.96  119.880   60.08   0.459   0.23 0.189188000
 98.750000  98.791667  121.496   60.89  122.015   61.15  121.197   60.74   0.279   0.14 0.189000000
 98.791667  98.833333  114.373   57.32  127.582   63.94   95.497   47.86  11.513   5.77 0.189000000
 98.833333  98.875000  111.380   55.82  116.029   58.15   99.228   49.73   4.769   2.39 0.189000000
 98.875000  98.916667  114.193   57.23  117.107   58.69  106.571   53.41   2.833   1.42 0.189000000
 98.916667  98.958333  104.855   52.55  108.287   54.27  101.363   50.80   2.434   1.22 0.189000000
 98.958333  99.000000   87.077   43.64  102.281   51.26   78.577   39.38   7.842   3.93 0.189000000
 99.000000  99.041667   79.036   39.61   83.345   41.77   75.185   37.68   2.554   1.28 0.189000000
 99.041667  99.083333   80.392   40.29   84.862   42.53   72.990   36.58   3.671   1.84 0.189000000
 99.083333  99.125000   77.120   38.65   84.343   42.27   68.700   34.43   5.308   2.66 0.189000000
 99.125000  99.166667   67.363   33.76   77.459   38.82   59.102   29.62   7.961   3.99 0.189000000
 99.166667  99.208333   85.580   42.89  101.842   51.04   68.919   34.54  10.515   5.27 0.189000000
 99.208333  99.250000  105.793   53.02  110.901   55.58  101.324   50.78   2.614   1.31 0.189000000
 99.250000  99.291667   66.126   33.14  104.915   52.58   52.936   26.53  18.637   9.34 0.000000000
 99.291667  99.333333   58.583   29.36   65.607   32.88   53.076   26.60   4.370   2.19 0.189000000
 99.333333  99.375000   68.181   34.17   89.990   45.10   56.009   28.07  12.231   6.13 0.189000000
 99.375000  99.416667   99.288   49.76  110.722   55.49   89.172   44.69   7.961   3.99 0.000000000
 99.416667  99.458333  109.864   55.06  111.859   56.06  107.310   53.78   1.856   0.93 0.000000000
 99.458333  99.500000  102.062   51.15  107.090   53.67   94.360   47.29   3.971   1.99 0.000000000
 99.500000  99.541667   99.408   49.82  101.543   50.89   94.001   47.11   2.414   1.21 0.000000000
 99.541667  99.583333  112.477   56.37  120.060   60.17   99.807   50.02   7.044   3.53 0.000000000
 99.583333  99.625000  103.678   51.96  119.681   59.98   85.979   43.09  10.815   5.42 0.000000000
 99.625000  99.666667   77.040   38.61   95.218   47.72   58.144   29.14  14.626   7.33 0.000000000
 99.666667  99.708333   82.448   41.32  104.297   52.27   57.805   28.97  18.138   9.09 0.000000000
 99.708333  99.750000  103.638   51.94  112.936   56.60   93.342   46.78   6.884   3.45 0.189000000
 99.750000  99.791667  112.517   56.39  121.197   60.74   96.255   48.24   8.460   4.24 0.189000000
 99.791667  99.833333  101.842   51.04  107.948   54.10   94.958   47.59   4.849   2.43 0.189000000
 99.833333  99.875000  115.391   57.83  121.516   60.90  104.995   52.62   5.447   2.73 0.189000000
 99.875000  99.916667  105.893   53.07  114.573   57.42   96.814   48.52   6.225   3.12 0.189000000
 99.916667  99.958333   75.025   37.60   82.527   41.36   68.181   34.17   4.529   2.27 0.189000000
 99.958333 100.000000   66.365   33.26   69.218   34.69   63.951   32.05   1.536   0.77 0.189000000
