ozone_datasets/Ebas_221019_1549/US1200R.20150507190000.20180102202851.uv_abs.ozone.air.34w.1h.US06L_Thermo_49C_MLO.US06L_AM.lev2.nas
86 1001
McClure-Begley, Audra; Petropavlovskikh, Irina
US06L, National Oceanic and Atmospheric Administration, NOAA/ESRL/GMD, "Earth System Research Laboratory, Global Monitoring Division", 325 Broadway, , CO 80305-3, Boulder, U.S.A.
McClure-Begley, Audra
GAW-WDCRG NOAA-ESRL
1 1
2015 01 01 2018 01 02
0.041667
days from file reference point
10
1 1 1 1 1 1 1 1 1 1
999.999999 9999.999 999.99 9999.999 999.99 9999.999 999.99 999.999 999.99 9.999999999999
end_time of measurement, days from the file reference point
ozone, ug/m3, Statistics=arithmetic mean, Volume std. temperature=293.15 K, Volume std. pressure=1013.25 hPa, Detection limit=1.995 ug/m3, Measurement uncertainty=1.995 ug/m3, Measurement uncertainty expl.=includes statistical uncertainty of individual sample and calibration uncertainty, "Comment=Data converted on import into EBAS from 'nmol/mol' to 'ug/m3' at 293.15 K, 1013.25 hPa, conversion factor 1.99534."
ozone, nmol/mol, Statistics=arithmetic mean, Detection limit=1.0 nmol/mol, Measurement uncertainty=1.0 nmol/mol, Measurement uncertainty expl.=includes statistical uncertainty of individual sample and calibration uncertainty, "Comment=Data converted on import into EBAS from 'nmol/mol' to 'ug/m3' at 293.15 K, 1013.25 hPa, conversion factor 1.99534. -- Data converted on export from EBAS from 'ug/m3' at 293.15 K, 1013.25 hPa to 'nmol/mol', conversion factor 0.5012. Measurement uncertainty converted from '1.995 ug/m3' at 293.15 K, 1013.25 hPa to '1.0 nmol/mol', conversion factor 0.5012. Detection limit converted from '1.995 ug/m3' at 293.15 K, 1013.25 hPa to '1.0 nmol/mol', conversion factor 0.5012."
ozone, ug/m3, Statistics=maximum, Volume std. temperature=293.15 K, Volume std. pressure=1013.25 hPa, Detection limit=1.995 ug/m3, "Comment=Data converted on import into EBAS from 'nmol/mol' to 'ug/m3' at 293.15 K, 1013.25 hPa, conversion factor 1.99534. Detection limit converted from '1.0 nmol/mol' to '1.995 ug/m3' at 293.15 K, 1013.25 hPa, conversion factor 1.99534."
ozone, nmol/mol, Statistics=maximum, Detection limit=1.0 nmol/mol, "Comment=Data converted on import into EBAS from 'nmol/mol' to 'ug/m3' at 293.15 K, 1013.25 hPa, conversion factor 1.99534. Detection limit converted from '1.0 nmol/mol' to '1.995 ug/m3' at 293.15 K, 1013.25 hPa, conversion factor 1.99534. -- Data converted on export from EBAS from 'ug/m3' at 293.15 K, 1013.25 hPa to 'nmol/mol', conversion factor 0.5012. Detection limit converted from '1.995 ug/m3' at 293.15 K, 1013.25 hPa to '1.0 nmol/mol', conversion factor 0.5012."
ozone, ug/m3, Statistics=minimum, Volume std. temperature=293.15 K, Volume std. pressure=1013.25 hPa, Detection limit=1.995 ug/m3, "Comment=Data converted on import into EBAS from 'nmol/mol' to 'ug/m3' at 293.15 K, 1013.25 hPa, conversion factor 1.99534. Detection limit converted from '1.0 nmol/mol' to '1.995 ug/m3' at 293.15 K, 1013.25 hPa, conversion factor 1.99534."
[...]
Inlet type:                   Hat or hood
Inlet description:            Downward Facing, teflon inlet bell
Inlet tube material:          Teflon
Inlet tube outer diameter:    6.35 mm
Inlet tube inner diameter:    4.76 mm
Inlet tube length:            7.0 m
Flow rate:                    1.0 l/min
Humidity/temperature control description: Automatic
Zero/negative values code:    Zero/negative possible
Zero/negative values:         Zero and neg. values may appear due to statistical variations at very low concentrations
Absorption cross section:     Hearn, 1961 cm2
QA1 measure ID:               US06L_reference_calibration_20070630
QA1 date:                     20100101
QA1 outcome:                  pass
Originator:                   "McClure-Begley, Audra, Audra.mcclure@noaa.gov, National Oceanic and Atmospheric Administration/Earth System Research Laboratory/Global Monitoring Division, NOAA/ESRL/GMD, , 325 Broadway, , 80305, ""Boulder, CO"", USA"
Originator:                   "Petropavlovskikh, Irina, Irina.petro@noaa.gov, National Oceanic and Atmospheric Administration/Earth System Research Laboratory/Global Monitoring Division, NOAA/ESRL/GMD, , 325 Broadway, , 80305, ""Boulder, CO"", USA"
Submitter:                    "McClure-Begley, Audra, Audra.mcclure@noaa.gov, National Oceanic and Atmospheric Administration/Earth System Research Laboratory/Global Monitoring Division, NOAA/ESRL/GMD, , 325 Broadway, , 80305, ""Boulder, CO"", USA"
Acknowledgement:              "Request Acknowledgement details from data originator. http://dx.doi.org/10.7289/V57P8WBF"
starttime endtime O3 O3 O3 O3 O3 O3 O3 O3 flag
[from data line 1761]
200.166667 200.208333   71.453  35.81   89.850  45.03   66.525  33.34   6.724   3.37 0.189188000000
200.208333 200.250000   85.880  43.04   98.271  49.25   69.538  34.85   7.862   3.94 0.189188000000
200.250000 200.291667   97.732  48.98  103.638  51.94   87.715  43.96   5.767   2.89 0.189188000000
200.291667 200.333333  120.958  60.62  129.178  64.74  105.194  52.72   7.922   3.97 0.000000000000
200.333333 200.375000  115.530  57.90  128.380  64.34  105.414  52.83   7.463   3.74 0.000000000000
200.375000 200.416667  100.406  50.32  101.403  50.82   98.251  49.24   1.038   0.52 0.000000000000
200.416667 200.458333  109.704  54.98  114.433  57.35  103.758  52.00   2.833   1.42 0.189000000000
200.458333 200.500000  109.903  55.08  112.517  56.39  106.930  53.59   1.816   0.91 0.189000000000
200.500000 200.541667  109.105  54.68  113.854  57.06  104.416  52.33   2.754   1.38 0.000000000000
200.541667 200.583333  104.795  52.52  107.569  53.91  102.241  51.24   1.457   0.73 0.000000000000
200.583333 200.625000  112.517  56.39  116.209  58.24  107.549  53.90   2.315   1.16 0.000000000000
200.625000 200.666667  106.970  53.61  108.626  54.44  104.676  52.46   1.277   0.64 0.189000000000
200.666667 200.708333  101.244  50.74  111.699  55.98   80.133  40.16  10.476   5.25 0.189188000000
200.708333 200.750000   83.445  41.82  100.446  50.34   66.964  33.56  11.553   5.79 0.188189000000
200.750000 200.791667   65.886  33.02   68.779  34.47   59.960  30.05   2.774   1.39 0.394189000000
200.791667 200.833333   60.818  30.48   62.714  31.43   59.461  29.80   0.818   0.41 0.189000000000
200.833333 200.875000   64.470  32.31   65.427  32.79   63.472  31.81   0.599   0.30 0.189000000000
200.875000 200.916667   64.669  32.41   69.079  34.62   61.796  30.97   2.674   1.34 0.189000000000
200.916667 200.958333   63.193  31.67   67.502  33.83   59.761  29.95   2.514   1.26 0.189000000000
200.958333 201.000000   55.371  27.75   56.927  28.53   54.054  27.09   0.898   0.45 0.189000000000
201.000000 201.041667   53.954  27.04   54.832  27.48   52.797  26.46   0.658   0.33 0.189000000000
201.041667 201.083333   51.161  25.64   52.537  26.33   46.412  23.26   2.095   1.05 0.189000000000
201.083333 201.125000   45.813  22.96   46.731  23.42   44.676  22.39   0.678   0.34 0.189000000000
201.125000 201.166667   44.476  22.29   45.673  22.89   43.219  21.66   0.818   0.41 0.189000000000
201.166667 201.208333   44.396  22.25   45.135  22.62   43.738  21.92   0.439   0.22 0.189000000000
201.208333 201.250000   41.583  20.84   43.878  21.99   38.690  19.39   1.497   0.75 0.189188000000
201.250000 201.291667   42.660  21.38   47.210  23.66   40.066  20.08   1.916   0.96 0.189188000000
201.291667 201.333333   44.795  22.45   47.669  23.89   41.603  20.85   2.235   1.12 0.189188000000
201.333333 201.375000   44.576  22.34   52.458  26.29   40.366  20.23   3.133   1.57 0.189188000000
201.375000 201.416667   46.092  23.10   48.227  24.17   44.257  22.18   1.077   0.54 0.189188000000
201.416667 201.458333   50.961  25.54   54.513  27.32   48.347  24.23   2.015   1.01 0.188000000000
201.458333 201.500000   55.750  27.94   58.543  29.34   53.355  26.74   1.516   0.76 0.000000000000
201.500000 201.541667   58.104  29.12   60.060  30.10   55.890  28.01   1.157   0.58 0.189188000000
201.541667 201.583333   59.361  29.75   60.080  30.11   58.543  29.34   0.399   0.20 0.189188000000
201.583333 201.625000   60.758  30.45   62.993  31.57   59.102  29.62   1.337   0.67 0.188000000000
201.625000 201.666667   65.946  33.05   66.884  33.52   64.829  32.49   0.619   0.31 0.189188000000
201.666667 201.708333   68.001  34.08   71.433  35.80   60.898  30.52   3.352   1.68 0.189188000000
201.708333 201.750000   60.758  30.45   65.707  32.93   58.084  29.11   2.374   1.19 0.188189000000
201.750000 201.791667   60.459  30.30   64.250  32.20   58.164  29.15   1.796   0.90 0.189000000000
201.791667 201.833333   55.151  27.64   56.329  28.23   53.755  26.94   0.738   0.37 0.189188000000
201.833333 201.875000   51.540  25.83   52.458  26.29   49.844  24.98   0.758   0.38 0.188189000000
201.875000 201.916667   49.824  24.97   50.602  25.36   48.567  24.34   0.639   0.32 0.188189000000
201.916667 201.958333   50.183  25.15   50.841  25.48   49.285  24.70   0.499   0.25 0.189000000000
201.958333 202.000000   50.023  25.07   51.081  25.60   48.706  24.41   0.718   0.36 0.189000000000
202.000000 202.041667   50.542  25.33   52.657  26.39   48.168  24.14   1.337   0.67 0.189000000000
202.041667 202.083333   52.657  26.39   53.675  26.90   51.879  26.00   0.579   0.29 0.189188000000
202.083333 202.125000   49.923  25.02   50.323  25.22   49.006  24.56   0.439   0.22 0.189188000000
202.125000 202.166667   47.868  23.99   49.265  24.69   43.977  22.04   1.696   0.85 0.189000000000
202.166667 202.208333   45.354  22.73   47.609  23.86   41.304  20.70   1.796   0.90 0.189000000000
202.208333 202.250000   48.068  24.09   48.726  24.42   47.629  23.87   0.319   0.16 0.189188000000
202.250000 202.291667   47.389  23.75   49.943  25.03   45.793  22.95   1.237   0.62 0.189188000000
202.291667 202.333333   48.347  24.23   53.834  26.98   43.917  22.01   2.474   1.24 0.188189000000
202.333333 202.375000   69.298  34.73   74.606  37.39   65.128  32.64   3.272   1.64 0.188189000000
202.375000 202.416667   71.353  35.76   81.769  40.98   57.147  28.64   6.884   3.45 0.188189000000
202.416667 202.458333   83.306  41.75   86.019  43.11   80.791  40.49   1.497   0.75 0.000000000000
202.458333 202.500000   83.605  41.90   85.341  42.77   81.011  40.60   1.217   0.61 0.000000000000
202.500000 202.541667   81.929  41.06   84.263  42.23   80.432  40.31   1.157   0.58 0.188189000000
202.541667 202.583333   82.328  41.26   84.283  42.24   79.614  39.90   1.437   0.72 0.189000000000
202.583333 202.625000   79.195  39.69   81.330  40.76   77.958  39.07   1.058   0.53 0.000000000000
202.625000 202.666667   83.126  41.66   86.817  43.51   80.213  40.20   1.756   0.88 0.188000000000
202.666667 202.708333   84.144  42.17   87.057  43.63   81.949  41.07   1.437   0.72 0.188000000000
202.708333 202.750000   77.060  38.62   78.357  39.27   73.628  36.90   1.556   0.78 0.189188000000
202.750000 202.791667   55.351  27.74   69.139  34.65   46.152  23.13   8.141   4.08 0.189188000000
202.791667 202.833333   44.656  22.38   45.933  23.02   43.518  21.81   0.639   0.32 0.189000000000
202.833333 202.875000   44.536  22.32   45.633  22.87   43.778  21.94   0.639   0.32 0.189000000000
202.875000 202.916667   46.212  23.16   46.691  23.40   45.554  22.83   0.319   0.16 0.189000000000
202.916667 202.958333   44.356  22.23   45.234  22.67   43.459  21.78   0.658   0.33 0.189000000000
202.958333 203.000000   43.957  22.03   44.436  22.27   43.479  21.79   0.339   0.17 0.189000000000
203.000000 203.041667   44.616  22.36   45.254  22.68   43.778  21.94   0.399   0.20 0.189000000000
203.041667 203.083333   45.234  22.67   47.489  23.80   43.399  21.75   1.277   0.64 0.189000000000
203.083333 203.125000   47.609  23.86   48.766  24.44   46.013  23.06   0.798   0.40 0.189000000000
203.125000 203.166667   48.387  24.25   49.884  25.00   47.130  23.62   0.758   0.38 0.189000000000
203.166667 203.208333   47.290  23.70   47.988  24.05   46.252  23.18   0.439   0.22 0.188189000000
203.208333 203.250000   47.908  24.01   50.083  25.10   46.292  23.20   1.018   0.51 0.189188000000
203.250000 203.291667   59.621  29.88   70.635  35.40   50.622  25.37   7.722   3.87 0.189188000000
203.291667 203.333333   69.059  34.61   70.835  35.50   67.702  33.93   0.898   0.45 0.000000000000
203.333333 203.375000   70.974  35.57   72.730  36.45   69.338  34.75   1.197   0.60 0.000000000000
203.375000 203.416667   72.611  36.39   75.005  37.59   70.914  35.54   1.337   0.67 0.000000000000
203.416667 203.458333   85.580  42.89   92.843  46.53   78.577  39.38   4.729   2.37 0.000000000000
203.458333 203.500000   87.137  43.67   92.105  46.16   80.672  40.43   4.370   2.19 0.000000000000
203.500000 203.541667   82.607  41.40   86.678  43.44   80.013  40.10   1.716   0.86 0.000000000000
203.541667 203.583333   84.842  42.52   89.910  45.06   82.248  41.22   2.355   1.18 0.000000000000
203.583333 203.625000   79.494  39.84   83.206  41.70   75.484  37.83   2.933   1.47 0.000000000000
203.625000 203.666667   79.016  39.60   84.323  42.26   75.564  37.87   3.352   1.68 0.000000000000
203.666667 203.708333   76.043  38.11   85.800  43.00   71.733  35.95   4.370   2.19 0.000000000000
203.708333 203.750000   71.912  36.04   73.109  36.64   70.895  35.53   0.758   0.38 0.189000000000
203.750000 203.791667   74.845  37.51   75.743  37.96   74.067  37.12   0.539   0.27 0.189000000000
203.791667 203.833333   75.424  37.80   75.863  38.02   74.646  37.41   0.459   0.23 0.189390000000
203.833333 203.875000   72.990  36.58   74.506  37.34   71.473  35.82   1.516   0.76 0.390189000000
203.875000 203.916667   80.293  40.24   85.979  43.09   74.765  37.47   3.651   1.83 0.189000000000
203.916667 203.958333   74.406  37.29   77.699  38.94   69.218  34.69   2.494   1.25 0.189000000000
203.958333 204.000000   69.159  34.66   74.546  37.36   62.514  31.33   4.410   2.21 0.189000000000
204.000000 204.041667   57.406  28.77   61.756  30.95   49.744  24.93   3.931   1.97 0.189000000000
204.041667 204.083333   48.327  24.22   50.402  25.26   46.651  23.38   1.297   0.65 0.189000000000
204.083333 204.125000   53.635  26.88   64.150  32.15   46.312  23.21   5.288   2.65 0.189000000000
204.125000 204.166667   60.120  30.13   63.731  31.94   52.797  26.46   3.612   1.81 0.189000000000
204.166667 204.208333   75.723  37.95   90.708  45.46   64.350  32.25   9.019   4.52 0.189000000000
204.208333 204.250000   82.268  41.23   84.523  42.36   80.452  40.32   1.277   0.64 0.189000000000
204.250000 204.291667   83.405  41.80   85.780  42.99   79.155  39.67   2.075   1.04 0.000000000000
204.291667 204.333333   80.372  40.28   85.740  42.97   76.521  38.35   3.133   1.57 0.000000000000
204.333333 204.375000   78.696  39.44   80.791  40.49   75.883  38.03   1.576   0.79 0.000000000000
204.375000 204.416667   78.118  39.15   79.115  39.65   77.080  38.63   0.579   0.29 0.000000000000
204.416667 204.458333   79.295  39.74   80.233  40.21   77.978  39.08   0.738   0.37 0.188189000000
204.458333 204.500000   77.180  38.68   78.257  39.22   76.062  38.12   0.599   0.30 0.189188000000
204.500000 204.541667   78.896  39.54   81.450  40.82   76.801  38.49   1.516   0.76 0.188189000000
204.541667 204.583333   81.330  40.76   83.505  41.85   80.093  40.14   1.097   0.55 0.189188000000
204.583333 204.625000   81.310  40.75   82.587  41.39   79.814  40.00   0.878   0.44 0.188000000000
204.625000 204.666667   82.408  41.30   83.804  42.00   80.173  40.18   1.117   0.56 0.188000000000
204.666667 204.708333   80.053  40.12   81.530  40.86   77.180  38.68   1.377   0.69 0.189188000000
204.708333 204.750000   77.918  39.05   79.016  39.60   76.960  38.57   0.619   0.31 0.189188000000
204.750000 204.791667   85.002  42.60   88.094  44.15   80.432  40.31   2.015   1.01 0.189000000000
204.791667 204.833333   67.283  33.72   81.051  40.62   50.283  25.20   8.780   4.40 0.188189000000
204.833333 204.875000   56.169  28.15   62.035  31.09   45.594  22.85   6.066   3.04 0.189188000000
204.875000 204.916667   46.871  23.49   48.706  24.41   44.656  22.38   1.157   0.58 0.189000000000
204.916667 204.958333   43.878  21.99   47.948  24.03   39.927  20.01   2.275   1.14 0.189000000000
204.958333 205.000000   45.294  22.70   47.529  23.82   43.618  21.86   1.117   0.56 0.189000000000
205.000000 205.041667   46.092  23.10   49.285  24.70   42.461  21.28   1.656   0.83 0.189000000000
205.041667 205.083333   45.195  22.65   47.828  23.97   43.498  21.80   1.297   0.65 0.189000000000
205.083333 205.125000   47.429  23.77   50.243  25.18   45.234  22.67   1.636   0.82 0.189000000000
205.125000 205.166667   48.886  24.50   50.243  25.18   47.030  23.57   0.898   0.45 0.189000000000
205.166667 205.208333   45.833  22.97   49.544  24.83   42.840  21.47   2.015   1.01 0.189000000000
205.208333 205.250000   52.338  26.23   70.675  35.42   42.221  21.16   7.223   3.62 0.189000000000
205.250000 205.291667   59.361  29.75   67.921  34.04   54.992  27.56   4.310   2.16 0.189188000000
205.291667 205.333333   68.799  34.48   74.047  37.11   64.769  32.46   3.232   1.62 0.188000000000
205.333333 205.375000   81.689  40.94   84.762  42.48   77.040  38.61   2.015   1.01 0.000000000000
205.375000 205.416667   84.184  42.19   85.261  42.73   83.445  41.82   0.559   0.28 0.000000000000
205.416667 205.458333   80.213  40.20   82.727  41.46   78.497  39.34   1.277   0.64 0.000000000000
205.458333 205.500000   82.906  41.55   84.184  42.19   81.370  40.78   0.918   0.46 0.000000000000
205.500000 205.541667   82.308  41.25   82.687  41.44   81.669  40.93   0.299   0.15 0.000000000000
205.541667 205.583333   83.106  41.65   83.904  42.05   82.368  41.28   0.479   0.24 0.000000000000
205.583333 205.625000   82.048  41.12   82.667  41.43   81.131  40.66   0.419   0.21 0.000000000000
205.625000 205.666667   82.747  41.47   83.326  41.76   82.208  41.20   0.359   0.18 0.000000000000
205.666667 205.708333   82.807  41.50   83.685  41.94   81.869  41.03   0.479   0.24 0.189000000000
205.708333 205.750000   79.494  39.84   82.587  41.39   77.200  38.69   1.876   0.94 0.189000000000
205.750000 205.791667   71.314  35.74   76.102  38.14   61.437  30.79   3.951   1.98 0.189188000000
205.791667 205.833333   49.145  24.63   57.047  28.59   41.882  20.99   5.986   3.00 0.189000000000
205.833333 205.875000   35.976  18.03   43.339  21.72   31.028  15.55   3.771   1.89 0.189000000000
205.875000 205.916667   36.974  18.53   39.248  19.67   35.397  17.74   1.437   0.72 0.189000000000
205.916667 205.958333   33.023  16.55   34.100  17.09   32.484  16.28   0.419   0.21 0.189000000000
205.958333 206.000000   33.043  16.56   36.555  18.32   30.688  15.38   1.756   0.88 0.189000000000
206.000000 206.041667   33.143  16.61   37.313  18.70   29.092  14.58   2.734   1.37 0.189000000000
206.041667 206.083333   29.531  14.80   33.083  16.58   26.837  13.45   1.955   0.98 0.189000000000
206.083333 206.125000   43.040  21.57   48.646  24.38   35.537  17.81   4.948   2.48 0.189000000000
206.125000 206.166667   52.757  26.44   57.745  28.94   47.828  23.97   2.774   1.39 0.189000000000
206.166667 206.208333 9999.999 999.99 9999.999 999.99 9999.999 999.99 999.999 999.99 0.456189000000
206.208333 206.250000 9999.999 999.99 9999.999 999.99 9999.999 999.99 999.999 999.99 0.189456000000
206.250000 206.291667   46.891  23.50   51.380  25.75   42.122  21.11   3.113   1.56 0.189000000000
206.291667 206.333333   54.333  27.23   61.057  30.60   50.821  25.47   3.452   1.73 0.000000000000
206.333333 206.375000   65.707  32.93   73.708  36.94   58.324  29.23   5.208   2.61 0.000000000000
206.375000 206.416667   76.781  38.48   77.639  38.91   74.985  37.58   0.778   0.39 0.000000000000
206.416667 206.458333   76.322  38.25   77.918  39.05   74.765  37.47   1.058   0.53 0.000000000000
206.458333 206.500000   77.240  38.71   79.095  39.64   74.267  37.22   1.417   0.71 0.000000000000
206.500000 206.541667   74.287  37.23   75.823  38.00   73.149  36.66   0.918   0.46 0.000000000000
206.541667 206.583333   73.089  36.63   74.147  37.16   71.673  35.92   0.898   0.45 0.000000000000
206.583333 206.625000   74.805  37.49   76.641  38.41   72.830  36.50   1.317   0.66 0.000000000000
206.625000 206.666667   76.302  38.24   76.841  38.51   75.604  37.89   0.419   0.21 0.000000000000
206.666667 206.708333   76.661  38.42   77.419  38.80   75.803  37.99   0.439   0.22 0.188189000000
206.708333 206.750000   74.825  37.50   78.537  39.36   68.859  34.51   2.913   1.46 0.189000000000
206.750000 206.791667   70.196  35.18   76.601  38.39   56.827  28.48   5.188   2.60 0.189000000000
