ozone_datasets/Ebas_221019_1549/US1200R.20170101000000.20180131180300.uv_abs.ozone.air.1y.1h.US06L_Thermo_49C_MLO.US06L_AM.lev2.nas
86 1001
McClure-Begley, Audra; Petropavlovskikh, Irina
US06L, National Oceanic and Atmospheric Administration, NOAA/ESRL/GMD, "Earth System Research Laboratory, Global Monitoring Division", 325 Broadway, , CO 80305-3, Boulder, U.S.A.
McClure-Begley, Audra
GAW-WDCRG NOAA-ESRL
1 1
2017 01 01 2018 01 31
0.041667
days from file reference point
10
1 1 1 1 1 1 1 1 1 1
999.999999 9999.999 999.99 9999.999 9999.99 9999.999 999.99 999.999 999.99 9.999999999999999
end_time of measurement, days from the file reference point
ozone, ug/m3, Statistics=arithmetic mean, Volume std. temperature=293.15 K, Volume std. pressure=1013.25 hPa, Detection limit=1.995 ug/m3, Measurement uncertainty=1.995 ug/m3, Measurement uncertainty expl.=includes statistical uncertainty of individual sample and calibration uncertainty, "Comment=Data converted on import into EBAS from 'nmol/mol' to 'ug/m3' at 293.15 K, 1013.25 hPa, conversion factor 1.99534."
ozone, nmol/mol, Statistics=arithmetic mean, Detection limit=1.0 nmol/mol, Measurement uncertainty=1.0 nmol/mol, Measurement uncertainty expl.=includes statistical uncertainty of individual sample and calibration uncertainty, "Comment=Data converted on import into EBAS from 'nmol/mol' to 'ug/m3' at 293.15 K, 1013.25 hPa, conversion factor 1.99534. -- Data converted on export from EBAS from 'ug/m3' at 293.15 K, 1013.25 hPa to 'nmol/mol', conversion factor 0.5012. Measurement uncertainty converted from '1.995 ug/m3' at 293.15 K, 1013.25 hPa to '1.0 nmol/mol', conversion factor 0.5012. Detection limit converted from '1.995 ug/m3' at 293.15 K, 1013.25 hPa to '1.0 nmol/mol', conversion factor 0.5012."
ozone, ug/m3, Statistics=maximum, Volume std. temperature=293.15 K, Volume std. pressure=1013.25 hPa, Detection limit=1.995 ug/m3, "Comment=Data converted on import into EBAS from 'nmol/mol' to 'ug/m3' at 293.15 K, 1013.25 hPa, conversion factor 1.99534. Detection limit converted from '1.0 nmol/mol' to '1.995 ug/m3' at 293.15 K, 1013.25 hPa, conversion factor 1.99534."
ozone, nmol/mol, Statistics=maximum, Detection limit=1.0 nmol/mol, "Comment=Data converted on import into EBAS from 'nmol/mol' to 'ug/m3' at 293.15 K, 1013.25 hPa, conversion factor 1.99534. Detection limit converted from '1.0 nmol/mol' to '1.995 ug/m3' at 293.15 K, 1013.25 hPa, conversion factor 1.99534. -- Data converted on export from EBAS from 'ug/m3' at 293.15 K, 1013.25 hPa to 'nmol/mol', conversion factor 0.5012. Detection limit converted from '1.995 ug/m3' at 293.15 K, 1013.25 hPa to '1.0 nmol/mol', conversion factor 0.5012."
ozone, ug/m3, Statistics=minimum, Volume std. temperature=293.15 K, Volume std. pressure=1013.25 hPa, Detection limit=1.995 ug/m3, "Comment=Data converted on import into EBAS from 'nmol/mol' to 'ug/m3' at 293.15 K, 1013.25 hPa, conversion factor 1.99534. Detection limit converted from '1.0 nmol/mol' to '1.995 ug/m3' at 293.15 K, 1013.25 hPa, conversion factor 1.99534."
[...]
Inlet type:                   Hat or hood
Inlet description:            Downward Facing, teflon inlet bell
Inlet tube material:          Teflon
Inlet tube outer diameter:    6.35 mm
Inlet tube inner diameter:    4.76 mm
Inlet tube length:            7.0 m
Flow rate:                    1.0 l/min
Humidity/temperature control description: Automatic
Zero/negative values code:    Zero/negative possible
Zero/negative values:         Zero and neg. values may appear due to statistical variations at very low concentrations
Absorption cross section:     Hearn, 1961 cm2
QA1 measure ID:               US06L_reference_calibration_20070630
QA1 date:                     20100101
QA1 outcome:                  pass
Originator:                   "McClure-Begley, Audra, Audra.mcclure@noaa.gov, National Oceanic and Atmospheric Administration/Earth System Research Laboratory/Global Monitoring Division, NOAA/ESRL/GMD, , 325 Broadway, , 80305, ""Boulder, CO"", USA"
Originator:                   "Petropavlovskikh, Irina, Irina.petro@noaa.gov, National Oceanic and Atmospheric Administration/Earth System Research Laboratory/Global Monitoring Division, NOAA/ESRL/GMD, , 325 Broadway, , 80305, ""Boulder, CO"", USA"
Submitter:                    "McClure-Begley, Audra, Audra.mcclure@noaa.gov, National Oceanic and Atmospheric Administration/Earth System Research Laboratory/Global Monitoring Division, NOAA/ESRL/GMD, , 325 Broadway, , 80305, ""Boulder, CO"", USA"
Acknowledgement:              "Request Acknowledgement details from data originator. http://dx.doi.org/10.7289/V57P8WBF"
starttime endtime O3 O3 O3 O3 O3 O3 O3 O3 flag
[from data line 7539]
314.125000 314.166667   99.009  49.62  103.598   51.92   96.854  48.54   1.596   0.80 0.189000000000000
314.166667 314.208333   97.892  49.06  102.740   51.49   92.325  46.27   3.153   1.58 0.189000000000000
314.208333 314.250000  105.633  52.94  109.225   54.74  100.865  50.55   2.355   1.18 0.000000000000000
314.250000 314.291667  101.623  50.93  104.636   52.44   99.867  50.05   1.716   0.86 0.000000000000000
314.291667 314.333333  101.224  50.73  102.142   51.19  100.286  50.26   0.559   0.28 0.000000000000000
314.333333 314.375000  100.545  50.39  101.643   50.94   99.308  49.77   0.738   0.37 0.000000000000000
314.375000 314.416667 9999.999 999.99 9999.999 9999.99 9999.999 999.99 999.999 999.99 0.456000000000000
314.416667 314.458333 9999.999 999.99 9999.999 9999.99 9999.999 999.99 999.999 999.99 0.456000000000000
314.458333 314.500000 9999.999 999.99 9999.999 9999.99 9999.999 999.99 999.999 999.99 0.456000000000000
314.500000 314.541667 9999.999 999.99 9999.999 9999.99 9999.999 999.99 999.999 999.99 0.456000000000000
314.541667 314.583333 9999.999 999.99 9999.999 9999.99 9999.999 999.99 999.999 999.99 0.456000000000000
314.583333 314.625000 9999.999 999.99 9999.999 9999.99 9999.999 999.99 999.999 999.99 0.456000000000000
314.625000 314.666667 9999.999 999.99 9999.999 9999.99 9999.999 999.99 999.999 999.99 0.456000000000000
314.666667 314.708333 9999.999 999.99 9999.999 9999.99 9999.999 999.99 999.999 999.99 0.456000000000000
314.708333 314.750000 9999.999 999.99 9999.999 9999.99 9999.999 999.99 999.999 999.99 0.456000000000000
314.750000 314.791667 9999.999 999.99 9999.999 9999.99 9999.999 999.99 999.999 999.99 0.456000000000000
314.791667 314.833333 9999.999 999.99 9999.999 9999.99 9999.999 999.99 999.999 999.99 0.456189000000000
314.833333 314.875000   52.877  26.50   65.048   32.60   42.561  21.33   7.941   3.98 0.189000000000000
314.875000 314.916667   56.069  28.10   56.987   28.56   53.156  26.64   1.317   0.66 0.188189000000000
314.916667 314.958333   55.750  27.94   56.648   28.39   53.834  26.98   0.758   0.38 0.189000000000000
314.958333 315.000000   55.850  27.99   57.426   28.78   50.881  25.50   1.935   0.97 0.189000000000000
315.000000 315.041667   52.198  26.16   53.176   26.65   49.684  24.90   1.177   0.59 0.189000000000000
315.041667 315.083333   49.265  24.69   50.582   25.35   48.327  24.22   0.858   0.43 0.189188000000000
315.083333 315.125000   49.065  24.59   50.901   25.51   47.409  23.76   1.177   0.59 0.189188000000000
315.125000 315.166667   49.145  24.63   53.256   26.69   46.911  23.51   2.135   1.07 0.188189000000000
315.166667 315.208333   49.664  24.89   53.635   26.88   47.090  23.60   2.135   1.07 0.188189000000000
315.208333 315.250000   47.749  23.93   50.003   25.06   46.192  23.15   1.058   0.53 0.188189000000000
315.250000 315.291667   49.285  24.70   50.402   25.26   48.088  24.10   0.718   0.36 0.189188000000000
315.291667 315.333333   50.243  25.18   52.058   26.09   47.369  23.74   1.696   0.85 0.189000000000000
315.333333 315.375000   52.238  26.18   53.415   26.77   51.061  25.59   0.658   0.33 0.189188000000000
315.375000 315.416667   50.043  25.08   52.039   26.08   48.547  24.33   1.038   0.52 0.188189000000000
315.416667 315.458333   51.420  25.77   57.147   28.64   47.689  23.90   3.133   1.57 0.188189000000000
315.458333 315.500000   62.235  31.19   71.314   35.74   52.597  26.36   6.325   3.17 0.189000000000000
315.500000 315.541667   60.678  30.41   68.161   34.16   56.388  28.26   4.270   2.14 0.189188000000000
315.541667 315.583333   61.856  31.00   68.919   34.54   57.067  28.60   4.410   2.21 0.189000000000000
315.583333 315.625000   74.905  37.54   83.904   42.05   60.599  30.37   7.542   3.78 0.189188000000000
315.625000 315.666667   70.815  35.49   71.792   35.98   68.440  34.30   0.938   0.47 0.189188000000000
315.666667 315.708333   65.367  32.76   68.959   34.56   61.716  30.93   2.514   1.26 0.189000000000000
315.708333 315.750000   65.946  33.05   69.937   35.05   63.911  32.03   1.676   0.84 0.189000000000000
315.750000 315.791667   69.198  34.68   70.056   35.11   67.403  33.78   0.678   0.34 0.189000000000000
315.791667 315.833333   69.378  34.77   70.296   35.23   68.500  34.33   0.559   0.28 0.189000000000000
315.833333 315.875000   68.680  34.42   69.538   34.85   67.083  33.62   0.818   0.41 0.189000000000000
315.875000 315.916667   66.106  33.13   68.500   34.33   64.470  32.31   1.217   0.61 0.189000000000000
315.916667 315.958333   63.871  32.01   65.168   32.66   61.337  30.74   0.998   0.50 0.189000000000000
315.958333 316.000000   61.756  30.95   64.070   32.11   59.940  30.04   0.998   0.50 0.189000000000000
316.000000 316.041667   61.676  30.91   62.953   31.55   59.741  29.94   0.878   0.44 0.189000000000000
316.041667 316.083333   63.711  31.93   66.026   33.09   60.938  30.54   1.516   0.76 0.189000000000000
316.083333 316.125000   63.492  31.82   66.026   33.09   61.097  30.62   1.417   0.71 0.189000000000000
316.125000 316.166667   62.714  31.43   64.011   32.08   61.556  30.85   0.838   0.42 0.189000000000000
316.166667 316.208333   64.489  32.32   66.984   33.57   60.279  30.21   1.816   0.91 0.189000000000000
316.208333 316.250000   67.223  33.69   68.001   34.08   66.744  33.45   0.439   0.22 0.189000000000000
316.250000 316.291667   67.163  33.66   69.697   34.93   64.569  32.36   1.477   0.74 0.189000000000000
316.291667 316.333333   70.256  35.21   71.653   35.91   68.680  34.42   1.077   0.54 0.000000000000000
316.333333 316.375000   74.506  37.34   75.863   38.02   73.069  36.62   0.778   0.39 0.000000000000000
316.375000 316.416667   73.987  37.08   75.344   37.76   73.109  36.64   0.718   0.36 0.000000000000000
316.416667 316.458333   73.429  36.80   74.147   37.16   72.630  36.40   0.539   0.27 0.000000000000000
316.458333 316.500000   74.765  37.47   82.727   41.46   72.092  36.13   2.754   1.38 0.000000000000000
316.500000 316.541667   81.829  41.01   85.281   42.74   80.133  40.16   1.556   0.78 0.000000000000000
316.541667 316.583333   79.155  39.67   81.390   40.79   75.165  37.67   2.095   1.05 0.000000000000000
316.583333 316.625000   77.240  38.71   80.313   40.25   75.404  37.79   1.536   0.77 0.000000000000000
316.625000 316.666667   83.545  41.87   88.454   44.33   79.854  40.02   2.714   1.36 0.000000000000000
316.666667 316.708333   91.347  45.78   93.941   47.08   87.655  43.93   1.596   0.80 0.000000000000000
316.708333 316.750000   92.943  46.58   96.575   48.40   89.910  45.06   2.015   1.01 0.000000000000000
316.750000 316.791667  102.541  51.39  105.135   52.69   99.288  49.76   2.255   1.13 0.189000000000000
316.791667 316.833333   88.833  44.52   95.976   48.10   84.263  42.23   3.651   1.83 0.189000000000000
316.833333 316.875000   77.100  38.64   86.099   43.15   67.363  33.76   7.682   3.85 0.189000000000000
316.875000 316.916667   70.515  35.34   78.197   39.19   62.793  31.47   5.308   2.66 0.189000000000000
316.916667 316.958333   61.796  30.97   66.724   33.44   59.162  29.65   2.295   1.15 0.189000000000000
316.958333 317.000000   60.239  30.19   63.612   31.88   58.444  29.29   1.516   0.76 0.189000000000000
317.000000 317.041667   61.317  30.73   63.153   31.65   60.180  30.16   1.058   0.53 0.189000000000000
317.041667 317.083333   62.873  31.51   69.039   34.60   58.843  29.49   3.691   1.85 0.189000000000000
317.083333 317.125000   61.437  30.79   68.819   34.49   58.603  29.37   3.133   1.57 0.189000000000000
317.125000 317.166667   75.145  37.66   82.288   41.24   65.607  32.88   4.928   2.47 0.189000000000000
317.166667 317.208333   73.289  36.73   77.439   38.81   71.254  35.71   2.075   1.04 0.189000000000000
317.208333 317.250000   74.007  37.09   75.703   37.94   71.753  35.96   1.277   0.64 0.000000000000000
317.250000 317.291667   79.834  40.01   82.787   41.49   76.501  38.34   1.776   0.89 0.000000000000000
317.291667 317.333333   77.180  38.68   80.672   40.43   74.546  37.36   1.896   0.95 0.000000000000000
317.333333 317.375000   74.546  37.36   75.983   38.08   73.309  36.74   0.758   0.38 0.000000000000000
317.375000 317.416667   73.648  36.91   74.327   37.25   72.830  36.50   0.559   0.28 0.000000000000000
317.416667 317.458333   74.346  37.26   75.045   37.61   73.808  36.99   0.339   0.17 0.000000000000000
317.458333 317.500000   74.426  37.30   76.382   38.28   73.548  36.86   0.738   0.37 0.000000000000000
317.500000 317.541667   76.521  38.35   77.659   38.92   75.643  37.91   0.678   0.34 0.000000000000000
317.541667 317.583333   75.663  37.92   76.182   38.18   75.025  37.60   0.359   0.18 0.000000000000000
317.583333 317.625000   76.402  38.29   77.759   38.97   75.224  37.70   0.738   0.37 0.000000000000000
317.625000 317.666667   78.497  39.34   80.392   40.29   76.202  38.19   1.237   0.62 0.000000000000000
317.666667 317.708333   78.816  39.50   79.415   39.80   77.619  38.90   0.559   0.28 0.000000000000000
317.708333 317.750000   80.013  40.10   81.689   40.94   78.776  39.48   0.918   0.46 0.189000000000000
317.750000 317.791667   82.468  41.33   83.705   41.95   81.829  41.01   0.559   0.28 0.189000000000000
317.791667 317.833333   83.086  41.64   83.665   41.93   82.029  41.11   0.918   0.46 0.390189000000000
317.833333 317.875000 9999.999 999.99 9999.999 9999.99 9999.999 999.99 999.999 999.99 0.999000000000000
317.875000 317.916667 9999.999 999.99 9999.999 9999.99 9999.999 999.99 999.999 999.99 0.999000000000000
317.916667 317.958333   62.993  31.57   67.143   33.65   59.441  29.79   2.754   1.38 0.394189000000000
317.958333 318.000000   62.694  31.42   67.782   33.97   59.282  29.71   2.774   1.39 0.189000000000000
318.000000 318.041667   69.937  35.05   75.105   37.64   64.330  32.24   3.632   1.82 0.189000000000000
318.041667 318.083333   69.997  35.08   74.167   37.17   65.028  32.59   3.193   1.60 0.189000000000000
318.083333 318.125000   63.093  31.62   67.203   33.68   59.102  29.62   2.833   1.42 0.189000000000000
318.125000 318.166667   66.924  33.54   73.229   36.70   57.047  28.59   5.188   2.60 0.189000000000000
318.166667 318.208333   72.052  36.11   77.419   38.80   68.620  34.39   3.213   1.61 0.189000000000000
318.208333 318.250000   75.823  38.00   76.721   38.45   74.067  37.12   0.858   0.43 0.189000000000000
318.250000 318.291667   73.209  36.69   77.160   38.67   66.824  33.49   3.731   1.87 0.000000000000000
318.291667 318.333333   64.070  32.11   67.024   33.59   61.756  30.95   1.716   0.86 0.000000000000000
318.333333 318.375000   67.243  33.70   69.218   34.69   65.727  32.94   1.197   0.60 0.000000000000000
318.375000 318.416667   77.898  39.04   80.332   40.26   69.238  34.70   3.472   1.74 0.000000000000000
318.416667 318.458333   77.539  38.86   79.055   39.62   75.085  37.63   1.417   0.71 0.000000000000000
318.458333 318.500000   76.003  38.09   77.699   38.94   73.010  36.59   1.516   0.76 0.000000000000000
318.500000 318.541667   77.040  38.61   79.375   39.78   73.508  36.84   2.215   1.11 0.000000000000000
318.541667 318.583333   79.993  40.09   81.171   40.68   77.858  39.02   1.157   0.58 0.000000000000000
318.583333 318.625000   80.073  40.13   81.769   40.98   77.699  38.94   1.297   0.65 0.000000000000000
318.625000 318.666667   77.300  38.74   79.355   39.77   75.544  37.86   1.018   0.51 0.000000000000000
318.666667 318.708333   81.210  40.70   82.128   41.16   80.931  40.56   0.359   0.18 0.000000000000000
318.708333 318.750000   81.949  41.07   82.986   41.59   81.190  40.69   0.519   0.26 0.189000000000000
318.750000 318.791667   76.821  38.50   82.388   41.29   67.921  34.04   4.609   2.31 0.189000000000000
318.791667 318.833333   69.478  34.82   72.491   36.33   65.447  32.80   2.315   1.16 0.189000000000000
318.833333 318.875000   65.308  32.73   66.066   33.11   64.130  32.14   0.678   0.34 0.189000000000000
318.875000 318.916667   63.492  31.82   64.689   32.42   60.718  30.43   1.058   0.53 0.189000000000000
318.916667 318.958333   61.975  31.06   63.412   31.78   60.678  30.41   0.858   0.43 0.189000000000000
318.958333 319.000000   65.766  32.96   68.640   34.40   63.212  31.68   1.377   0.69 0.189000000000000
319.000000 319.041667   66.724  33.44   68.221   34.19   65.048  32.60   0.838   0.42 0.189000000000000
319.041667 319.083333   67.403  33.78   70.136   35.15   65.567  32.86   1.417   0.71 0.189000000000000
319.083333 319.125000   67.423  33.79   69.817   34.99   65.487  32.82   1.417   0.71 0.189188000000000
319.125000 319.166667   72.850  36.51   82.048   41.12   67.383  33.77   5.128   2.57 0.189000000000000
319.166667 319.208333   86.977  43.59   94.579   47.40   72.192  36.18   7.044   3.53 0.189000000000000
319.208333 319.250000   98.510  49.37  101.922   51.08   95.178  47.70   2.055   1.03 0.189000000000000
319.250000 319.291667   89.551  44.88   92.364   46.29   85.321  42.76   1.796   0.90 0.189000000000000
319.291667 319.333333   83.625  41.91   86.199   43.20   81.989  41.09   1.337   0.67 0.189000000000000
319.333333 319.375000   85.780  42.99   87.256   43.73   84.702  42.45   0.798   0.40 0.000000000000000
319.375000 319.416667   90.409  45.31   91.786   46.00   88.454  44.33   0.838   0.42 0.000000000000000
319.416667 319.458333   92.065  46.14   95.018   47.62   88.912  44.56   1.796   0.90 0.000000000000000
319.458333 319.500000   97.752  48.99   99.169   49.70   95.816  48.02   0.958   0.48 0.000000000000000
319.500000 319.541667  100.386  50.31  104.297   52.27   97.073  48.65   2.474   1.24 0.000000000000000
319.541667 319.583333  103.618  51.93  106.511   53.38  101.264  50.75   1.756   0.88 0.000000000000000
319.583333 319.625000  103.997  52.12  105.394   52.82  100.027  50.13   1.636   0.82 0.000000000000000
319.625000 319.666667  105.115  52.68  105.973   53.11  103.199  51.72   0.958   0.48 0.000000000000000
319.666667 319.708333  104.955  52.60  106.132   53.19  103.598  51.92   0.678   0.34 0.000000000000000
319.708333 319.750000  104.436  52.34  105.594   52.92  102.142  51.19   1.097   0.55 0.188189000000000
319.750000 319.791667  105.853  53.05  107.250   53.75  104.257  52.25   0.978   0.49 0.188189000000000
319.791667 319.833333   99.707  49.97  104.755   52.50   89.551  44.88   4.669   2.34 0.189000000000000
319.833333 319.875000   76.282  38.23   81.729   40.96   70.056  35.11   3.711   1.86 0.189000000000000
319.875000 319.916667   71.613  35.89   73.229   36.70   70.336  35.25   1.018   0.51 0.189000000000000
319.916667 319.958333   74.965  37.57   79.175   39.68   72.411  36.29   1.995   1.00 0.189000000000000
319.958333 320.000000   79.335  39.76   82.687   41.44   76.282  38.23   1.796   0.90 0.189000000000000
320.000000 320.041667   78.118  39.15   80.233   40.21   75.963  38.07   1.556   0.78 0.189000000000000
320.041667 320.083333   74.466  37.32   76.721   38.45   73.229  36.70   1.077   0.54 0.189000000000000
320.083333 320.125000   74.267  37.22   75.085   37.63   72.511  36.34   0.718   0.36 0.189000000000000
320.125000 320.166667   79.754  39.97   92.644   46.43   71.373  35.77   6.625   3.32 0.189000000000000
320.166667 320.208333   90.948  45.58   94.719   47.47   87.715  43.96   2.175   1.09 0.189000000000000
320.208333 320.250000   80.891  40.54   86.957   43.58   76.641  38.41   3.771   1.89 0.000000000000000
320.250000 320.291667   76.641  38.41   77.858   39.02   75.743  37.96   0.778   0.39 0.000000000000000
320.291667 320.333333   76.681  38.43   78.497   39.34   74.606  37.39   1.417   0.71 0.189000000000000
320.333333 320.375000   75.145  37.66   75.743   37.96   74.526  37.35   0.459   0.23 0.000000000000000
320.375000 320.416667   76.920  38.55   79.075   39.63   74.307  37.24   1.696   0.85 0.000000000000000
320.416667 320.458333   78.956  39.57   81.350   40.77   77.459  38.82   1.297   0.65 0.000000000000000
320.458333 320.500000   76.442  38.31   78.098   39.14   74.307  37.24   1.157   0.58 0.000000000000000
