ozone_datasets/Ebas_221019_1549/US1200R.20120101000000.20180130175227.uv_abs.ozone.air.1y.1h.US06L_Thermo_49C_MLO.US06L_AM.lev2.nas
86 1001
McClure-Begley, Audra; Petropavlovskikh, Irina
US06L, National Oceanic and Atmospheric Administration, NOAA/ESRL/GMD, "Earth System Research Laboratory, Global Monitoring Division", 325 Broadway, , CO 80305-3, Boulder, U.S.A.
McClure-Begley, Audra
GAW-WDCRG NOAA-ESRL
1 1
2012 01 01 2018 01 30
0.041667
days from file reference point
10
1 1 1 1 1 1 1 1 1 1
999.999999 9999.999 9999.99 9999.999 9999.99 9999.999 999.99 999.999 999.99 9.999999999999999
end_time of measurement, days from the file reference point
ozone, ug/m3, Statistics=arithmetic mean, Volume std. temperature=293.15 K, Volume std. pressure=1013.25 hPa, Detection limit=1.995 ug/m3, Measurement uncertainty=1.995 ug/m3, Measurement uncertainty expl.=includes statistical uncertainty of individual sample and calibration uncertainty, "Comment=Data converted on import into EBAS from 'nmol/mol' to 'ug/m3' at 293.15 K, 1013.25 hPa, conversion factor 1.99534."
ozone, nmol/mol, Statistics=arithmetic mean, Detection limit=1.0 nmol/mol, Measurement uncertainty=1.0 nmol/mol, Measurement uncertainty expl.=includes statistical uncertainty of individual sample and calibration uncertainty, "Comment=Data converted on import into EBAS from 'nmol/mol' to 'ug/m3' at 293.15 K, 1013.25 hPa, conversion factor 1.99534. -- Data converted on export from EBAS from 'ug/m3' at 293.15 K, 1013.25 hPa to 'nmol/mol', conversion factor 0.5012. Measurement uncertainty converted from '1.995 ug/m3' at 293.15 K, 1013.25 hPa to '1.0 nmol/mol', conversion factor 0.5012. Detection limit converted from '1.995 ug/m3' at 293.15 K, 1013.25 hPa to '1.0 nmol/mol', conversion factor 0.5012."
ozone, ug/m3, Statistics=maximum, Volume std. temperature=293.15 K, Volume std. pressure=1013.25 hPa, Detection limit=1.995 ug/m3, "Comment=Data converted on import into EBAS from 'nmol/mol' to 'ug/m3' at 293.15 K, 1013.25 hPa, conversion factor 1.99534. Detection limit converted from '1.0 nmol/mol' to '1.995 ug/m3' at 293.15 K, 1013.25 hPa, conversion factor 1.99534."
ozone, nmol/mol, Statistics=maximum, Detection limit=1.0 nmol/mol, "Comment=Data converted on import into EBAS from 'nmol/mol' to 'ug/m3' at 293.15 K, 1013.25 hPa, conversion factor 1.99534. Detection limit converted from '1.0 nmol/mol' to '1.995 ug/m3' at 293.15 K, 1013.25 hPa, conversion factor 1.99534. -- Data converted on export from EBAS from 'ug/m3' at 293.15 K, 1013.25 hPa to 'nmol/mol', conversion factor 0.5012. Detection limit converted from '1.995 ug/m3' at 293.15 K, 1013.25 hPa to '1.0 nmol/mol', conversion factor 0.5012."
ozone, ug/m3, Statistics=minimum, Volume std. temperature=293.15 K, Volume std. pressure=1013.25 hPa, Detection limit=1.995 ug/m3, "Comment=Data converted on import into EBAS from 'nmol/mol' to 'ug/m3' at 293.15 K, 1013.25 hPa, conversion factor 1.99534. Detection limit converted from '1.0 nmol/mol' to '1.995 ug/m3' at 293.15 K, 1013.25 hPa, conversion factor 1.99534."
[...]
Inlet type:                   Hat or hood
Inlet description:            Downward Facing, teflon inlet bell
Inlet tube material:          Teflon
Inlet tube outer diameter:    6.35 mm
Inlet tube inner diameter:    4.76 mm
Inlet tube length:            7.0 m
Flow rate:                    1.1 l/min
Humidity/temperature control description: Automatic
Zero/negative values code:    Zero/negative possible
Zero/negative values:         Zero and neg. values may appear due to statistical variations at very low concentrations
Absorption cross section:     Hearn, 1961 cm2
QA1 measure ID:               US06L_reference_calibration_20070630
QA1 date:                     20100101
QA1 outcome:                  pass
Originator:                   "McClure-Begley, Audra, Audra.mcclure@noaa.gov, National Oceanic and Atmospheric Administration/Earth System Research Laboratory/Global Monitoring Division, NOAA/ESRL/GMD, , 325 Broadway, , 80305, ""Boulder, CO"", USA"
Originator:                   "Petropavlovskikh, Irina, Irina.petro@noaa.gov, National Oceanic and Atmospheric Administration/Earth System Research Laboratory/Global Monitoring Division, NOAA/ESRL/GMD, , 325 Broadway, , 80305, ""Boulder, CO"", USA"
Submitter:                    "McClure-Begley, Audra, Audra.mcclure@noaa.gov, National Oceanic and Atmospheric Administration/Earth System Research Laboratory/Global Monitoring Division, NOAA/ESRL/GMD, , 325 Broadway, , 80305, ""Boulder, CO"", USA"
Acknowledgement:              "Request Acknowledgement details from data originator. http://dx.doi.org/10.7289/V57P8WBF"
starttime endtime O3 O3 O3 O3 O3 O3 O3 O3 flag
[from data line 1067]
 44.458333  44.500000 9999.999 9999.99 9999.999 9999.99 9999.999 999.99 999.999 999.99 0.456000000000000
 44.500000  44.541667   89.292   44.75   93.382   46.80   85.520  42.86   2.335   1.17 0.000000000000000
 44.541667  44.583333   91.367   45.79   97.014   48.62   84.583  42.39   3.791   1.90 0.000000000000000
 44.583333  44.625000   98.570   49.40   99.608   49.92   97.073  48.65   0.838   0.42 0.000000000000000
 44.625000  44.666667   98.789   49.51   99.228   49.73   98.330  49.28   0.279   0.14 0.000000000000000
 44.666667  44.708333   97.951   49.09   98.570   49.40   97.373  48.80   0.419   0.21 0.394000000000000
 44.708333  44.750000   98.370   49.30   98.969   49.60   97.612  48.92   0.459   0.23 0.000000000000000
 44.750000  44.791667   98.889   49.56   99.368   49.80   98.311  49.27   0.319   0.16 0.000000000000000
 44.791667  44.833333  100.306   50.27  101.483   50.86   99.029  49.63   0.778   0.39 0.000000000000000
 44.833333  44.875000  101.304   50.77  101.962   51.10  100.665  50.45   0.379   0.19 0.000000000000000
 44.875000  44.916667  101.483   50.86  103.059   51.65  100.326  50.28   0.718   0.36 0.000000000000000
 44.916667  44.958333   99.069   49.65  100.326   50.28   96.734  48.48   0.958   0.48 0.000000000000000
 44.958333  45.000000   97.373   48.80   98.330   49.28   96.335  48.28   0.639   0.32 0.000000000000000
 45.000000  45.041667   94.819   47.52   96.694   48.46   93.761  46.99   0.918   0.46 0.000000000000000
 45.041667  45.083333   96.415   48.32   97.991   49.11   94.080  47.15   1.137   0.57 0.000000000000000
 45.083333  45.125000   98.750   49.49  100.446   50.34   96.694  48.46   0.998   0.50 0.000000000000000
 45.125000  45.166667   98.330   49.28  101.902   51.07   85.101  42.65   4.430   2.22 0.189000000000000
 45.166667  45.208333 9999.999 9999.99 9999.999 9999.99 9999.999 999.99 999.999 999.99 0.456000000000000
 45.208333  45.250000 9999.999 9999.99 9999.999 9999.99 9999.999 999.99 999.999 999.99 0.456000000000000
 45.250000  45.291667  104.975   52.61  107.828   54.04  102.620  51.43   1.916   0.96 0.000000000000000
 45.291667  45.333333  107.409   53.83  108.287   54.27  106.372  53.31   0.559   0.28 0.000000000000000
 45.333333  45.375000  106.910   53.58  107.709   53.98  106.432  53.34   0.379   0.19 0.000000000000000
 45.375000  45.416667  107.509   53.88  108.327   54.29  106.471  53.36   0.499   0.25 0.000000000000000
 45.416667  45.458333  107.270   53.76  107.669   53.96  106.930  53.59   0.219   0.11 0.000000000000000
 45.458333  45.500000 9999.999 9999.99 9999.999 9999.99 9999.999 999.99 999.999 999.99 0.456000000000000
 45.500000  45.541667  109.704   54.98  110.702   55.48  108.906  54.58   0.499   0.25 0.000000000000000
 45.541667  45.583333  109.125   54.69  110.083   55.17  108.447  54.35   0.539   0.27 0.000000000000000
 45.583333  45.625000  109.405   54.83  111.161   55.71  108.347  54.30   0.878   0.44 0.000000000000000
 45.625000  45.666667  109.425   54.84  111.121   55.69  107.489  53.87   0.878   0.44 0.000000000000000
 45.666667  45.708333  109.764   55.01  110.502   55.38  108.966  54.61   0.419   0.21 0.000000000000000
 45.708333  45.750000  107.569   53.91  109.205   54.73  105.474  52.86   1.377   0.69 0.188189000000000
 45.750000  45.791667  104.536   52.39  107.589   53.92  102.381  51.31   1.516   0.76 0.189188000000000
 45.791667  45.833333  106.232   53.24  108.347   54.30  104.217  52.23   1.337   0.67 0.189000000000000
 45.833333  45.875000  101.343   50.79  105.274   52.76   96.116  48.17   3.113   1.56 0.188189000000000
 45.875000  45.916667 9999.999 9999.99 9999.999 9999.99 9999.999 999.99 999.999 999.99 0.189188456000000
 45.916667  45.958333   95.916   48.07  109.225   54.74   89.411  44.81   5.387   2.70 0.188189000000000
 45.958333  46.000000  104.736   52.49  107.868   54.06  100.825  50.53   2.235   1.12 0.000000000000000
 46.000000  46.041667   99.488   49.86  101.024   50.63   97.911  49.07   0.978   0.49 0.000000000000000
 46.041667  46.083333   98.271   49.25   99.907   50.07   95.956  48.09   1.397   0.70 0.000000000000000
 46.083333  46.125000   99.009   49.62   99.747   49.99   98.949  49.59   0.219   0.11 0.000000000000000
 46.125000  46.166667  100.865   50.55  102.361   51.30   99.588  49.91   0.738   0.37 0.000000000000000
 46.166667  46.208333   99.308   49.77  100.585   50.41   98.091  49.16   0.619   0.31 0.000000000000000
 46.208333  46.250000   99.568   49.90  100.386   50.31   98.969  49.60   0.419   0.21 0.000000000000000
 46.250000  46.291667  101.024   50.63  102.062   51.15  100.066  50.15   0.619   0.31 0.000000000000000
 46.291667  46.333333  101.782   51.01  102.421   51.33  101.343  50.79   0.359   0.18 0.000000000000000
 46.333333  46.375000   97.911   49.07   99.827   50.03   95.138  47.68   1.596   0.80 0.000000000000000
 46.375000  46.416667   88.314   44.26   93.262   46.74   84.064  42.13   3.193   1.60 0.000000000000000
 46.416667  46.458333   91.626   45.92   94.240   47.23   86.698  43.45   2.215   1.11 0.000000000000000
 46.458333  46.500000 9999.999 9999.99 9999.999 9999.99 9999.999 999.99 999.999 999.99 0.456000000000000
 46.500000  46.541667   83.784   41.99   84.463   42.33   82.946  41.57   0.479   0.24 0.000000000000000
 46.541667  46.583333   81.889   41.04   83.246   41.72   80.512  40.35   0.758   0.38 0.000000000000000
 46.583333  46.625000   83.246   41.72   84.084   42.14   81.989  41.09   0.639   0.32 0.000000000000000
 46.625000  46.666667   80.752   40.47   81.709   40.95   79.973  40.08   0.619   0.31 0.000000000000000
 46.666667  46.708333   81.530   40.86   82.168   41.18   80.831  40.51   0.459   0.23 0.000000000000000
 46.708333  46.750000   83.286   41.74   86.977   43.59   81.949  41.07   1.576   0.79 0.000000000000000
 46.750000  46.791667   86.638   43.42   88.513   44.36   84.642  42.42   1.437   0.72 0.000000000000000
 46.791667  46.833333   85.141   42.67   86.937   43.57   83.904  42.05   0.838   0.42 0.000000000000000
 46.833333  46.875000   86.079   43.14   87.456   43.83   82.368  41.28   1.357   0.68 0.000000000000000
 46.875000  46.916667 9999.999 9999.99 9999.999 9999.99 9999.999 999.99 999.999 999.99 0.999000000000000
 46.916667  46.958333 9999.999 9999.99 9999.999 9999.99 9999.999 999.99 999.999 999.99 0.999999999999999
 46.958333  47.000000 9999.999 9999.99 9999.999 9999.99 9999.999 999.99 999.999 999.99 0.999999999999999
 47.000000  47.041667 9999.999 9999.99 9999.999 9999.99 9999.999 999.99 999.999 999.99 0.999999999999999
 47.041667  47.083333 9999.999 9999.99 9999.999 9999.99 9999.999 999.99 999.999 999.99 0.999999999999999
 47.083333  47.125000 9999.999 9999.99 9999.999 9999.99 9999.999 999.99 999.999 999.99 0.999999999999999
 47.125000  47.166667 9999.999 9999.99 9999.999 9999.99 9999.999 999.99 999.999 999.99 0.999999999999999
 47.166667  47.208333 9999.999 9999.99 9999.999 9999.99 9999.999 999.99 999.999 999.99 0.999999999999999
 47.208333  47.250000 9999.999 9999.99 9999.999 9999.99 9999.999 999.99 999.999 999.99 0.999999999999999
 47.250000  47.291667 9999.999 9999.99 9999.999 9999.99 9999.999 999.99 999.999 999.99 0.999999999999999
 47.291667  47.333333 9999.999 9999.99 9999.999 9999.99 9999.999 999.99 999.999 999.99 0.999999999999999
 47.333333  47.375000 9999.999 9999.99 9999.999 9999.99 9999.999 999.99 999.999 999.99 0.999999999999999
 47.375000  47.416667 9999.999 9999.99 9999.999 9999.99 9999.999 999.99 999.999 999.99 0.999999999999999
 47.416667  47.458333 9999.999 9999.99 9999.999 9999.99 9999.999 999.99 999.999 999.99 0.999999999999999
 47.458333  47.500000 9999.999 9999.99 9999.999 9999.99 9999.999 999.99 999.999 999.99 0.999999999999999
 47.500000  47.541667 9999.999 9999.99 9999.999 9999.99 9999.999 999.99 999.999 999.99 0.999999999999999
 47.541667  47.583333 9999.999 9999.99 9999.999 9999.99 9999.999 999.99 999.999 999.99 0.999999999999999
 47.583333  47.625000 9999.999 9999.99 9999.999 9999.99 9999.999 999.99 999.999 999.99 0.999999999999999
 47.625000  47.666667 9999.999 9999.99 9999.999 9999.99 9999.999 999.99 999.999 999.99 0.999999999999999
 47.666667  47.708333 9999.999 9999.99 9999.999 9999.99 9999.999 999.99 999.999 999.99 0.999999999999999
 47.708333  47.750000 9999.999 9999.99 9999.999 9999.99 9999.999 999.99 999.999 999.99 0.999999999999999
 47.750000  47.791667 9999.999 9999.99 9999.999 9999.99 9999.999 999.99 999.999 999.99 0.999999999999999
 47.791667  47.833333 9999.999 9999.99 9999.999 9999.99 9999.999 999.99 999.999 999.99 0.999999999999999
 47.833333  47.875000 9999.999 9999.99 9999.999 9999.99 9999.999 999.99 999.999 999.99 0.999999999999999
 47.875000  47.916667 9999.999 9999.99 9999.999 9999.99 9999.999 999.99 999.999 999.99 0.999999999999999
 47.916667  47.958333 9999.999 9999.99 9999.999 9999.99 9999.999 999.99 999.999 999.99 0.999999999999999
 47.958333  48.000000 9999.999 9999.99 9999.999 9999.99 9999.999 999.99 999.999 999.99 0.999999999999999
 48.000000  48.041667 9999.999 9999.99 9999.999 9999.99 9999.999 999.99 999.999 999.99 0.999999999999999
 48.041667  48.083333 9999.999 9999.99 9999.999 9999.99 9999.999 999.99 999.999 999.99 0.999999999999999
 48.083333  48.125000 9999.999 9999.99 9999.999 9999.99 9999.999 999.99 999.999 999.99 0.999999999999999
 48.125000  48.166667 9999.999 9999.99 9999.999 9999.99 9999.999 999.99 999.999 999.99 0.999999999999999
 48.166667  48.208333 9999.999 9999.99 9999.999 9999.99 9999.999 999.99 999.999 999.99 0.999999999999999
 48.208333  48.250000 9999.999 9999.99 9999.999 9999.99 9999.999 999.99 999.999 999.99 0.999999999999999
 48.250000  48.291667 9999.999 9999.99 9999.999 9999.99 9999.999 999.99 999.999 999.99 0.999999999999999
 48.291667  48.333333 9999.999 9999.99 9999.999 9999.99 9999.999 999.99 999.999 999.99 0.999999999999999
 48.333333  48.375000 9999.999 9999.99 9999.999 9999.99 9999.999 999.99 999.999 999.99 0.999999999999999
 48.375000  48.416667 9999.999 9999.99 9999.999 9999.99 9999.999 999.99 999.999 999.99 0.999999999999999
 48.416667  48.458333 9999.999 9999.99 9999.999 9999.99 9999.999 999.99 999.999 999.99 0.999999999999999
 48.458333  48.500000 9999.999 9999.99 9999.999 9999.99 9999.999 999.99 999.999 999.99 0.999999999999999
 48.500000  48.541667 9999.999 9999.99 9999.999 9999.99 9999.999 999.99 999.999 999.99 0.999999999999999
 48.541667  48.583333 9999.999 9999.99 9999.999 9999.99 9999.999 999.99 999.999 999.99 0.999999999999999
 48.583333  48.625000 9999.999 9999.99 9999.999 9999.99 9999.999 999.99 999.999 999.99 0.999999999999999
 48.625000  48.666667 9999.999 9999.99 9999.999 9999.99 9999.999 999.99 999.999 999.99 0.999999999999999
 48.666667  48.708333 9999.999 9999.99 9999.999 9999.99 9999.999 999.99 999.999 999.99 0.999999999999999
 48.708333  48.750000 9999.999 9999.99 9999.999 9999.99 9999.999 999.99 999.999 999.99 0.999999999999999
 48.750000  48.791667 9999.999 9999.99 9999.999 9999.99 9999.999 999.99 999.999 999.99 0.999999999999999
 48.791667  48.833333 9999.999 9999.99 9999.999 9999.99 9999.999 999.99 999.999 999.99 0.999999999999999
 48.833333  48.875000 9999.999 9999.99 9999.999 9999.99 9999.999 999.99 999.999 999.99 0.999999999999999
 48.875000  48.916667 9999.999 9999.99 9999.999 9999.99 9999.999 999.99 999.999 999.99 0.999999999999999
 48.916667  48.958333 9999.999 9999.99 9999.999 9999.99 9999.999 999.99 999.999 999.99 0.999999999999999
 48.958333  49.000000 9999.999 9999.99 9999.999 9999.99 9999.999 999.99 999.999 999.99 0.999999999999999
 49.000000  49.041667 9999.999 9999.99 9999.999 9999.99 9999.999 999.99 999.999 999.99 0.999999999999999
 49.041667  49.083333 9999.999 9999.99 9999.999 9999.99 9999.999 999.99 999.999 999.99 0.999999999999999
 49.083333  49.125000 9999.999 9999.99 9999.999 9999.99 9999.999 999.99 999.999 999.99 0.999999999999999
 49.125000  49.166667 9999.999 9999.99 9999.999 9999.99 9999.999 999.99 999.999 999.99 0.999999999999999
 49.166667  49.208333 9999.999 9999.99 9999.999 9999.99 9999.999 999.99 999.999 999.99 0.999999999999999
 49.208333  49.250000 9999.999 9999.99 9999.999 9999.99 9999.999 999.99 999.999 999.99 0.999999999999999
 49.250000  49.291667 9999.999 9999.99 9999.999 9999.99 9999.999 999.99 999.999 999.99 0.999999999999999
 49.291667  49.333333 9999.999 9999.99 9999.999 9999.99 9999.999 999.99 999.999 999.99 0.999999999999999
 49.333333  49.375000 9999.999 9999.99 9999.999 9999.99 9999.999 999.99 999.999 999.99 0.999999999999999
 49.375000  49.416667 9999.999 9999.99 9999.999 9999.99 9999.999 999.99 999.999 999.99 0.999999999999999
 49.416667  49.458333 9999.999 9999.99 9999.999 9999.99 9999.999 999.99 999.999 999.99 0.999999999999999
 49.458333  49.500000 9999.999 9999.99 9999.999 9999.99 9999.999 999.99 999.999 999.99 0.999999999999999
 49.500000  49.541667 9999.999 9999.99 9999.999 9999.99 9999.999 999.99 999.999 999.99 0.999999999999999
 49.541667  49.583333 9999.999 9999.99 9999.999 9999.99 9999.999 999.99 999.999 999.99 0.999999999999999
 49.583333  49.625000   76.481   38.33   78.477   39.33   75.244  37.71   1.197   0.60 0.392000000000000
 49.625000  49.666667   85.361   42.78   87.675   43.94   80.253  40.22   1.975   0.99 0.000000000000000
 49.666667  49.708333   93.502   46.86   95.537   47.88   91.726  45.97   1.157   0.58 0.000000000000000
 49.708333  49.750000   86.678   43.44   92.165   46.19   81.789  40.99   3.612   1.81 0.000000000000000
 49.750000  49.791667   79.295   39.74   88.753   44.48   73.907  37.04   5.647   2.83 0.000000000000000
 49.791667  49.833333   75.863   38.02   78.796   39.49   74.187  37.18   1.417   0.71 0.000000000000000
 49.833333  49.875000   76.641   38.41   78.956   39.57   74.985  37.58   1.277   0.64 0.000000000000000
 49.875000  49.916667   76.402   38.29   79.634   39.91   74.087  37.13   1.556   0.78 0.000000000000000
 49.916667  49.958333   78.317   39.25   81.510   40.85   76.442  38.31   1.856   0.93 0.000000000000000
 49.958333  50.000000   87.935   44.07   95.577   47.90   79.235  39.71   6.166   3.09 0.000000000000000
 50.000000  50.041667   89.511   44.86   93.961   47.09   85.959  43.08   2.674   1.34 0.000000000000000
 50.041667  50.083333  101.703   50.97  105.294   52.77   97.093  48.66   2.295   1.15 0.188189000000000
 50.083333  50.125000   97.792   49.01  100.924   50.58   94.759  47.49   2.414   1.21 0.188189000000000
 50.125000  50.166667   89.631   44.92   94.180   47.20   81.789  40.99   3.751   1.88 0.189188000000000
 50.166667  50.208333   86.039   43.12   93.202   46.71   78.577  39.38   4.968   2.49 0.189000000000000
 50.208333  50.250000   88.254   44.23   92.504   46.36   83.605  41.90   3.213   1.61 0.000000000000000
 50.250000  50.291667   83.705   41.95   86.478   43.34   79.514  39.85   2.355   1.18 0.000000000000000
 50.291667  50.333333   80.732   40.46   85.201   42.70   77.759  38.97   1.995   1.00 0.000000000000000
 50.333333  50.375000   90.010   45.11   92.744   46.48   87.336  43.77   1.656   0.83 0.000000000000000
 50.375000  50.416667   95.477   47.85  101.942   51.09   89.651  44.93   4.110   2.06 0.189000000000000
 50.416667  50.458333  102.122   51.18  104.496   52.37   99.707  49.97   1.357   0.68 0.189000000000000
 50.458333  50.500000  103.000   51.62  105.314   52.78  101.004  50.62   1.437   0.72 0.000000000000000
 50.500000  50.541667  102.640   51.44  104.157   52.20  101.144  50.69   0.858   0.43 0.000000000000000
 50.541667  50.583333  103.119   51.68  104.117   52.18  102.541  51.39   0.499   0.25 0.000000000000000
 50.583333  50.625000   96.614   48.42  102.102   51.17   93.861  47.04   2.674   1.34 0.000000000000000
 50.625000  50.666667   97.572   48.90   99.608   49.92   96.056  48.14   1.137   0.57 0.000000000000000
 50.666667  50.708333  103.598   51.92  107.729   53.99   99.947  50.09   2.774   1.39 0.000000000000000
 50.708333  50.750000  104.875   52.56  108.367   54.31   98.909  49.57   3.731   1.87 0.000000000000000
 50.750000  50.791667  103.359   51.80  106.950   53.60  101.244  50.74   1.975   0.99 0.000000000000000
