ozone_datasets/Ebas_221019_1549/US1200R.20100102060000.20180130175327.uv_abs.ozone.air.5mo.1h.US06L_Thermo_49C_MLO.US06L_AM.lev2.nas
86 1001
McClure-Begley, Audra; Petropavlovskikh, Irina
US06L, National Oceanic and Atmospheric Administration, NOAA/ESRL/GMD, "Earth System Research Laboratory, Global Monitoring Division", 325 Broadway, , CO 80305-3, Boulder, U.S.A.
McClure-Begley, Audra
GAW-WDCRG NOAA-ESRL
1 1
2010 01 01 2018 01 30
0.041667
days from file reference point
10
1 1 1 1 1 1 1 1 1 1
999.999999 9999.999 999.99 9999.999 999.99 9999.999 999.99 999.999 999.99 9.999999999999999
end_time of measurement, days from the file reference point
ozone, ug/m3, Statistics=arithmetic mean, Volume std. temperature=293.15 K, Volume std. pressure=1013.25 hPa, Detection limit=1.995 ug/m3, Measurement uncertainty=1.995 ug/m3, Measurement uncertainty expl.=includes statistical uncertainty of individual sample and calibration uncertainty, "Comment=Data converted on import into EBAS from 'nmol/mol' to 'ug/m3' at 293.15 K, 1013.25 hPa, conversion factor 1.99534."
ozone, nmol/mol, Statistics=arithmetic mean, Detection limit=1.0 nmol/mol, Measurement uncertainty=1.0 nmol/mol, Measurement uncertainty expl.=includes statistical uncertainty of individual sample and calibration uncertainty, "Comment=Data converted on import into EBAS from 'nmol/mol' to 'ug/m3' at 293.15 K, 1013.25 hPa, conversion factor 1.99534. -- Data converted on export from EBAS from 'ug/m3' at 293.15 K, 1013.25 hPa to 'nmol/mol', conversion factor 0.5012. Measurement uncertainty converted from '1.995 ug/m3' at 293.15 K, 1013.25 hPa to '1.0 nmol/mol', conversion factor 0.5012. Detection limit converted from '1.995 ug/m3' at 293.15 K, 1013.25 hPa to '1.0 nmol/mol', conversion factor 0.5012."
ozone, ug/m3, Statistics=maximum, Volume std. temperature=293.15 K, Volume std. pressure=1013.25 hPa, Detection limit=1.995 ug/m3, "Comment=Data converted on import into EBAS from 'nmol/mol' to 'ug/m3' at 293.15 K, 1013.25 hPa, conversion factor 1.99534. Detection limit converted from '1.0 nmol/mol' to '1.995 ug/m3' at 293.15 K, 1013.25 hPa, conversion factor 1.99534."
ozone, nmol/mol, Statistics=maximum, Detection limit=1.0 nmol/mol, "Comment=Data converted on import into EBAS from 'nmol/mol' to 'ug/m3' at 293.15 K, 1013.25 hPa, conversion factor 1.99534. Detection limit converted from '1.0 nmol/mol' to '1.995 ug/m3' at 293.15 K, 1013.25 hPa, conversion factor 1.99534. -- Data converted on export from EBAS from 'ug/m3' at 293.15 K, 1013.25 hPa to 'nmol/mol', conversion factor 0.5012. Detection limit converted from '1.995 ug/m3' at 293.15 K, 1013.25 hPa to '1.0 nmol/mol', conversion factor 0.5012."
ozone, ug/m3, Statistics=minimum, Volume std. temperature=293.15 K, Volume std. pressure=1013.25 hPa, Detection limit=1.995 ug/m3, "Comment=Data converted on import into EBAS from 'nmol/mol' to 'ug/m3' at 293.15 K, 1013.25 hPa, conversion factor 1.99534. Detection limit converted from '1.0 nmol/mol' to '1.995 ug/m3' at 293.15 K, 1013.25 hPa, conversion factor 1.99534."
[...]
Inlet type:                   Hat or hood
Inlet description:            Downward Facing, teflon inlet bell
Inlet tube material:          Teflon
Inlet tube outer diameter:    6.35 mm
Inlet tube inner diameter:    4.76 mm
Inlet tube length:            7.0 m
Flow rate:                    0.9 l/min
Humidity/temperature control description: Automatic
Zero/negative values code:    Zero/negative possible
Zero/negative values:         Zero and neg. values may appear due to statistical variations at very low concentrations
Absorption cross section:     Hearn, 1961 cm2
QA1 measure ID:               US06L_reference_calibration_20070630
QA1 date:                     20100101
QA1 outcome:                  pass
Originator:                   "McClure-Begley, Audra, Audra.mcclure@noaa.gov, National Oceanic and Atmospheric Administration/Earth System Research Laboratory/Global Monitoring Division, NOAA/ESRL/GMD, , 325 Broadway, , 80305, ""Boulder, CO"", USA"
Originator:                   "Petropavlovskikh, Irina, Irina.petro@noaa.gov, National Oceanic and Atmospheric Administration/Earth System Research Laboratory/Global Monitoring Division, NOAA/ESRL/GMD, , 325 Broadway, , 80305, ""Boulder, CO"", USA"
Submitter:                    "McClure-Begley, Audra, Audra.mcclure@noaa.gov, National Oceanic and Atmospheric Administration/Earth System Research Laboratory/Global Monitoring Division, NOAA/ESRL/GMD, , 325 Broadway, , 80305, ""Boulder, CO"", USA"
Acknowledgement:              "Request Acknowledgement details from data originator. http://dx.doi.org/10.7289/V57P8WBF"
starttime endtime O3 O3 O3 O3 O3 O3 O3 O3 flag
[from data line 2331]
 98.375000  98.416667   88.932  44.57  101.723  50.98   78.816  39.50   6.764   3.39 0.188189000000000
 98.416667  98.458333   80.871  40.53   92.803  46.51   74.546  37.36   5.966   2.99 0.188189000000000
 98.458333  98.500000   73.309  36.74   77.020  38.60   70.396  35.28   1.736   0.87 0.188189000000000
 98.500000  98.541667   66.944  33.55   69.398  34.78   64.090  32.12   2.015   1.01 0.188189000000000
 98.541667  98.583333   67.622  33.89   68.660  34.41   66.166  33.16   0.798   0.40 0.188189000000000
 98.583333  98.625000   66.205  33.18   67.103  33.63   65.168  32.66   0.479   0.24 0.000000000000000
 98.625000  98.666667   68.181  34.17   70.296  35.23   67.742  33.95   0.718   0.36 0.000000000000000
 98.666667  98.708333   66.824  33.49   68.061  34.11   64.948  32.55   1.077   0.54 0.188000000000000
 98.708333  98.750000   65.028  32.59   65.966  33.06   64.489  32.32   0.519   0.26 0.188189000000000
 98.750000  98.791667   65.946  33.05   67.103  33.63   65.148  32.65   0.539   0.27 0.189000000000000
 98.791667  98.833333 9999.999 999.99 9999.999 999.99 9999.999 999.99 999.999 999.99 0.188189456000000
 98.833333  98.875000 9999.999 999.99 9999.999 999.99 9999.999 999.99 999.999 999.99 0.189456000000000
 98.875000  98.916667   71.693  35.93   74.287  37.23   69.059  34.61   1.796   0.90 0.189000000000000
 98.916667  98.958333   74.426  37.30   81.011  40.60   70.655  35.41   3.232   1.62 0.189000000000000
 98.958333  99.000000   79.036  39.61   81.909  41.05   76.661  38.42   1.357   0.68 0.189000000000000
 99.000000  99.041667   75.424  37.80   76.920  38.55   73.888  37.03   0.998   0.50 0.188189000000000
 99.041667  99.083333   93.003  46.61  106.392  53.32   84.203  42.20   5.387   2.70 0.188189000000000
 99.083333  99.125000  107.768  54.01  112.857  56.56  102.720  51.48   3.252   1.63 0.189000000000000
 99.125000  99.166667  107.389  53.82  113.894  57.08   83.166  41.68   8.620   4.32 0.189000000000000
 99.166667  99.208333  113.934  57.10  116.069  58.17  111.340  55.80   1.417   0.71 0.189000000000000
 99.208333  99.250000  117.286  58.78  121.796  61.04  114.652  57.46   2.155   1.08 0.000000000000000
 99.250000  99.291667  120.259  60.27  122.175  61.23  118.005  59.14   1.277   0.64 0.189000000000000
 99.291667  99.333333  118.783  59.53  121.975  61.13  115.590  57.93   2.454   1.23 0.189000000000000
 99.333333  99.375000  114.872  57.57  119.381  59.83  112.218  56.24   2.235   1.12 0.189000000000000
 99.375000  99.416667   96.614  48.42  112.976  56.62   83.046  41.62   8.341   4.18 0.000000000000000
 99.416667  99.458333   85.002  42.60   88.035  44.12   82.867  41.53   1.656   0.83 0.000000000000000
 99.458333  99.500000   86.817  43.51   89.431  44.82   83.226  41.71   1.676   0.84 0.000000000000000
 99.500000  99.541667   85.560  42.88   87.895  44.05   83.665  41.93   1.077   0.54 0.188189000000000
 99.541667  99.583333   83.844  42.02   85.820  43.01   82.428  41.31   1.038   0.52 0.188189000000000
 99.583333  99.625000   84.862  42.53   88.094  44.15   82.807  41.50   1.816   0.91 0.000000000000000
 99.625000  99.666667   85.760  42.98   91.187  45.70   81.330  40.76   3.113   1.56 0.000000000000000
 99.666667  99.708333   74.606  37.39   75.783  37.98   73.030  36.60   0.858   0.43 0.000000000000000
 99.708333  99.750000   77.938  39.06   85.381  42.79   73.528  36.85   3.891   1.95 0.188189000000000
 99.750000  99.791667  105.474  52.86  127.383  63.84   79.155  39.67  16.921   8.48 0.188189000000000
 99.791667  99.833333  121.856  61.07  133.429  66.87   94.899  47.56  14.985   7.51 0.188189000000000
 99.833333  99.875000  119.940  60.11  137.419  68.87   96.754  48.49  15.663   7.85 0.188189000000000
 99.875000  99.916667  128.620  64.46  137.559  68.94  118.044  59.16   7.083   3.55 0.189000000000000
 99.916667  99.958333  130.615  65.46  141.370  70.85  118.843  59.56   7.642   3.83 0.188189000000000
 99.958333 100.000000  129.538  64.92  132.311  66.31  127.622  63.96   1.497   0.75 0.188189000000000
100.000000 100.041667  129.418  64.86  135.105  67.71  124.968  62.63   3.033   1.52 0.188189000000000
100.041667 100.083333  126.225  63.26  128.600  64.45  124.549  62.42   1.457   0.73 0.188189000000000
100.083333 100.125000  125.148  62.72  126.964  63.63  123.372  61.83   1.417   0.71 0.188189000000000
100.125000 100.166667  124.749  62.52  129.737  65.02  123.532  61.91   1.676   0.84 0.189000000000000
100.166667 100.208333  127.423  63.86  129.119  64.71  125.866  63.08   1.058   0.53 0.189000000000000
100.208333 100.250000  126.864  63.58  127.742  64.02  125.906  63.10   0.559   0.28 0.000000000000000
100.250000 100.291667  125.806  63.05  127.383  63.84  124.869  62.58   0.858   0.43 0.000000000000000
100.291667 100.333333  121.516  60.90  123.791  62.04  118.803  59.54   1.676   0.84 0.188189000000000
100.333333 100.375000  113.515  56.89  121.417  60.85  104.436  52.34   4.330   2.17 0.188189000000000
100.375000 100.416667  108.746  54.50  113.974  57.12  101.643  50.94   3.911   1.96 0.000000000000000
100.416667 100.458333  100.426  50.33  104.057  52.15   96.694  48.46   2.953   1.48 0.000000000000000
100.458333 100.500000  101.204  50.72  104.716  52.48   97.792  49.01   2.474   1.24 0.000000000000000
100.500000 100.541667  101.383  50.81  103.179  51.71   96.994  48.61   2.055   1.03 0.000000000000000
100.541667 100.583333   95.597  47.91   96.874  48.55   92.704  46.46   1.417   0.71 0.000000000000000
100.583333 100.625000   90.728  45.47   92.903  46.56   87.875  44.04   1.417   0.71 0.000000000000000
100.625000 100.666667   87.576  43.89   90.728  45.47   86.498  43.35   1.197   0.60 0.000000000000000
100.666667 100.708333   89.830  45.02   91.526  45.87   87.855  44.03   1.277   0.64 0.000000000000000
100.708333 100.750000   94.400  47.31  104.616  52.43   87.875  44.04   6.186   3.10 0.188189000000000
100.750000 100.791667  106.731  53.49  115.610  57.94   94.679  47.45   5.946   2.98 0.188189000000000
100.791667 100.833333  116.927  58.60  125.048  62.67  110.223  55.24   5.467   2.74 0.189000000000000
100.833333 100.875000  122.753  61.52  126.305  63.30  118.543  59.41   2.634   1.32 0.189394000000000
100.875000 100.916667  116.608  58.44  118.942  59.61  113.316  56.79   1.995   1.00 0.189000000000000
100.916667 100.958333  112.677  56.47  116.767  58.52  106.531  53.39   3.292   1.65 0.189000000000000
100.958333 101.000000  116.568  58.42  118.204  59.24  114.114  57.19   1.197   0.60 0.189000000000000
101.000000 101.041667  120.219  60.25  121.995  61.14  118.902  59.59   1.018   0.51 0.188189000000000
101.041667 101.083333  117.167  58.72  119.621  59.95  116.348  58.31   0.878   0.44 0.188189000000000
101.083333 101.125000  115.111  57.69  117.665  58.97  111.061  55.66   2.434   1.22 0.188189000000000
101.125000 101.166667  113.754  57.01  115.331  57.80  109.764  55.01   1.816   0.91 0.188189000000000
101.166667 101.208333  115.211  57.74  117.546  58.91  113.595  56.93   1.177   0.59 0.188189000000000
101.208333 101.250000  121.995  61.14  125.647  62.97  119.880  60.08   1.796   0.90 0.188000000000000
101.250000 101.291667  123.831  62.06  128.121  64.21  119.082  59.68   3.572   1.79 0.188000000000000
101.291667 101.333333  120.000  60.14  121.018  60.65  118.962  59.62   0.619   0.31 0.000000000000000
101.333333 101.375000  122.035  61.16  123.572  61.93  120.758  60.52   1.018   0.51 0.000000000000000
101.375000 101.416667  122.414  61.35  123.631  61.96  121.057  60.67   0.738   0.37 0.000000000000000
101.416667 101.458333  119.401  59.84  121.197  60.74  116.847  58.56   1.277   0.64 0.392000000000000
101.458333 101.500000 9999.999 999.99 9999.999 999.99 9999.999 999.99 999.999 999.99 0.999000000000000
101.500000 101.541667 9999.999 999.99 9999.999 999.99 9999.999 999.99 999.999 999.99 0.999000000000000
101.541667 101.583333   77.180  38.68   78.018  39.10   76.322  38.25   0.599   0.30 0.392000000000000
101.583333 101.625000   79.514  39.85   81.230  40.71   77.220  38.70   1.337   0.67 0.000000000000000
101.625000 101.666667   81.031  40.61   83.705  41.95   79.215  39.70   1.337   0.67 0.188000000000000
101.666667 101.708333   83.126  41.66   87.536  43.87   79.754  39.97   2.414   1.21 0.000000000000000
101.708333 101.750000   83.505  41.85   93.242  46.73   78.876  39.53   3.911   1.96 0.189000000000000
101.750000 101.791667   88.174  44.19  101.244  50.74   79.055  39.62   7.742   3.88 0.189000000000000
101.791667 101.833333 9999.999 999.99 9999.999 999.99 9999.999 999.99 999.999 999.99 0.188189456000000
101.833333 101.875000  109.564  54.91  112.497  56.38  106.372  53.31   2.195   1.10 0.188189000000000
101.875000 101.916667  110.562  55.41  112.058  56.16  108.607  54.43   1.117   0.56 0.189000000000000
101.916667 101.958333  110.442  55.35  113.036  56.65  106.910  53.58   2.055   1.03 0.189000000000000
101.958333 102.000000  111.580  55.92  113.615  56.94  109.963  55.11   1.437   0.72 0.189000000000000
102.000000 102.041667  117.765  59.02  125.866  63.08  112.996  56.63   4.709   2.36 0.189000000000000
102.041667 102.083333  124.230  62.26  127.024  63.66  120.678  60.48   1.716   0.86 0.188189000000000
102.083333 102.125000  116.328  58.30  121.217  60.75  113.515  56.89   2.235   1.12 0.188189000000000
102.125000 102.166667  111.500  55.88  117.326  58.80  107.848  54.05   2.833   1.42 0.188189000000000
102.166667 102.208333  114.233  57.25  115.391  57.83  111.560  55.91   1.018   0.51 0.188189000000000
102.208333 102.250000  116.967  58.62  119.022  59.65  115.590  57.93   1.237   0.62 0.188189000000000
102.250000 102.291667  119.880  60.08  121.377  60.83  117.546  58.91   1.397   0.70 0.188000000000000
102.291667 102.333333  116.867  58.57  118.823  59.55  115.750  58.01   0.918   0.46 0.000000000000000
102.333333 102.375000  110.382  55.32  116.608  58.44  104.336  52.29   3.931   1.97 0.000000000000000
102.375000 102.416667  107.589  53.92  112.458  56.36   99.887  50.06   3.931   1.97 0.000000000000000
102.416667 102.458333   91.846  46.03   98.450  49.34   86.758  43.48   3.592   1.80 0.000000000000000
102.458333 102.500000   79.435  39.81   86.718  43.46   73.788  36.98   3.711   1.86 0.188000000000000
102.500000 102.541667   74.666  37.42   79.494  39.84   69.198  34.68   3.292   1.65 0.188000000000000
102.541667 102.583333   80.273  40.23   83.485  41.84   77.000  38.59   1.935   0.97 0.000000000000000
102.583333 102.625000   85.201  42.70   87.835  44.02   81.789  40.99   1.616   0.81 0.000000000000000
102.625000 102.666667   87.655  43.93   92.065  46.14   83.545  41.87   2.275   1.14 0.000000000000000
102.666667 102.708333   88.414  44.31   90.748  45.48   86.738  43.47   1.337   0.67 0.189000000000000
102.708333 102.750000   87.396  43.80   89.571  44.89   85.281  42.74   1.417   0.71 0.188189000000000
102.750000 102.791667   88.573  44.39   90.988  45.60   87.516  43.86   1.237   0.62 0.188189000000000
102.791667 102.833333 9999.999 999.99 9999.999 999.99 9999.999 999.99 999.999 999.99 0.188189456000000
102.833333 102.875000 9999.999 999.99 9999.999 999.99 9999.999 999.99 999.999 999.99 0.188189456000000
102.875000 102.916667 9999.999 999.99 9999.999 999.99 9999.999 999.99 999.999 999.99 0.188189456000000
102.916667 102.958333  109.804  55.03  121.616  60.95   88.633  44.42  13.209   6.62 0.189000000000000
102.958333 103.000000  119.501  59.89  120.818  60.55  117.825  59.05   0.878   0.44 0.189000000000000
103.000000 103.041667  119.341  59.81  120.439  60.36  118.364  59.32   0.639   0.32 0.189000000000000
103.041667 103.083333  116.368  58.32  118.703  59.49  113.076  56.67   1.955   0.98 0.189000000000000
103.083333 103.125000  111.300  55.78  112.278  56.27  109.884  55.07   0.778   0.39 0.189000000000000
103.125000 103.166667  114.174  57.22  116.827  58.55  112.916  56.59   1.377   0.69 0.189000000000000
103.166667 103.208333  118.823  59.55  121.616  60.95  116.608  58.44   1.596   0.80 0.188189000000000
103.208333 103.250000  118.523  59.40  120.638  60.46  117.326  58.80   0.998   0.50 0.188189000000000
103.250000 103.291667  119.501  59.89  123.033  61.66  116.648  58.46   2.135   1.07 0.188189000000000
103.291667 103.333333  127.622  63.96  130.336  65.32  124.070  62.18   1.955   0.98 0.188189000000000
103.333333 103.375000  127.862  64.08  130.076  65.19  125.108  62.70   1.297   0.65 0.188189000000000
103.375000 103.416667  126.964  63.63  132.371  66.34  123.452  61.87   2.654   1.33 0.000000000000000
103.416667 103.458333  126.365  63.33  129.338  64.82  118.763  59.52   3.073   1.54 0.000000000000000
103.458333 103.500000  122.175  61.23  131.393  65.85   96.255  48.24  11.334   5.68 0.000000000000000
103.500000 103.541667   93.621  46.92  105.873  53.06   86.857  43.53   5.487   2.75 0.000000000000000
103.541667 103.583333  105.673  52.96  111.580  55.92  100.485  50.36   3.671   1.84 0.000000000000000
103.583333 103.625000   97.034  48.63  100.565  50.40   93.063  46.64   2.275   1.14 0.000000000000000
103.625000 103.666667   96.176  48.20   99.089  49.66   93.422  46.82   1.656   0.83 0.000000000000000
103.666667 103.708333  100.446  50.34  105.873  53.06   95.318  47.77   3.432   1.72 0.000000000000000
103.708333 103.750000  114.373  57.32  118.563  59.42  110.263  55.26   2.574   1.29 0.189000000000000
103.750000 103.791667  123.372  61.83  126.545  63.42  120.858  60.57   1.916   0.96 0.189000000000000
103.791667 103.833333  125.806  63.05  127.921  64.11  124.230  62.26   1.217   0.61 0.189000000000000
103.833333 103.875000  124.629  62.46  126.345  63.32  123.292  61.79   1.177   0.59 0.189000000000000
103.875000 103.916667  124.430  62.36  126.804  63.55  121.217  60.75   1.716   0.86 0.189000000000000
103.916667 103.958333  124.729  62.51  126.126  63.21  123.173  61.73   0.798   0.40 0.189000000000000
103.958333 104.000000  124.509  62.40  129.837  65.07  122.654  61.47   1.856   0.93 0.189000000000000
104.000000 104.041667  128.460  64.38  130.456  65.38  126.585  63.44   1.077   0.54 0.188189000000000
104.041667 104.083333  126.106  63.20  127.941  64.12  124.948  62.62   0.798   0.40 0.188189000000000
104.083333 104.125000  126.824  63.56  128.360  64.33  125.926  63.11   0.738   0.37 0.189000000000000
104.125000 104.166667  126.166  63.23  127.183  63.74  125.248  62.77   0.599   0.30 0.188189000000000
104.166667 104.208333  130.196  65.25  131.513  65.91  128.460  64.38   0.798   0.40 0.189000000000000
104.208333 104.250000  128.420  64.36  129.717  65.01  126.086  63.19   1.277   0.64 0.189000000000000
104.250000 104.291667  127.043  63.67  127.921  64.11  126.185  63.24   0.519   0.26 0.189000000000000
104.291667 104.333333  126.604  63.45  128.660  64.48  125.028  62.66   1.077   0.54 0.189000000000000
104.333333 104.375000  129.478  64.89  130.555  65.43  127.921  64.11   0.878   0.44 0.189000000000000
104.375000 104.416667  127.882  64.09  128.560  64.43  127.303  63.80   0.399   0.20 0.189000000000000
104.416667 104.458333  126.245  63.27  127.702  64.00  123.492  61.89   1.197   0.60 0.189000000000000
104.458333 104.500000  122.394  61.34  125.108  62.70  117.366  58.82   2.374   1.19 0.000000000000000
104.500000 104.541667  115.331  57.80  123.113  61.70  110.502  55.38   3.651   1.83 0.189000000000000
104.541667 104.583333  113.316  56.79  117.745  59.01  110.861  55.56   2.115   1.06 0.189000000000000
104.583333 104.625000  111.180  55.72  118.344  59.31  107.250  53.75   2.973   1.49 0.000000000000000
104.625000 104.666667  124.489  62.39  126.345  63.32  122.275  61.28   1.297   0.65 0.000000000000000
104.666667 104.708333  129.717  65.01  134.087  67.20  124.869  62.58   3.093   1.55 0.189000000000000
104.708333 104.750000  134.885  67.60  138.696  69.51  129.657  64.98   2.853   1.43 0.189000000000000
104.750000 104.791667  129.139  64.72  137.798  69.06  122.275  61.28   5.068   2.54 0.189000000000000
