ozone_datasets/Ebas_221019_1549/US1200R.20120101000000.20180130175227.uv_abs.ozone.air.1y.1h.US06L_Thermo_49C_MLO.US06L_AM.lev2.nas
86 1001
McClure-Begley, Audra; Petropavlovskikh, Irina
US06L, National Oceanic and Atmospheric Administration, NOAA/ESRL/GMD, "Earth System Research Laboratory, Global Monitoring Division", 325 Broadway, , CO 80305-3, Boulder, U.S.A.
McClure-Begley, Audra
GAW-WDCRG NOAA-ESRL
1 1
2012 01 01 2018 01 30
0.041667
days from file reference point
10
1 1 1 1 1 1 1 1 1 1
999.999999 9999.999 9999.99 9999.999 9999.99 9999.999 999.99 999.999 999.99 9.999999999999999
end_time of measurement, days from the file reference point
ozone, ug/m3, Statistics=arithmetic mean, Volume std. temperature=293.15 K, Volume std. pressure=1013.25 hPa, Detection limit=1.995 ug/m3, Measurement uncertainty=1.995 ug/m3, Measurement uncertainty expl.=includes statistical uncertainty of individual sample and calibration uncertainty, "Comment=Data converted on import into EBAS from 'nmol/mol' to 'ug/m3' at 293.15 K, 1013.25 hPa, conversion factor 1.99534."
ozone, nmol/mol, Statistics=arithmetic mean, Detection limit=1.0 nmol/mol, Measurement uncertainty=1.0 nmol/mol, Measurement uncertainty expl.=includes statistical uncertainty of individual sample and calibration uncertainty, "Comment=Data converted on import into EBAS from 'nmol/mol' to 'ug/m3' at 293.15 K, 1013.25 hPa, conversion factor 1.99534. -- Data converted on export from EBAS from 'ug/m3' at 293.15 K, 1013.25 hPa to 'nmol/mol', conversion factor 0.5012. Measurement uncertainty converted from '1.995 ug/m3' at 293.15 K, 1013.25 hPa to '1.0 nmol/mol', conversion factor 0.5012. Detection limit converted from '1.995 ug/m3' at 293.15 K, 1013.25 hPa to '1.0 nmol/mol', conversion factor 0.5012."
ozone, ug/m3, Statistics=maximum, Volume std. temperature=293.15 K, Volume std. pressure=1013.25 hPa, Detection limit=1.995 ug/m3, "Comment=Data converted on import into EBAS from 'nmol/mol' to 'ug/m3' at 293.15 K, 1013.25 hPa, conversion factor 1.99534. Detection limit converted from '1.0 nmol/mol' to '1.995 ug/m3' at 293.15 K, 1013.25 hPa, conversion factor 1.99534."
ozone, nmol/mol, Statistics=maximum, Detection limit=1.0 nmol/mol, "Comment=Data converted on import into EBAS from 'nmol/mol' to 'ug/m3' at 293.15 K, 1013.25 hPa, conversion factor 1.99534. Detection limit converted from '1.0 nmol/mol' to '1.995 ug/m3' at 293.15 K, 1013.25 hPa, conversion factor 1.99534. -- Data converted on export from EBAS from 'ug/m3' at 293.15 K, 1013.25 hPa to 'nmol/mol', conversion factor 0.5012. Detection limit converted from '1.995 ug/m3' at 293.15 K, 1013.25 hPa to '1.0 nmol/mol', conversion factor 0.5012."
ozone, ug/m3, Statistics=minimum, Volume std. temperature=293.15 K, Volume std. pressure=1013.25 hPa, Detection limit=1.995 ug/m3, "Comment=Data converted on import into EBAS from 'nmol/mol' to 'ug/m3' at 293.15 K, 1013.25 hPa, conversion factor 1.99534. Detection limit converted from '1.0 nmol/mol' to '1.995 ug/m3' at 293.15 K, 1013.25 hPa, conversion factor 1.99534."
[...]
Inlet type:                   Hat or hood
Inlet description:            Downward Facing, teflon inlet bell
Inlet tube material:          Teflon
Inlet tube outer diameter:    6.35 mm
Inlet tube inner diameter:    4.76 mm
Inlet tube length:            7.0 m
Flow rate:                    1.1 l/min
Humidity/temperature control description: Automatic
Zero/negative values code:    Zero/negative possible
Zero/negative values:         Zero and neg. values may appear due to statistical variations at very low concentrations
Absorption cross section:     Hearn, 1961 cm2
QA1 measure ID:               US06L_reference_calibration_20070630
QA1 date:                     20100101
QA1 outcome:                  pass
Originator:                   "McClure-Begley, Audra, Audra.mcclure@noaa.gov, National Oceanic and Atmospheric Administration/Earth System Research Laboratory/Global Monitoring Division, NOAA/ESRL/GMD, , 325 Broadway, , 80305, ""Boulder, CO"", USA"
Originator:                   "Petropavlovskikh, Irina, Irina.petro@noaa.gov, National Oceanic and Atmospheric Administration/Earth System Research Laboratory/Global Monitoring Division, NOAA/ESRL/GMD, , 325 Broadway, , 80305, ""Boulder, CO"", USA"
Submitter:                    "McClure-Begley, Audra, Audra.mcclure@noaa.gov, National Oceanic and Atmospheric Administration/Earth System Research Laboratory/Global Monitoring Division, NOAA/ESRL/GMD, , 325 Broadway, , 80305, ""Boulder, CO"", USA"
Acknowledgement:              "Request Acknowledgement details from data originator. http://dx.doi.org/10.7289/V57P8WBF"
starttime endtime O3 O3 O3 O3 O3 O3 O3 O3 flag
[from data line 8229]
342.875000 342.916667   83.226   41.71   86.678   43.44   80.392  40.29   1.816   0.91 0.000000000000000
342.916667 342.958333   79.415   39.80   80.532   40.36   77.459  38.82   0.898   0.45 0.189000000000000
342.958333 343.000000   75.384   37.78   76.881   38.53   73.648  36.91   1.097   0.55 0.189000000000000
343.000000 343.041667   72.910   36.54   73.608   36.89   71.214  35.69   0.658   0.33 0.189000000000000
343.041667 343.083333   70.974   35.57   72.052   36.11   70.096  35.13   0.658   0.33 0.189000000000000
343.083333 343.125000   76.781   38.48   79.235   39.71   73.249  36.71   2.155   1.08 0.189000000000000
343.125000 343.166667   84.263   42.23   97.453   48.84   76.801  38.49   7.722   3.87 0.000000000000000
343.166667 343.208333   98.949   49.59  101.164   50.70   92.883  46.55   2.674   1.34 0.000000000000000
343.208333 343.250000   90.449   45.33   95.916   48.07   80.811  40.50   4.889   2.45 0.000000000000000
343.250000 343.291667   78.437   39.31   80.452   40.32   76.122  38.15   1.477   0.74 0.000000000000000
343.291667 343.333333   82.208   41.20   84.283   42.24   80.692  40.44   0.938   0.47 0.000000000000000
343.333333 343.375000   84.164   42.18   86.478   43.34   81.430  40.81   1.477   0.74 0.000000000000000
343.375000 343.416667 9999.999 9999.99 9999.999 9999.99 9999.999 999.99 999.999 999.99 0.456000000000000
343.416667 343.458333 9999.999 9999.99 9999.999 9999.99 9999.999 999.99 999.999 999.99 0.456000000000000
343.458333 343.500000   75.444   37.81   75.963   38.07   74.905  37.54   0.379   0.19 0.000000000000000
343.500000 343.541667   75.444   37.81   76.162   38.17   75.125  37.65   0.259   0.13 0.000000000000000
343.541667 343.583333   76.701   38.44   79.295   39.74   75.125  37.65   1.337   0.67 0.000000000000000
343.583333 343.625000   76.901   38.54   79.016   39.60   74.825  37.50   1.297   0.65 0.000000000000000
343.625000 343.666667   73.129   36.65   75.244   37.71   71.733  35.95   1.237   0.62 0.000000000000000
343.666667 343.708333   74.027   37.10   75.604   37.89   72.870  36.52   0.878   0.44 0.000000000000000
343.708333 343.750000   73.628   36.90   74.327   37.25   73.010  36.59   0.359   0.18 0.000000000000000
343.750000 343.791667   77.399   38.79   82.448   41.32   74.486  37.33   2.474   1.24 0.000000000000000
343.791667 343.833333   83.904   42.05   89.072   44.64   81.769  40.98   2.055   1.03 0.000000000000000
343.833333 343.875000   88.254   44.23   91.447   45.83   81.709  40.95   3.851   1.93 0.189000000000000
343.875000 343.916667 9999.999 9999.99 9999.999 9999.99 9999.999 999.99 999.999 999.99 0.456189000000000
343.916667 343.958333 9999.999 9999.99 9999.999 9999.99 9999.999 999.99 999.999 999.99 0.189456000000000
343.958333 344.000000 9999.999 9999.99 9999.999 9999.99 9999.999 999.99 999.999 999.99 0.456189000000000
344.000000 344.041667 9999.999 9999.99 9999.999 9999.99 9999.999 999.99 999.999 999.99 0.456189000000000
344.041667 344.083333 9999.999 9999.99 9999.999 9999.99 9999.999 999.99 999.999 999.99 0.456189000000000
344.083333 344.125000 9999.999 9999.99 9999.999 9999.99 9999.999 999.99 999.999 999.99 0.456189188000000
344.125000 344.166667 9999.999 9999.99 9999.999 9999.99 9999.999 999.99 999.999 999.99 0.456188189000000
344.166667 344.208333 9999.999 9999.99 9999.999 9999.99 9999.999 999.99 999.999 999.99 0.456188189000000
344.208333 344.250000   73.848   37.01   74.905   37.54   72.790  36.48   0.718   0.36 0.189188000000000
344.250000 344.291667   76.940   38.56   80.991   40.59   71.972  36.07   3.592   1.80 0.188189000000000
344.291667 344.333333   84.303   42.25   88.314   44.26   81.929  41.06   1.896   0.95 0.000000000000000
344.333333 344.375000   91.806   46.01   94.579   47.40   87.715  43.96   2.434   1.22 0.000000000000000
344.375000 344.416667   88.873   44.54   89.930   45.07   87.715  43.96   0.639   0.32 0.000000000000000
344.416667 344.458333   89.232   44.72   89.850   45.03   88.853  44.53   0.299   0.15 0.000000000000000
344.458333 344.500000   94.240   47.23  103.079   51.66   88.553  44.38   5.068   2.54 0.000000000000000
344.500000 344.541667  100.545   50.39  102.960   51.60   98.171  49.20   1.916   0.96 0.000000000000000
344.541667 344.583333   99.089   49.66  100.166   50.20   97.532  48.88   0.858   0.43 0.000000000000000
344.583333 344.625000   98.111   49.17  100.306   50.27   96.774  48.50   1.257   0.63 0.000000000000000
344.625000 344.666667  104.875   52.56  108.108   54.18  101.922  51.08   1.975   0.99 0.000000000000000
344.666667 344.708333  108.547   54.40  108.866   54.56  107.828  54.04   0.299   0.15 0.000000000000000
344.708333 344.750000  105.534   52.89  107.848   54.05  101.663  50.95   2.175   1.09 0.000000000000000
344.750000 344.791667   99.548   49.89  101.184   50.71   97.672  48.95   1.157   0.58 0.000000000000000
344.791667 344.833333   97.652   48.94   99.049   49.64   95.996  48.11   0.998   0.50 0.189000000000000
344.833333 344.875000 9999.999 9999.99 9999.999 9999.99 9999.999 999.99 999.999 999.99 0.999000000000000
344.875000 344.916667 9999.999 9999.99 9999.999 9999.99 9999.999 999.99 999.999 999.99 0.999000000000000
344.916667 344.958333 9999.999 9999.99 9999.999 9999.99 9999.999 999.99 999.999 999.99 0.999000000000000
344.958333 345.000000 9999.999 9999.99 9999.999 9999.99 9999.999 999.99 999.999 999.99 0.999999999999999
345.000000 345.041667 9999.999 9999.99 9999.999 9999.99 9999.999 999.99 999.999 999.99 0.999999999999999
345.041667 345.083333 9999.999 9999.99 9999.999 9999.99 9999.999 999.99 999.999 999.99 0.999999999999999
345.083333 345.125000 9999.999 9999.99 9999.999 9999.99 9999.999 999.99 999.999 999.99 0.999999999999999
345.125000 345.166667 9999.999 9999.99 9999.999 9999.99 9999.999 999.99 999.999 999.99 0.999999999999999
345.166667 345.208333 9999.999 9999.99 9999.999 9999.99 9999.999 999.99 999.999 999.99 0.999999999999999
345.208333 345.250000 9999.999 9999.99 9999.999 9999.99 9999.999 999.99 999.999 999.99 0.999999999999999
345.250000 345.291667 9999.999 9999.99 9999.999 9999.99 9999.999 999.99 999.999 999.99 0.999999999999999
345.291667 345.333333 9999.999 9999.99 9999.999 9999.99 9999.999 999.99 999.999 999.99 0.999999999999999
345.333333 345.375000 9999.999 9999.99 9999.999 9999.99 9999.999 999.99 999.999 999.99 0.999999999999999
345.375000 345.416667 9999.999 9999.99 9999.999 9999.99 9999.999 999.99 999.999 999.99 0.999999999999999
345.416667 345.458333 9999.999 9999.99 9999.999 9999.99 9999.999 999.99 999.999 999.99 0.999999999999999
345.458333 345.500000 9999.999 9999.99 9999.999 9999.99 9999.999 999.99 999.999 999.99 0.999999999999999
345.500000 345.541667 9999.999 9999.99 9999.999 9999.99 9999.999 999.99 999.999 999.99 0.999999999999999
345.541667 345.583333 9999.999 9999.99 9999.999 9999.99 9999.999 999.99 999.999 999.99 0.999999999999999
345.583333 345.625000 9999.999 9999.99 9999.999 9999.99 9999.999 999.99 999.999 999.99 0.999999999999999
345.625000 345.666667 9999.999 9999.99 9999.999 9999.99 9999.999 999.99 999.999 999.99 0.999999999999999
345.666667 345.708333 9999.999 9999.99 9999.999 9999.99 9999.999 999.99 999.999 999.99 0.999999999999999
345.708333 345.750000 9999.999 9999.99 9999.999 9999.99 9999.999 999.99 999.999 999.99 0.999999999999999
345.750000 345.791667 9999.999 9999.99 9999.999 9999.99 9999.999 999.99 999.999 999.99 0.999999999999999
345.791667 345.833333 9999.999 9999.99 9999.999 9999.99 9999.999 999.99 999.999 999.99 0.999999999999999
345.833333 345.875000 9999.999 9999.99 9999.999 9999.99 9999.999 999.99 999.999 999.99 0.999999999999999
345.875000 345.916667 9999.999 9999.99 9999.999 9999.99 9999.999 999.99 999.999 999.99 0.999999999999999
345.916667 345.958333 9999.999 9999.99 9999.999 9999.99 9999.999 999.99 999.999 999.99 0.999999999999999
345.958333 346.000000 9999.999 9999.99 9999.999 9999.99 9999.999 999.99 999.999 999.99 0.999999999999999
346.000000 346.041667 9999.999 9999.99 9999.999 9999.99 9999.999 999.99 999.999 999.99 0.999999999999999
346.041667 346.083333 9999.999 9999.99 9999.999 9999.99 9999.999 999.99 999.999 999.99 0.999999999999999
346.083333 346.125000 9999.999 9999.99 9999.999 9999.99 9999.999 999.99 999.999 999.99 0.999999999999999
346.125000 346.166667 9999.999 9999.99 9999.999 9999.99 9999.999 999.99 999.999 999.99 0.999999999999999
346.166667 346.208333 9999.999 9999.99 9999.999 9999.99 9999.999 999.99 999.999 999.99 0.999999999999999
346.208333 346.250000 9999.999 9999.99 9999.999 9999.99 9999.999 999.99 999.999 999.99 0.999999999999999
346.250000 346.291667 9999.999 9999.99 9999.999 9999.99 9999.999 999.99 999.999 999.99 0.999999999999999
346.291667 346.333333 9999.999 9999.99 9999.999 9999.99 9999.999 999.99 999.999 999.99 0.999999999999999
346.333333 346.375000 9999.999 9999.99 9999.999 9999.99 9999.999 999.99 999.999 999.99 0.999999999999999
346.375000 346.416667 9999.999 9999.99 9999.999 9999.99 9999.999 999.99 999.999 999.99 0.999999999999999
346.416667 346.458333 9999.999 9999.99 9999.999 9999.99 9999.999 999.99 999.999 999.99 0.999999999999999
346.458333 346.500000 9999.999 9999.99 9999.999 9999.99 9999.999 999.99 999.999 999.99 0.999999999999999
346.500000 346.541667 9999.999 9999.99   84.044   42.12   84.044  42.12 999.999 999.99 0.000000000000000
346.541667 346.583333   82.308   41.25   82.827   41.51   81.210  40.70   0.499   0.25 0.000000000000000
346.583333 346.625000   82.408   41.30   83.365   41.78   81.250  40.72   0.619   0.31 0.000000000000000
346.625000 346.666667   83.086   41.64   84.124   42.16   82.308  41.25   0.499   0.25 0.000000000000000
346.666667 346.708333   83.046   41.62   84.044   42.12   81.789  40.99   0.678   0.34 0.000000000000000
346.708333 346.750000   83.266   41.73   84.084   42.14   82.428  41.31   0.599   0.30 0.000000000000000
346.750000 346.791667   84.164   42.18   85.680   42.94   83.046  41.62   0.878   0.44 0.188189000000000
346.791667 346.833333   85.141   42.67   85.939   43.07   84.303  42.25   0.519   0.26 0.189188000000000
346.833333 346.875000   85.979   43.09   86.518   43.36   85.341  42.77   0.379   0.19 0.189188000000000
346.875000 346.916667   84.962   42.58   86.239   43.22   82.248  41.22   1.197   0.60 0.189188000000000
346.916667 346.958333   77.998   39.09   81.689   40.94   75.703  37.94   1.856   0.93 0.189000000000000
346.958333 347.000000   76.382   38.28   78.916   39.55   74.566  37.37   1.217   0.61 0.189000000000000
347.000000 347.041667   76.082   38.13   77.000   38.59   74.546  37.36   0.738   0.37 0.189000000000000
347.041667 347.083333   78.277   39.23   82.527   41.36   75.803  37.99   2.095   1.05 0.189000000000000
347.083333 347.125000   81.669   40.93   82.827   41.51   72.291  36.23   2.973   1.49 0.188189000000000
347.125000 347.166667   77.519   38.85   86.957   43.58   71.593  35.88   4.210   2.11 0.189188000000000
347.166667 347.208333   85.341   42.77   85.840   43.02   84.483  42.34   0.419   0.21 0.188189000000000
347.208333 347.250000   84.523   42.36   87.995   44.10   79.375  39.78   2.414   1.21 0.188189000000000
347.250000 347.291667   87.735   43.97   88.493   44.35   86.119  43.16   0.619   0.31 0.000000000000000
347.291667 347.333333   85.860   43.03   88.733   44.47   83.665  41.93   1.935   0.97 0.189188000000000
347.333333 347.375000   90.549   45.38   94.579   47.40   86.418  43.31   2.953   1.48 0.188189000000000
347.375000 347.416667   93.342   46.78   94.839   47.53   91.047  45.63   1.357   0.68 0.000000000000000
347.416667 347.458333 9999.999 9999.99 9999.999 9999.99 9999.999 999.99 999.999 999.99 0.188189456000000
347.458333 347.500000   93.522   46.87   96.315   48.27   90.828  45.52   1.656   0.83 0.188000000000000
347.500000 347.541667   89.651   44.93   90.948   45.58   88.553  44.38   0.878   0.44 0.188189000000000
347.541667 347.583333   86.518   43.36   87.635   43.92   85.421  42.81   0.658   0.33 0.188189000000000
347.583333 347.625000   86.019   43.11   86.997   43.60   84.722  42.46   0.619   0.31 0.189188000000000
347.625000 347.666667   85.022   42.61   85.900   43.05   83.824  42.01   0.599   0.30 0.188189000000000
347.666667 347.708333   85.421   42.81   86.299   43.25   84.144  42.17   0.599   0.30 0.189188394000000
347.708333 347.750000   85.939   43.07   87.935   44.07   83.685  41.94   1.516   0.76 0.189188000000000
347.750000 347.791667   88.174   44.19   90.848   45.53   86.119  43.16   1.756   0.88 0.188189000000000
347.791667 347.833333   87.875   44.04   89.950   45.08   85.600  42.90   1.157   0.58 0.189188000000000
347.833333 347.875000   87.336   43.77   88.873   44.54   83.445  41.82   1.457   0.73 0.189188000000000
347.875000 347.916667   84.603   42.40   89.371   44.79   74.925  37.55   4.190   2.10 0.189000000000000
347.916667 347.958333   84.742   42.47   87.895   44.05   77.858  39.02   3.412   1.71 0.188189000000000
347.958333 348.000000   77.479   38.83   80.332   40.26   72.152  36.16   2.315   1.16 0.189188000000000
348.000000 348.041667   78.617   39.40   83.006   41.60   75.384  37.78   2.355   1.18 0.188189000000000
348.041667 348.083333   85.321   42.76   86.937   43.57   84.682  42.44   0.658   0.33 0.189000000000000
348.083333 348.125000   86.578   43.39   90.908   45.56   82.487  41.34   2.355   1.18 0.188189000000000
348.125000 348.166667   84.283   42.24   89.531   44.87   69.578  34.87   7.742   3.88 0.188189000000000
348.166667 348.208333   82.487   41.34   86.578   43.39   81.111  40.65   1.816   0.91 0.189188000000000
348.208333 348.250000   85.042   42.62   86.877   43.54   83.445  41.82   0.938   0.47 0.000000000000000
348.250000 348.291667   93.621   46.92   95.377   47.80   90.609  45.41   1.377   0.69 0.000000000000000
348.291667 348.333333   95.098   47.66   96.116   48.17   94.001  47.11   0.579   0.29 0.000000000000000
348.333333 348.375000   95.497   47.86   96.634   48.43   94.759  47.49   0.539   0.27 0.000000000000000
348.375000 348.416667   96.814   48.52   97.572   48.90   96.255  48.24   0.419   0.21 0.000000000000000
348.416667 348.458333   97.133   48.68   97.752   48.99   96.016  48.12   0.539   0.27 0.000000000000000
348.458333 348.500000   98.071   49.15   98.809   49.52   97.353  48.79   0.439   0.22 0.000000000000000
348.500000 348.541667   98.889   49.56   99.528   49.88   98.031  49.13   0.459   0.23 0.000000000000000
348.541667 348.583333   97.293   48.76   97.852   49.04   96.375  48.30   0.459   0.23 0.000000000000000
348.583333 348.625000   97.532   48.88   99.348   49.79   95.796  48.01   1.177   0.59 0.000000000000000
348.625000 348.666667   91.546   45.88   97.672   48.95   86.718  43.46   4.569   2.29 0.000000000000000
348.666667 348.708333   88.354   44.28   89.371   44.79   87.596  43.90   0.499   0.25 0.000000000000000
348.708333 348.750000   88.912   44.56   89.391   44.80   88.394  44.30   0.359   0.18 0.000000000000000
348.750000 348.791667   91.327   45.77   93.482   46.85   90.030  45.12   0.858   0.43 0.000000000000000
348.791667 348.833333 9999.999 9999.99 9999.999 9999.99 9999.999 999.99 999.999 999.99 0.456000000000000
348.833333 348.875000 9999.999 9999.99 9999.999 9999.99 9999.999 999.99 999.999 999.99 0.456000000000000
348.875000 348.916667   84.782   42.49   87.815   44.01   82.168  41.18   1.896   0.95 0.000000000000000
348.916667 348.958333   82.068   41.13   84.483   42.34   78.477  39.33   1.756   0.88 0.000000000000000
348.958333 349.000000   85.540   42.87   90.768   45.49   80.732  40.46   3.412   1.71 0.000000000000000
349.000000 349.041667   93.981   47.10   96.116   48.17   90.728  45.47   1.656   0.83 0.000000000000000
349.041667 349.083333 9999.999 9999.99 9999.999 9999.99 9999.999 999.99 999.999 999.99 0.456000000000000
349.083333 349.125000 9999.999 9999.99 9999.999 9999.99 9999.999 999.99 999.999 999.99 0.456000000000000
349.125000 349.166667 9999.999 9999.99 9999.999 9999.99 9999.999 999.99 999.999 999.99 0.456000000000000
