ozone_datasets/Ebas_221019_1549/US1200R.20100526050000.20181119131153.uv_abs.ozone.air.7mo.1h.US06L_Thermo_49C_MLO.US06L_AM.lev2.nas
86 1001
McClure-Begley, Audra; Petropavlovskikh, Irina
US06L, National Oceanic and Atmospheric Administration, NOAA/ESRL/GMD, "Earth System Research Laboratory, Global Monitoring Division", 325 Broadway, , CO 80305-3, Boulder, U.S.A.
McClure-Begley, Audra
GAW-WDCRG NOAA-ESRL
1 1
2010 01 01 2018 11 19
0.041667
days from file reference point
10
1 1 1 1 1 1 1 1 1 1
999.999999 9999.999 999.99 9999.999 999.99 9999.999 999.99 999.999 999.99 9.999999999999999
end_time of measurement, days from the file reference point
ozone, ug/m3, Statistics=arithmetic mean, Volume std. temperature=293.15 K, Volume std. pressure=1013.25 hPa, Detection limit=1.995 ug/m3, Measurement uncertainty=1.995 ug/m3, Measurement uncertainty expl.=includes statistical uncertainty of individual sample and calibration uncertainty, "Comment=Data converted on import into EBAS from 'nmol/mol' to 'ug/m3' at 293.15 K, 1013.25 hPa, conversion factor 1.99534."
ozone, nmol/mol, Statistics=arithmetic mean, Detection limit=1.0 nmol/mol, Measurement uncertainty=1.0 nmol/mol, Measurement uncertainty expl.=includes statistical uncertainty of individual sample and calibration uncertainty, "Comment=Data converted on import into EBAS from 'nmol/mol' to 'ug/m3' at 293.15 K, 1013.25 hPa, conversion factor 1.99534. -- Data converted on export from EBAS from 'ug/m3' at 293.15 K, 1013.25 hPa to 'nmol/mol', conversion factor 0.5012. Measurement uncertainty converted from '1.995 ug/m3' at 293.15 K, 1013.25 hPa to '1.0 nmol/mol', conversion factor 0.5012. Detection limit converted from '1.995 ug/m3' at 293.15 K, 1013.25 hPa to '1.0 nmol/mol', conversion factor 0.5012."
ozone, ug/m3, Statistics=maximum, Volume std. temperature=293.15 K, Volume std. pressure=1013.25 hPa, Detection limit=1.995 ug/m3, "Comment=Data converted on import into EBAS from 'nmol/mol' to 'ug/m3' at 293.15 K, 1013.25 hPa, conversion factor 1.99534. Detection limit converted from '1.0 nmol/mol' to '1.995 ug/m3' at 293.15 K, 1013.25 hPa, conversion factor 1.99534."
ozone, nmol/mol, Statistics=maximum, Detection limit=1.0 nmol/mol, "Comment=Data converted on import into EBAS from 'nmol/mol' to 'ug/m3' at 293.15 K, 1013.25 hPa, conversion factor 1.99534. Detection limit converted from '1.0 nmol/mol' to '1.995 ug/m3' at 293.15 K, 1013.25 hPa, conversion factor 1.99534. -- Data converted on export from EBAS from 'ug/m3' at 293.15 K, 1013.25 hPa to 'nmol/mol', conversion factor 0.5012. Detection limit converted from '1.995 ug/m3' at 293.15 K, 1013.25 hPa to '1.0 nmol/mol', conversion factor 0.5012."
ozone, ug/m3, Statistics=minimum, Volume std. temperature=293.15 K, Volume std. pressure=1013.25 hPa, Detection limit=1.995 ug/m3, "Comment=Data converted on import into EBAS from 'nmol/mol' to 'ug/m3' at 293.15 K, 1013.25 hPa, conversion factor 1.99534. Detection limit converted from '1.0 nmol/mol' to '1.995 ug/m3' at 293.15 K, 1013.25 hPa, conversion factor 1.99534."
[...]
Inlet type:                   Hat or hood
Inlet description:            Downward Facing, teflon inlet bell
Inlet tube material:          Teflon
Inlet tube outer diameter:    6.35 mm
Inlet tube inner diameter:    4.76 mm
Inlet tube length:            7.0 m
Flow rate:                    0.9 l/min
Humidity/temperature control description: Automatic
Zero/negative values code:    Zero/negative possible
Zero/negative values:         Zero and neg. values may appear due to statistical variations at very low concentrations
Absorption cross section:     Hearn, 1961 cm2
QA1 measure ID:               US06L_reference_calibration_20070630
QA1 date:                     20100101
QA1 outcome:                  pass
Originator:                   "McClure-Begley, Audra, Audra.mcclure@noaa.gov, National Oceanic and Atmospheric Administration/Earth System Research Laboratory/Global Monitoring Division, NOAA/ESRL/GMD, , 325 Broadway, , 80305, ""Boulder, CO"", USA"
Originator:                   "Petropavlovskikh, Irina, Irina.petro@noaa.gov, National Oceanic and Atmospheric Administration/Earth System Research Laboratory/Global Monitoring Division, NOAA/ESRL/GMD, , 325 Broadway, , 80305, ""Boulder, CO"", USA"
Submitter:                    "McClure-Begley, Audra, Audra.mcclure@noaa.gov, National Oceanic and Atmospheric Administration/Earth System Research Laboratory/Global Monitoring Division, NOAA/ESRL/GMD, , 325 Broadway, , 80305, ""Boulder, CO"", USA"
Acknowledgement:              "Request Acknowledgement details from data originator. http://dx.doi.org/10.7289/V57P8WBF"
starttime endtime O3 O3 O3 O3 O3 O3 O3 O3 flag
[from data line 1243]
197.000000 197.041667  140.093  70.21  142.787  71.56  137.419  68.87   1.896   0.95 0.189000000000000
197.041667 197.083333  134.865  67.59  137.040  68.68  131.034  65.67   1.796   0.90 0.189000000000000
197.083333 197.125000  133.568  66.94  134.965  67.64  132.092  66.20   0.978   0.49 0.189000000000000
197.125000 197.166667  131.772  66.04  132.970  66.64  130.575  65.44   0.718   0.36 0.189000000000000
197.166667 197.208333  130.316  65.31  131.872  66.09  128.221  64.26   1.117   0.56 0.189000000000000
197.208333 197.250000  127.303  63.80  129.797  65.05  126.106  63.20   1.038   0.52 0.000000000000000
197.250000 197.291667  125.567  62.93  127.243  63.77  122.913  61.60   1.656   0.83 0.000000000000000
197.291667 197.333333  120.798  60.54  125.647  62.97  113.415  56.84   3.751   1.88 0.000000000000000
197.333333 197.375000  122.255  61.27  126.804  63.55  115.371  57.82   2.953   1.48 0.000000000000000
197.375000 197.416667  121.217  60.75  123.552  61.92  117.905  59.09   2.015   1.01 0.394000000000000
197.416667 197.458333  111.101  55.68  117.945  59.11  100.944  50.59   4.809   2.41 0.000000000000000
197.458333 197.500000   99.667  49.95  105.733  52.99   85.441  42.82   6.585   3.30 0.000000000000000
197.500000 197.541667   83.485  41.84   89.331  44.77   78.577  39.38   2.953   1.48 0.000000000000000
197.541667 197.583333   76.781  38.48   83.146  41.67   69.198  34.68   4.490   2.25 0.000000000000000
197.583333 197.625000   73.329  36.75   84.124  42.16   65.826  32.99   5.427   2.72 0.000000000000000
197.625000 197.666667   77.100  38.64   87.396  43.80   73.389  36.78   4.051   2.03 0.000000000000000
197.666667 197.708333   91.267  45.74   99.727  49.98   84.243  42.22   6.006   3.01 0.000000000000000
197.708333 197.750000  109.884  55.07  115.171  57.72  104.317  52.28   2.953   1.48 0.000000000000000
197.750000 197.791667  117.546  58.91  122.215  61.25  114.453  57.36   2.095   1.05 0.189000000000000
197.791667 197.833333 9999.999 999.99 9999.999 999.99 9999.999 999.99 999.999 999.99 0.189456000000000
197.833333 197.875000 9999.999 999.99 9999.999 999.99 9999.999 999.99 999.999 999.99 0.189456000000000
197.875000 197.916667  116.548  58.41  127.921  64.11  102.022  51.13   9.558   4.79 0.189000000000000
197.916667 197.958333  112.058  56.16  119.002  59.64  102.581  51.41   6.046   3.03 0.189000000000000
197.958333 198.000000  113.595  56.93  114.692  57.48  111.839  56.05   1.077   0.54 0.189000000000000
198.000000 198.041667  110.881  55.57  113.196  56.73  106.272  53.26   2.275   1.14 0.189000000000000
198.041667 198.083333  104.416  52.33  105.853  53.05  103.319  51.78   0.678   0.34 0.189000000000000
198.083333 198.125000  108.407  54.33  111.021  55.64  104.955  52.60   2.095   1.05 0.189000000000000
198.125000 198.166667  105.913  53.08  109.385  54.82  101.104  50.67   2.953   1.48 0.189000000000000
198.166667 198.208333  103.997  52.12  106.132  53.19  101.064  50.65   1.816   0.91 0.189000000000000
198.208333 198.250000  103.897  52.07  105.594  52.92  101.743  50.99   1.197   0.60 0.000000000000000
198.250000 198.291667  102.321  51.28  108.986  54.62   99.109  49.67   3.312   1.66 0.000000000000000
198.291667 198.333333  105.354  52.80  108.487  54.37  101.982  51.11   2.075   1.04 0.000000000000000
198.333333 198.375000  101.204  50.72  103.359  51.80   99.388  49.81   1.277   0.64 0.000000000000000
198.375000 198.416667   96.295  48.26  100.306  50.27   90.289  45.25   3.113   1.56 0.000000000000000
198.416667 198.458333   91.586  45.90   94.240  47.23   88.414  44.31   1.596   0.80 0.000000000000000
198.458333 198.500000   92.145  46.18   94.859  47.54   88.972  44.59   1.616   0.81 0.000000000000000
198.500000 198.541667   80.592  40.39   88.493  44.35   71.353  35.76   5.447   2.73 0.000000000000000
198.541667 198.583333   68.799  34.48   71.733  35.95   65.667  32.91   1.796   0.90 0.000000000000000
198.583333 198.625000   63.312  31.73   65.926  33.04   60.319  30.23   1.656   0.83 0.000000000000000
198.625000 198.666667   65.667  32.91   68.221  34.19   64.210  32.18   1.417   0.71 0.000000000000000
198.666667 198.708333   65.328  32.74   68.560  34.36   61.896  31.02   1.856   0.93 0.188189000000000
198.708333 198.750000   62.335  31.24   65.248  32.70   56.229  28.18   2.674   1.34 0.189188000000000
198.750000 198.791667   57.226  28.68   60.678  30.41   53.176  26.65   2.095   1.05 0.189188000000000
198.791667 198.833333   57.705  28.92   74.985  37.58   50.023  25.07   6.904   3.46 0.189000000000000
198.833333 198.875000   63.332  31.74   73.269  36.72   55.630  27.88   5.707   2.86 0.189000000000000
198.875000 198.916667   96.215  48.22  107.808  54.03   74.785  37.48  10.316   5.17 0.189000000000000
198.916667 198.958333   99.867  50.05  103.818  52.03   95.357  47.79   2.694   1.35 0.189000000000000
198.958333 199.000000   88.613  44.41  104.516  52.38   79.335  39.76   9.079   4.55 0.189000000000000
199.000000 199.041667   99.947  50.09  107.290  53.77   91.526  45.87   5.846   2.93 0.189000000000000
199.041667 199.083333  106.891  53.57  109.085  54.67  103.578  51.91   1.716   0.86 0.189000000000000
199.083333 199.125000  105.534  52.89  107.649  53.95  101.743  50.99   1.536   0.77 0.189000000000000
199.125000 199.166667  105.155  52.70  106.412  53.33  104.356  52.30   0.539   0.27 0.188189000000000
199.166667 199.208333  107.210  53.73  109.185  54.72  105.155  52.70   1.437   0.72 0.189188000000000
199.208333 199.250000  107.729  53.99  110.303  55.28  106.711  53.48   1.197   0.60 0.189188000000000
199.250000 199.291667  108.028  54.14  110.642  55.45  105.713  52.98   1.477   0.74 0.189188000000000
199.291667 199.333333  105.693  52.97  107.788  54.02  101.403  50.82   1.616   0.81 0.189188000000000
199.333333 199.375000   98.849  49.54  103.498  51.87   91.327  45.77   4.869   2.44 0.189188000000000
199.375000 199.416667   84.802  42.50   90.708  45.46   74.885  37.53   6.405   3.21 0.188000000000000
199.416667 199.458333   73.069  36.62   74.366  37.27   71.753  35.96   1.137   0.57 0.390000000000000
199.458333 199.500000   65.387  32.77   66.864  33.51   63.432  31.79   1.018   0.51 0.394188000000000
199.500000 199.541667   65.188  32.67   67.842  34.00   63.372  31.76   1.317   0.66 0.188000000000000
199.541667 199.583333   61.516  30.83   63.751  31.95   58.783  29.46   1.636   0.82 0.188000000000000
199.583333 199.625000   57.306  28.72   57.805  28.97   56.768  28.45   0.299   0.15 0.000000000000000
199.625000 199.666667   56.588  28.36   57.027  28.58   55.510  27.82   0.419   0.21 0.000000000000000
199.666667 199.708333   57.067  28.60   60.718  30.43   55.151  27.64   1.916   0.96 0.189188000000000
199.708333 199.750000   60.239  30.19   62.714  31.43   58.464  29.30   1.536   0.77 0.188189000000000
199.750000 199.791667   59.322  29.73   60.000  30.07   58.124  29.13   0.519   0.26 0.188189000000000
199.791667 199.833333   65.946  33.05   77.998  39.09   60.180  30.16   7.443   3.73 0.189000000000000
199.833333 199.875000   83.904  42.05   88.553  44.38   76.521  38.35   3.971   1.99 0.189000000000000
199.875000 199.916667   97.752  48.99  105.953  53.10   88.214  44.21   5.288   2.65 0.189000000000000
199.916667 199.958333  101.942  51.09  111.679  55.97   91.447  45.83   7.004   3.51 0.189000000000000
199.958333 200.000000  110.143  55.20  118.663  59.47   93.163  46.69   8.480   4.25 0.189000000000000
200.000000 200.041667  120.838  60.56  123.252  61.77  117.725  59.00   1.516   0.76 0.188189000000000
200.041667 200.083333  117.346  58.81  119.102  59.69  114.313  57.29   1.457   0.73 0.188189000000000
200.083333 200.125000  116.169  58.22  118.324  59.30  114.433  57.35   1.197   0.60 0.189188000000000
200.125000 200.166667  114.154  57.21  115.490  57.88  112.996  56.63   0.758   0.38 0.189188000000000
200.166667 200.208333  113.216  56.74  114.612  57.44  111.580  55.92   0.958   0.48 0.188189000000000
200.208333 200.250000  110.781  55.52  111.679  55.97  109.385  54.82   0.619   0.31 0.188189000000000
200.250000 200.291667  108.207  54.23  112.178  56.22  102.441  51.34   3.492   1.75 0.188189000000000
200.291667 200.333333  109.484  54.87  111.121  55.69  107.948  54.10   1.257   0.63 0.189188000000000
200.333333 200.375000  102.820  51.53  110.981  55.62   92.504  46.36   6.405   3.21 0.188189000000000
200.375000 200.416667   84.243  42.22   88.833  44.52   75.045  37.61   4.090   2.05 0.188189000000000
200.416667 200.458333   73.628  36.90   81.011  40.60   63.212  31.68   6.664   3.34 0.188000000000000
200.458333 200.500000   54.393  27.26   59.282  29.71   52.777  26.45   1.975   0.99 0.188000000000000
200.500000 200.541667   45.933  23.02   52.358  26.24   39.847  19.97   4.370   2.19 0.000000000000000
200.541667 200.583333   37.193  18.64   39.228  19.66   36.275  18.18   0.778   0.39 0.188000000000000
200.583333 200.625000   37.892  18.99   39.228  19.66   36.156  18.12   1.018   0.51 0.188000000000000
200.625000 200.666667   39.089  19.59   40.306  20.20   37.812  18.95   0.858   0.43 0.188000000000000
200.666667 200.708333   37.812  18.95   38.929  19.51   36.774  18.43   0.718   0.36 0.189188000000000
200.708333 200.750000   35.557  17.82   37.492  18.79   34.699  17.39   0.898   0.45 0.189188000000000
200.750000 200.791667   35.876  17.98   37.034  18.56   34.839  17.46   0.738   0.37 0.188189000000000
200.791667 200.833333   35.916  18.00   36.515  18.30   35.318  17.70   0.399   0.20 0.189188000000000
200.833333 200.875000   39.847  19.97   47.290  23.70   37.393  18.74   2.554   1.28 0.189188000000000
200.875000 200.916667   39.528  19.81   40.406  20.25   38.650  19.37   0.698   0.35 0.189000000000000
200.916667 200.958333   42.920  21.51   47.230  23.67   39.388  19.74   2.534   1.27 0.189000000000000
200.958333 201.000000   47.469  23.79   56.748  28.44   42.740  21.42   3.731   1.87 0.189000000000000
201.000000 201.041667   55.710  27.92   73.768  36.97   49.864  24.99   6.126   3.07 0.189000000000000
201.041667 201.083333   71.952  36.06   76.721  38.45   61.955  31.05   5.767   2.89 0.189000000000000
201.083333 201.125000   66.724  33.44   76.142  38.16   63.831  31.99   4.310   2.16 0.189000000000000
201.125000 201.166667   66.285  33.22   68.720  34.44   64.669  32.41   1.377   0.69 0.189000000000000
201.166667 201.208333   63.771  31.96   66.086  33.12   61.516  30.83   1.536   0.77 0.189000000000000
201.208333 201.250000   61.556  30.85   62.255  31.20   60.798  30.47   0.399   0.20 0.189188000000000
201.250000 201.291667   62.534  31.34   74.646  37.41   59.980  30.06   4.031   2.02 0.188189000000000
201.291667 201.333333   71.772  35.97   75.544  37.86   64.031  32.09   4.031   2.02 0.189188000000000
201.333333 201.375000   70.056  35.11   77.479  38.83   62.734  31.44   4.509   2.26 0.189188000000000
201.375000 201.416667   70.715  35.44   79.494  39.84   62.534  31.34   5.447   2.73 0.188189000000000
201.416667 201.458333   67.343  33.75   75.923  38.05   60.319  30.23   4.889   2.45 0.189000000000000
201.458333 201.500000   61.077  30.61   64.051  32.10   57.606  28.87   1.796   0.90 0.189000000000000
201.500000 201.541667   59.222  29.68   65.048  32.60   52.258  26.19   3.891   1.95 0.189000000000000
201.541667 201.583333   53.834  26.98   59.182  29.66   49.485  24.80   2.853   1.43 0.000000000000000
201.583333 201.625000   63.951  32.05   67.323  33.74   60.399  30.27   2.075   1.04 0.000000000000000
201.625000 201.666667   66.684  33.42   70.914  35.54   63.492  31.82   2.494   1.25 0.000000000000000
201.666667 201.708333   75.424  37.80   79.275  39.73   73.129  36.65   1.995   1.00 0.189000000000000
201.708333 201.750000   81.410  40.80   86.777  43.49   78.497  39.34   2.634   1.32 0.189000000000000
201.750000 201.791667   90.628  45.42   93.582  46.90   87.516  43.86   2.095   1.05 0.189000000000000
201.791667 201.833333   95.377  47.80   98.530  49.38   94.220  47.22   1.157   0.58 0.189000000000000
201.833333 201.875000   94.220  47.22  102.660  51.45   85.281  42.74   5.567   2.79 0.189000000000000
201.875000 201.916667   83.066  41.63   89.591  44.90   76.781  38.48   3.911   1.96 0.189000000000000
201.916667 201.958333   78.237  39.21   79.395  39.79   76.501  38.34   0.938   0.47 0.189000000000000
201.958333 202.000000   84.024  42.11   95.377  47.80   77.619  38.90   5.826   2.92 0.189000000000000
202.000000 202.041667  104.676  52.46  111.121  55.69   99.887  50.06   3.592   1.80 0.189000000000000
202.041667 202.083333  114.712  57.49  116.847  58.56  107.988  54.12   2.374   1.19 0.189000000000000
202.083333 202.125000  112.198  56.23  115.131  57.70  109.943  55.10   1.616   0.81 0.189000000000000
202.125000 202.166667  121.057  60.67  122.893  61.59  119.102  59.69   1.257   0.63 0.189000000000000
202.166667 202.208333  124.170  62.23  126.166  63.23  121.796  61.04   1.437   0.72 0.189000000000000
202.208333 202.250000  129.019  64.66  131.154  65.73  125.946  63.12   1.277   0.64 0.189000000000000
202.250000 202.291667  130.695  65.50  131.353  65.83  130.036  65.17   0.419   0.21 0.189188000000000
202.291667 202.333333  129.178  64.74  130.555  65.43  127.901  64.10   0.818   0.41 0.188189000000000
202.333333 202.375000  128.819  64.56  130.196  65.25  127.343  63.82   0.938   0.47 0.000000000000000
202.375000 202.416667  127.462  63.88  129.159  64.73  123.891  62.09   1.516   0.76 0.000000000000000
202.416667 202.458333  128.580  64.44  131.174  65.74  126.365  63.33   1.497   0.75 0.188000000000000
202.458333 202.500000  124.110  62.20  131.872  66.09  109.624  54.94   5.707   2.86 0.000000000000000
202.500000 202.541667  103.558  51.90  117.426  58.85   92.684  46.45   6.285   3.15 0.000000000000000
202.541667 202.583333  118.364  59.32  120.618  60.45  114.134  57.20   2.115   1.06 0.000000000000000
202.583333 202.625000  125.786  63.04  132.670  66.49  113.675  56.97   5.148   2.58 0.000000000000000
202.625000 202.666667   85.800  43.00  100.306  50.27   76.023  38.10   7.403   3.71 0.000000000000000
202.666667 202.708333   72.810  36.49   76.561  38.37   70.276  35.22   1.616   0.81 0.000000000000000
202.708333 202.750000  120.539  60.41  128.580  64.44  106.252  53.25   6.325   3.17 0.000000000000000
202.750000 202.791667  126.126  63.21  127.702  64.00  124.529  62.41   0.938   0.47 0.000000000000000
202.791667 202.833333 9999.999 999.99 9999.999 999.99 9999.999 999.99 999.999 999.99 0.456189000000000
202.833333 202.875000  129.159  64.73  133.688  67.00  124.609  62.45   3.292   1.65 0.189000000000000
202.875000 202.916667  126.285  63.29  131.872  66.09  120.319  60.30   3.971   1.99 0.189000000000000
202.916667 202.958333 9999.999 999.99 9999.999 999.99 9999.999 999.99 999.999 999.99 0.456189000000000
202.958333 203.000000 9999.999 999.99 9999.999 999.99 9999.999 999.99 999.999 999.99 0.456189000000000
203.000000 203.041667  129.817  65.06  134.885  67.60  126.545  63.42   2.494   1.25 0.189000000000000
203.041667 203.083333  128.580  64.44  134.227  67.27  125.607  62.95   2.574   1.29 0.189000000000000
203.083333 203.125000  120.040  60.16  125.068  62.68  107.130  53.69   5.128   2.57 0.189394000000000
203.125000 203.166667   97.073  48.65  103.758  52.00   87.037  43.62   6.904   3.46 0.189000000000000
203.166667 203.208333   82.767  41.48   89.631  44.92   78.537  39.36   3.791   1.90 0.000000000000000
203.208333 203.250000   78.497  39.34   81.789  40.99   75.683  37.93   2.035   1.02 0.000000000000000
203.250000 203.291667   77.539  38.86   82.009  41.10   73.189  36.68   3.193   1.60 0.000000000000000
203.291667 203.333333   78.217  39.20   79.854  40.02   77.200  38.69   0.858   0.43 0.000000000000000
203.333333 203.375000   80.492  40.34   84.323  42.26   78.237  39.21   1.856   0.93 0.000000000000000
203.375000 203.416667   83.505  41.85   84.882  42.54   82.268  41.23   0.878   0.44 0.000000000000000
203.416667 203.458333   80.013  40.10   83.645  41.92   73.868  37.02   2.793   1.40 0.000000000000000
