ozone_datasets/Ebas_221019_1549/US1200R.20120101000000.20180130175227.uv_abs.ozone.air.1y.1h.US06L_Thermo_49C_MLO.US06L_AM.lev2.nas
86 1001
McClure-Begley, Audra; Petropavlovskikh, Irina
US06L, National Oceanic and Atmospheric Administration, NOAA/ESRL/GMD, "Earth System Research Laboratory, Global Monitoring Division", 325 Broadway, , CO 80305-3, Boulder, U.S.A.
McClure-Begley, Audra
GAW-WDCRG NOAA-ESRL
1 1
2012 01 01 2018 01 30
0.041667
days from file reference point
10
1 1 1 1 1 1 1 1 1 1
999.999999 9999.999 9999.99 9999.999 9999.99 9999.999 999.99 999.999 999.99 9.999999999999999
end_time of measurement, days from the file reference point
ozone, ug/m3, Statistics=arithmetic mean, Volume std. temperature=293.15 K, Volume std. pressure=1013.25 hPa, Detection limit=1.995 ug/m3, Measurement uncertainty=1.995 ug/m3, Measurement uncertainty expl.=includes statistical uncertainty of individual sample and calibration uncertainty, "Comment=Data converted on import into EBAS from 'nmol/mol' to 'ug/m3' at 293.15 K, 1013.25 hPa, conversion factor 1.99534."
ozone, nmol/mol, Statistics=arithmetic mean, Detection limit=1.0 nmol/mol, Measurement uncertainty=1.0 nmol/mol, Measurement uncertainty expl.=includes statistical uncertainty of individual sample and calibration uncertainty, "Comment=Data converted on import into EBAS from 'nmol/mol' to 'ug/m3' at 293.15 K, 1013.25 hPa, conversion factor 1.99534. -- Data converted on export from EBAS from 'ug/m3' at 293.15 K, 1013.25 hPa to 'nmol/mol', conversion factor 0.5012. Measurement uncertainty converted from '1.995 ug/m3' at 293.15 K, 1013.25 hPa to '1.0 nmol/mol', conversion factor 0.5012. Detection limit converted from '1.995 ug/m3' at 293.15 K, 1013.25 hPa to '1.0 nmol/mol', conversion factor 0.5012."
ozone, ug/m3, Statistics=maximum, Volume std. temperature=293.15 K, Volume std. pressure=1013.25 hPa, Detection limit=1.995 ug/m3, "Comment=Data converted on import into EBAS from 'nmol/mol' to 'ug/m3' at 293.15 K, 1013.25 hPa, conversion factor 1.99534. Detection limit converted from '1.0 nmol/mol' to '1.995 ug/m3' at 293.15 K, 1013.25 hPa, conversion factor 1.99534."
ozone, nmol/mol, Statistics=maximum, Detection limit=1.0 nmol/mol, "Comment=Data converted on import into EBAS from 'nmol/mol' to 'ug/m3' at 293.15 K, 1013.25 hPa, conversion factor 1.99534. Detection limit converted from '1.0 nmol/mol' to '1.995 ug/m3' at 293.15 K, 1013.25 hPa, conversion factor 1.99534. -- Data converted on export from EBAS from 'ug/m3' at 293.15 K, 1013.25 hPa to 'nmol/mol', conversion factor 0.5012. Detection limit converted from '1.995 ug/m3' at 293.15 K, 1013.25 hPa to '1.0 nmol/mol', conversion factor 0.5012."
ozone, ug/m3, Statistics=minimum, Volume std. temperature=293.15 K, Volume std. pressure=1013.25 hPa, Detection limit=1.995 ug/m3, "Comment=Data converted on import into EBAS from 'nmol/mol' to 'ug/m3' at 293.15 K, 1013.25 hPa, conversion factor 1.99534. Detection limit converted from '1.0 nmol/mol' to '1.995 ug/m3' at 293.15 K, 1013.25 hPa, conversion factor 1.99534."
[...]
Inlet type:                   Hat or hood
Inlet description:            Downward Facing, teflon inlet bell
Inlet tube material:          Teflon
Inlet tube outer diameter:    6.35 mm
Inlet tube inner diameter:    4.76 mm
Inlet tube length:            7.0 m
Flow rate:                    1.1 l/min
Humidity/temperature control description: Automatic
Zero/negative values code:    Zero/negative possible
Zero/negative values:         Zero and neg. values may appear due to statistical variations at very low concentrations
Absorption cross section:     Hearn, 1961 cm2
QA1 measure ID:               US06L_reference_calibration_20070630
QA1 date:                     20100101
QA1 outcome:                  pass
Originator:                   "McClure-Begley, Audra, Audra.mcclure@noaa.gov, National Oceanic and Atmospheric Administration/Earth System Research Laboratory/Global Monitoring Division, NOAA/ESRL/GMD, , 325 Broadway, , 80305, ""Boulder, CO"", USA"
Originator:                   "Petropavlovskikh, Irina, Irina.petro@noaa.gov, National Oceanic and Atmospheric Administration/Earth System Research Laboratory/Global Monitoring Division, NOAA/ESRL/GMD, , 325 Broadway, , 80305, ""Boulder, CO"", USA"
Submitter:                    "McClure-Begley, Audra, Audra.mcclure@noaa.gov, National Oceanic and Atmospheric Administration/Earth System Research Laboratory/Global Monitoring Division, NOAA/ESRL/GMD, , 325 Broadway, , 80305, ""Boulder, CO"", USA"
Acknowledgement:              "Request Acknowledgement details from data originator. http://dx.doi.org/10.7289/V57P8WBF"
starttime endtime O3 O3 O3 O3 O3 O3 O3 O3 flag
[from data line 1981]
 82.541667  82.583333  114.134   57.20  117.326   58.80  112.218  56.24   1.676   0.84 0.000000000000000
 82.583333  82.625000  116.588   58.43  117.446   58.86  115.570  57.92   0.539   0.27 0.000000000000000
 82.625000  82.666667  116.887   58.58  117.945   59.11  115.510  57.89   0.758   0.38 0.188000000000000
 82.666667  82.708333  117.406   58.84  118.623   59.45  115.909  58.09   0.878   0.44 0.000000000000000
 82.708333  82.750000  117.186   58.73  118.204   59.24  113.036  56.65   1.457   0.73 0.189188000000000
 82.750000  82.791667  109.584   54.92  115.750   58.01  103.439  51.84   3.632   1.82 0.188189000000000
 82.791667  82.833333 9999.999 9999.99 9999.999 9999.99 9999.999 999.99 999.999 999.99 0.456189188000000
 82.833333  82.875000 9999.999 9999.99 9999.999 9999.99 9999.999 999.99 999.999 999.99 0.189456000000000
 82.875000  82.916667 9999.999 9999.99 9999.999 9999.99 9999.999 999.99 999.999 999.99 0.456189000000000
 82.916667  82.958333 9999.999 9999.99 9999.999 9999.99 9999.999 999.99 999.999 999.99 0.188189456000000
 82.958333  83.000000 9999.999 9999.99 9999.999 9999.99 9999.999 999.99 999.999 999.99 0.189188456000000
 83.000000  83.041667 9999.999 9999.99 9999.999 9999.99 9999.999 999.99 999.999 999.99 0.189456000000000
 83.041667  83.083333 9999.999 9999.99 9999.999 9999.99 9999.999 999.99 999.999 999.99 0.456189000000000
 83.083333  83.125000 9999.999 9999.99 9999.999 9999.99 9999.999 999.99 999.999 999.99 0.456189000000000
 83.125000  83.166667 9999.999 9999.99 9999.999 9999.99 9999.999 999.99 999.999 999.99 0.189456188000000
 83.166667  83.208333 9999.999 9999.99 9999.999 9999.99 9999.999 999.99 999.999 999.99 0.189188456000000
 83.208333  83.250000 9999.999 9999.99 9999.999 9999.99 9999.999 999.99 999.999 999.99 0.188456189000000
 83.250000  83.291667 9999.999 9999.99 9999.999 9999.99 9999.999 999.99 999.999 999.99 0.456189188000000
 83.291667  83.333333 9999.999 9999.99 9999.999 9999.99 9999.999 999.99 999.999 999.99 0.189188456000000
 83.333333  83.375000 9999.999 9999.99 9999.999 9999.99 9999.999 999.99 999.999 999.99 0.456188189000000
 83.375000  83.416667 9999.999 9999.99 9999.999 9999.99 9999.999 999.99 999.999 999.99 0.456188189000000
 83.416667  83.458333 9999.999 9999.99 9999.999 9999.99 9999.999 999.99 999.999 999.99 0.189456000000000
 83.458333  83.500000 9999.999 9999.99 9999.999 9999.99 9999.999 999.99 999.999 999.99 0.188394456189000
 83.500000  83.541667 9999.999 9999.99 9999.999 9999.99 9999.999 999.99 999.999 999.99 0.189188456000000
 83.541667  83.583333 9999.999 9999.99 9999.999 9999.99 9999.999 999.99 999.999 999.99 0.456189188000000
 83.583333  83.625000 9999.999 9999.99 9999.999 9999.99 9999.999 999.99 999.999 999.99 0.456000000000000
 83.625000  83.666667 9999.999 9999.99 9999.999 9999.99 9999.999 999.99 999.999 999.99 0.456000000000000
 83.666667  83.708333 9999.999 9999.99 9999.999 9999.99 9999.999 999.99 999.999 999.99 0.394456000000000
 83.708333  83.750000 9999.999 9999.99 9999.999 9999.99 9999.999 999.99 999.999 999.99 0.456000000000000
 83.750000  83.791667 9999.999 9999.99 9999.999 9999.99 9999.999 999.99 999.999 999.99 0.456000000000000
 83.791667  83.833333 9999.999 9999.99 9999.999 9999.99 9999.999 999.99 999.999 999.99 0.456000000000000
 83.833333  83.875000 9999.999 9999.99 9999.999 9999.99 9999.999 999.99 999.999 999.99 0.456000000000000
 83.875000  83.916667 9999.999 9999.99 9999.999 9999.99 9999.999 999.99 999.999 999.99 0.188189456000000
 83.916667  83.958333 9999.999 9999.99 9999.999 9999.99 9999.999 999.99 999.999 999.99 0.189188456000000
 83.958333  84.000000 9999.999 9999.99 9999.999 9999.99 9999.999 999.99 999.999 999.99 0.188189456000000
 84.000000  84.041667 9999.999 9999.99 9999.999 9999.99 9999.999 999.99 999.999 999.99 0.456189000000000
 84.041667  84.083333 9999.999 9999.99 9999.999 9999.99 9999.999 999.99 999.999 999.99 0.189456000000000
 84.083333  84.125000 9999.999 9999.99 9999.999 9999.99 9999.999 999.99 999.999 999.99 0.456000000000000
 84.125000  84.166667 9999.999 9999.99 9999.999 9999.99 9999.999 999.99 999.999 999.99 0.456000000000000
 84.166667  84.208333 9999.999 9999.99 9999.999 9999.99 9999.999 999.99 999.999 999.99 0.456000000000000
 84.208333  84.250000 9999.999 9999.99 9999.999 9999.99 9999.999 999.99 999.999 999.99 0.456000000000000
 84.250000  84.291667 9999.999 9999.99 9999.999 9999.99 9999.999 999.99 999.999 999.99 0.456000000000000
 84.291667  84.333333 9999.999 9999.99 9999.999 9999.99 9999.999 999.99 999.999 999.99 0.456000000000000
 84.333333  84.375000 9999.999 9999.99 9999.999 9999.99 9999.999 999.99 999.999 999.99 0.456000000000000
 84.375000  84.416667 9999.999 9999.99 9999.999 9999.99 9999.999 999.99 999.999 999.99 0.456000000000000
 84.416667  84.458333 9999.999 9999.99 9999.999 9999.99 9999.999 999.99 999.999 999.99 0.456000000000000
 84.458333  84.500000 9999.999 9999.99 9999.999 9999.99 9999.999 999.99 999.999 999.99 0.456000000000000
 84.500000  84.541667 9999.999 9999.99 9999.999 9999.99 9999.999 999.99 999.999 999.99 0.456189188000000
 84.541667  84.583333 9999.999 9999.99 9999.999 9999.99 9999.999 999.99 999.999 999.99 0.188456189000000
 84.583333  84.625000 9999.999 9999.99 9999.999 9999.99 9999.999 999.99 999.999 999.99 0.188456189000000
 84.625000  84.666667 9999.999 9999.99 9999.999 9999.99 9999.999 999.99 999.999 999.99 0.189188456000000
 84.666667  84.708333 9999.999 9999.99 9999.999 9999.99 9999.999 999.99 999.999 999.99 0.456189188000000
 84.708333  84.750000 9999.999 9999.99 9999.999 9999.99 9999.999 999.99 999.999 999.99 0.456189188000000
 84.750000  84.791667 9999.999 9999.99 9999.999 9999.99 9999.999 999.99 999.999 999.99 0.456189188000000
 84.791667  84.833333 9999.999 9999.99 9999.999 9999.99 9999.999 999.99 999.999 999.99 0.456188189000000
 84.833333  84.875000 9999.999 9999.99 9999.999 9999.99 9999.999 999.99 999.999 999.99 0.189456188000000
 84.875000  84.916667 9999.999 9999.99 9999.999 9999.99 9999.999 999.99 999.999 999.99 0.189456000000000
 84.916667  84.958333 9999.999 9999.99 9999.999 9999.99 9999.999 999.99 999.999 999.99 0.189456000000000
 84.958333  85.000000 9999.999 9999.99 9999.999 9999.99 9999.999 999.99 999.999 999.99 0.189456000000000
 85.000000  85.041667 9999.999 9999.99 9999.999 9999.99 9999.999 999.99 999.999 999.99 0.189456000000000
 85.041667  85.083333 9999.999 9999.99 9999.999 9999.99 9999.999 999.99 999.999 999.99 0.189456000000000
 85.083333  85.125000 9999.999 9999.99 9999.999 9999.99 9999.999 999.99 999.999 999.99 0.189456000000000
 85.125000  85.166667 9999.999 9999.99 9999.999 9999.99 9999.999 999.99 999.999 999.99 0.456189000000000
 85.166667  85.208333 9999.999 9999.99 9999.999 9999.99 9999.999 999.99 999.999 999.99 0.189456000000000
 85.208333  85.250000 9999.999 9999.99 9999.999 9999.99 9999.999 999.99 999.999 999.99 0.456189000000000
 85.250000  85.291667   81.230   40.71   82.368   41.28   78.796  39.49   1.297   0.65 0.189000000000000
 85.291667  85.333333 9999.999 9999.99 9999.999 9999.99 9999.999 999.99 999.999 999.99 0.189456000000000
 85.333333  85.375000   81.829   41.01   85.081   42.64   79.215  39.70   1.955   0.98 0.189000000000000
 85.375000  85.416667   84.563   42.38   94.819   47.52   79.594  39.89   5.826   2.92 0.189000000000000
 85.416667  85.458333   92.225   46.22  101.004   50.62   81.989  41.09   5.727   2.87 0.189000000000000
 85.458333  85.500000   96.794   48.51  101.443   50.84   93.242  46.73   2.574   1.29 0.189000000000000
 85.500000  85.541667  104.795   52.52  114.952   57.61   98.869  49.55   5.188   2.60 0.189000000000000
 85.541667  85.583333  109.225   54.74  115.790   58.03  104.157  52.20   4.250   2.13 0.189000000000000
 85.583333  85.625000  120.160   60.22  122.614   61.45  118.823  59.55   1.337   0.67 0.189000000000000
 85.625000  85.666667  117.725   59.00  119.601   59.94  115.790  58.03   1.157   0.58 0.189000000000000
 85.666667  85.708333  114.612   57.44  115.929   58.10  112.817  56.54   0.898   0.45 0.189188000000000
 85.708333  85.750000  102.182   51.21  109.165   54.71   97.333  48.78   3.592   1.80 0.189188000000000
 85.750000  85.791667   95.776   48.00   99.169   49.70   92.883  46.55   1.975   0.99 0.188189000000000
 85.791667  85.833333   89.631   44.92   94.539   47.38   86.398  43.30   2.754   1.38 0.188189000000000
 85.833333  85.875000   87.236   43.72   88.035   44.12   86.498  43.35   0.419   0.21 0.188189000000000
 85.875000  85.916667 9999.999 9999.99   90.030   45.12   90.030  45.12 999.999 999.99 0.000000000000000
 85.916667  85.958333 9999.999 9999.99   93.063   46.64   93.063  46.64 999.999 999.99 0.000000000000000
 85.958333  86.000000   94.519   47.37   99.827   50.03   92.145  46.18   2.255   1.13 0.189000000000000
 86.000000  86.041667   97.512   48.87  103.698   51.97   95.397  47.81   2.295   1.15 0.189000000000000
 86.041667  86.083333   99.388   49.81  101.343   50.79   98.031  49.13   1.038   0.52 0.189000000000000
 86.083333  86.125000  102.581   51.41  106.950   53.60  100.326  50.28   1.916   0.96 0.189000000000000
 86.125000  86.166667  102.860   51.55  104.696   52.47  100.685  50.46   1.277   0.64 0.188189000000000
 86.166667  86.208333  116.668   58.47  129.717   65.01  102.720  51.48  10.775   5.40 0.188189000000000
 86.208333  86.250000  110.442   55.35  116.748   58.51   96.335  48.28   6.365   3.19 0.189188000000000
 86.250000  86.291667  102.261   51.25  105.893   53.07   98.690  49.46   1.955   0.98 0.188189000000000
 86.291667  86.333333 9999.999 9999.99 9999.999 9999.99 9999.999 999.99 999.999 999.99 0.456188189000000
 86.333333  86.375000  116.668   58.47  122.694   61.49  107.409  53.83   6.006   3.01 0.188189000000000
 86.375000  86.416667  119.541   59.91  124.849   62.57  111.240  55.75   4.569   2.29 0.000000000000000
 86.416667  86.458333  108.826   54.54  110.203   55.23  107.649  53.95   0.678   0.34 0.000000000000000
 86.458333  86.500000  111.300   55.78  118.404   59.34  107.549  53.90   3.492   1.75 0.000000000000000
 86.500000  86.541667  125.427   62.86  131.094   65.70  121.217  60.75   3.472   1.74 0.000000000000000
 86.541667  86.583333  128.460   64.38  131.932   66.12  125.487  62.89   2.235   1.12 0.000000000000000
 86.583333  86.625000  127.363   63.83  129.159   64.73  123.971  62.13   1.836   0.92 0.000000000000000
 86.625000  86.666667  122.474   61.38  123.552   61.92  120.898  60.59   0.838   0.42 0.000000000000000
 86.666667  86.708333  118.663   59.47  124.330   62.31  108.666  54.46   4.649   2.33 0.000000000000000
 86.708333  86.750000  107.569   53.91  110.642   55.45  104.895  52.57   1.756   0.88 0.000000000000000
 86.750000  86.791667  111.639   55.95  116.468   58.37  107.968  54.11   2.355   1.18 0.000000000000000
 86.791667  86.833333  118.364   59.32  120.898   60.59  115.131  57.70   1.776   0.89 0.189000000000000
 86.833333  86.875000  116.628   58.45  119.461   59.87  113.475  56.87   1.975   0.99 0.189000000000000
 86.875000  86.916667  111.141   55.70  113.495   56.88  109.205  54.73   1.217   0.61 0.189000000000000
 86.916667  86.958333  111.540   55.90  113.695   56.98  109.943  55.10   1.297   0.65 0.189000000000000
 86.958333  87.000000  111.300   55.78  115.071   57.67  105.853  53.05   2.774   1.39 0.189000000000000
 87.000000  87.041667  105.414   52.83  107.928   54.09  103.199  51.72   1.417   0.71 0.189000000000000
 87.041667  87.083333  105.973   53.11  109.584   54.92  100.406  50.32   2.454   1.23 0.189000000000000
 87.083333  87.125000  111.540   55.90  116.588   58.43  108.247  54.25   2.634   1.32 0.189000000000000
 87.125000  87.166667  111.240   55.75  118.144   59.21  105.733  52.99   3.851   1.93 0.189000000000000
 87.166667  87.208333  112.218   56.24  119.421   59.85  103.678  51.96   5.168   2.59 0.189000000000000
 87.208333  87.250000  110.023   55.14  116.328   58.30  102.620  51.43   4.669   2.34 0.000000000000000
 87.250000  87.291667  112.637   56.45  123.033   61.66  103.598  51.92   7.243   3.63 0.000000000000000
 87.291667  87.333333 9999.999 9999.99 9999.999 9999.99 9999.999 999.99 999.999 999.99 0.456000000000000
 87.333333  87.375000  120.778   60.53  129.218   64.76  108.287  54.27   7.044   3.53 0.000000000000000
 87.375000  87.416667  101.204   50.72  104.995   52.62   98.670  49.45   1.856   0.93 0.000000000000000
 87.416667  87.458333  103.439   51.84  104.137   52.19  103.039  51.64   0.319   0.16 0.000000000000000
 87.458333  87.500000  111.679   55.97  114.134   57.20  107.689  53.97   1.856   0.93 0.000000000000000
 87.500000  87.541667  106.851   53.55  109.824   55.04  105.414  52.83   1.277   0.64 0.000000000000000
 87.541667  87.583333  106.372   53.31  107.349   53.80  105.155  52.70   0.718   0.36 0.000000000000000
 87.583333  87.625000  111.320   55.79  113.575   56.92  108.467  54.36   1.716   0.86 0.000000000000000
 87.625000  87.666667  113.695   56.98  115.490   57.88  112.458  56.36   0.998   0.50 0.000000000000000
 87.666667  87.708333  114.273   57.27  115.171   57.72  113.555  56.91   0.559   0.28 0.000000000000000
 87.708333  87.750000  116.807   58.54  119.002   59.64  114.293  57.28   1.357   0.68 0.000000000000000
 87.750000  87.791667  115.630   57.95  117.426   58.85  113.156  56.71   1.177   0.59 0.000000000000000
 87.791667  87.833333  115.231   57.75  116.428   58.35  114.074  57.17   0.718   0.36 0.189000000000000
 87.833333  87.875000  112.677   56.47  114.712   57.49  107.110  53.68   2.514   1.26 0.189000000000000
 87.875000  87.916667  108.806   54.53  111.619   55.94  107.250  53.75   1.377   0.69 0.189000000000000
 87.916667  87.958333  111.141   55.70  112.557   56.41  109.484  54.87   0.998   0.50 0.189000000000000
 87.958333  88.000000  110.562   55.41  112.557   56.41  108.487  54.37   1.117   0.56 0.189000000000000
 88.000000  88.041667  106.611   53.43  109.325   54.79   95.417  47.82   3.731   1.87 0.189000000000000
 88.041667  88.083333   98.251   49.24  101.842   51.04   94.260  47.24   2.135   1.07 0.189000000000000
 88.083333  88.125000  112.278   56.27  119.082   59.68  100.366  50.30   7.103   3.56 0.189000000000000
 88.125000  88.166667  115.989   58.13  117.645   58.96  112.936  56.60   1.337   0.67 0.189000000000000
 88.166667  88.208333  109.664   54.96  116.748   58.51   96.076  48.15   8.061   4.04 0.189000000000000
 88.208333  88.250000  117.406   58.84  119.202   59.74  114.852  57.56   1.397   0.70 0.189000000000000
 88.250000  88.291667  119.561   59.92  122.873   61.58  115.810  58.04   2.534   1.27 0.000000000000000
 88.291667  88.333333 9999.999 9999.99 9999.999 9999.99 9999.999 999.99 999.999 999.99 0.456000000000000
 88.333333  88.375000  118.463   59.37  119.022   59.65  117.785  59.03   0.379   0.19 0.000000000000000
 88.375000  88.416667  118.663   59.47  119.760   60.02  117.266  58.77   0.718   0.36 0.000000000000000
 88.416667  88.458333  115.730   58.00  116.269   58.27  115.211  57.74   0.319   0.16 0.000000000000000
 88.458333  88.500000  115.032   57.65  115.271   57.77  114.513  57.39   0.219   0.11 0.000000000000000
 88.500000  88.541667  114.134   57.20  114.652   57.46  113.695  56.98   0.239   0.12 0.000000000000000
 88.541667  88.583333  113.695   56.98  114.253   57.26  113.156  56.71   0.399   0.20 0.000000000000000
 88.583333  88.625000  115.151   57.71  115.929   58.10  114.652  57.46   0.439   0.22 0.000000000000000
 88.625000  88.666667  115.510   57.89  116.029   58.15  115.131  57.70   0.279   0.14 0.000000000000000
 88.666667  88.708333  115.510   57.89  115.969   58.12  114.712  57.49   0.359   0.18 0.000000000000000
 88.708333  88.750000  115.391   57.83  117.446   58.86  114.692  57.48   0.718   0.36 0.000000000000000
 88.750000  88.791667  118.922   59.60  120.399   60.34  117.985  59.13   0.658   0.33 0.000000000000000
 88.791667  88.833333  124.250   62.27  126.804   63.55  122.474  61.38   1.257   0.63 0.000000000000000
 88.833333  88.875000  126.006   63.15  131.453   65.88  124.330  62.31   1.896   0.95 0.189000000000000
