ozone_datasets/Ebas_221019_1549/US1200R.20170101000000.20180131180300.uv_abs.ozone.air.1y.1h.US06L_Thermo_49C_MLO.US06L_AM.lev2.nas
86 1001
McClure-Begley, Audra; Petropavlovskikh, Irina
US06L, National Oceanic and Atmospheric Administration, NOAA/ESRL/GMD, "Earth System Research Laboratory, Global Monitoring Division", 325 Broadway, , CO 80305-3, Boulder, U.S.A.
McClure-Begley, Audra
GAW-WDCRG NOAA-ESRL
1 1
2017 01 01 2018 01 31
0.041667
days from file reference point
10
1 1 1 1 1 1 1 1 1 1
999.999999 9999.999 999.99 9999.999 9999.99 9999.999 999.99 999.999 999.99 9.999999999999999
end_time of measurement, days from the file reference point
ozone, ug/m3, Statistics=arithmetic mean, Volume std. temperature=293.15 K, Volume std. pressure=1013.25 hPa, Detection limit=1.995 ug/m3, Measurement uncertainty=1.995 ug/m3, Measurement uncertainty expl.=includes statistical uncertainty of individual sample and calibration uncertainty, "Comment=Data converted on import into EBAS from 'nmol/mol' to 'ug/m3' at 293.15 K, 1013.25 hPa, conversion factor 1.99534."
ozone, nmol/mol, Statistics=arithmetic mean, Detection limit=1.0 nmol/mol, Measurement uncertainty=1.0 nmol/mol, Measurement uncertainty expl.=includes statistical uncertainty of individual sample and calibration uncertainty, "Comment=Data converted on import into EBAS from 'nmol/mol' to 'ug/m3' at 293.15 K, 1013.25 hPa, conversion factor 1.99534. -- Data converted on export from EBAS from 'ug/m3' at 293.15 K, 1013.25 hPa to 'nmol/mol', conversion factor 0.5012. Measurement uncertainty converted from '1.995 ug/m3' at 293.15 K, 1013.25 hPa to '1.0 nmol/mol', conversion factor 0.5012. Detection limit converted from '1.995 ug/m3' at 293.15 K, 1013.25 hPa to '1.0 nmol/mol', conversion factor 0.5012."
ozone, ug/m3, Statistics=maximum, Volume std. temperature=293.15 K, Volume std. pressure=1013.25 hPa, Detection limit=1.995 ug/m3, "Comment=Data converted on import into EBAS from 'nmol/mol' to 'ug/m3' at 293.15 K, 1013.25 hPa, conversion factor 1.99534. Detection limit converted from '1.0 nmol/mol' to '1.995 ug/m3' at 293.15 K, 1013.25 hPa, conversion factor 1.99534."
ozone, nmol/mol, Statistics=maximum, Detection limit=1.0 nmol/mol, "Comment=Data converted on import into EBAS from 'nmol/mol' to 'ug/m3' at 293.15 K, 1013.25 hPa, conversion factor 1.99534. Detection limit converted from '1.0 nmol/mol' to '1.995 ug/m3' at 293.15 K, 1013.25 hPa, conversion factor 1.99534. -- Data converted on export from EBAS from 'ug/m3' at 293.15 K, 1013.25 hPa to 'nmol/mol', conversion factor 0.5012. Detection limit converted from '1.995 ug/m3' at 293.15 K, 1013.25 hPa to '1.0 nmol/mol', conversion factor 0.5012."
ozone, ug/m3, Statistics=minimum, Volume std. temperature=293.15 K, Volume std. pressure=1013.25 hPa, Detection limit=1.995 ug/m3, "Comment=Data converted on import into EBAS from 'nmol/mol' to 'ug/m3' at 293.15 K, 1013.25 hPa, conversion factor 1.99534. Detection limit converted from '1.0 nmol/mol' to '1.995 ug/m3' at 293.15 K, 1013.25 hPa, conversion factor 1.99534."
[...]
Inlet type:                   Hat or hood
Inlet description:            Downward Facing, teflon inlet bell
Inlet tube material:          Teflon
Inlet tube outer diameter:    6.35 mm
Inlet tube inner diameter:    4.76 mm
Inlet tube length:            7.0 m
Flow rate:                    1.0 l/min
Humidity/temperature control description: Automatic
Zero/negative values code:    Zero/negative possible
Zero/negative values:         Zero and neg. values may appear due to statistical variations at very low concentrations
Absorption cross section:     Hearn, 1961 cm2
QA1 measure ID:               US06L_reference_calibration_20070630
QA1 date:                     20100101
QA1 outcome:                  pass
Originator:                   "McClure-Begley, Audra, Audra.mcclure@noaa.gov, National Oceanic and Atmospheric Administration/Earth System Research Laboratory/Global Monitoring Division, NOAA/ESRL/GMD, , 325 Broadway, , 80305, ""Boulder, CO"", USA"
Originator:                   "Petropavlovskikh, Irina, Irina.petro@noaa.gov, National Oceanic and Atmospheric Administration/Earth System Research Laboratory/Global Monitoring Division, NOAA/ESRL/GMD, , 325 Broadway, , 80305, ""Boulder, CO"", USA"
Submitter:                    "McClure-Begley, Audra, Audra.mcclure@noaa.gov, National Oceanic and Atmospheric Administration/Earth System Research Laboratory/Global Monitoring Division, NOAA/ESRL/GMD, , 325 Broadway, , 80305, ""Boulder, CO"", USA"
Acknowledgement:              "Request Acknowledgement details from data originator. http://dx.doi.org/10.7289/V57P8WBF"
starttime endtime O3 O3 O3 O3 O3 O3 O3 O3 flag
[from data line 8001]
333.375000 333.416667   65.786  32.97   71.174   35.67   59.960  30.05   3.851   1.93 0.000000000000000
333.416667 333.458333   66.704  33.43   69.697   34.93   63.612  31.88   2.075   1.04 0.000000000000000
333.458333 333.500000   65.966  33.06   70.236   35.20   63.272  31.71   2.215   1.11 0.189000000000000
333.500000 333.541667   69.757  34.96   74.506   37.34   64.869  32.51   3.372   1.69 0.188189000000000
333.541667 333.583333   73.389  36.78   77.539   38.86   69.737  34.95   2.614   1.31 0.000000000000000
333.583333 333.625000   69.238  34.70   72.291   36.23   67.143  33.65   1.576   0.79 0.000000000000000
333.625000 333.666667   69.378  34.77   72.910   36.54   65.986  33.07   1.955   0.98 0.000000000000000
333.666667 333.708333   73.848  37.01   77.300   38.74   69.977  35.07   2.275   1.14 0.000000000000000
333.708333 333.750000   69.897  35.03   74.546   37.36   65.128  32.64   3.213   1.61 0.000000000000000
333.750000 333.791667   66.704  33.43   68.440   34.30   65.008  32.58   0.938   0.47 0.189000000000000
333.791667 333.833333 9999.999 999.99   68.340   34.25   68.340  34.25 999.999 999.99 0.000000000000000
333.833333 333.875000 9999.999 999.99 9999.999 9999.99 9999.999 999.99 999.999 999.99 0.999000000000000
333.875000 333.916667   69.957  35.06   76.102   38.14   61.776  30.96   5.088   2.55 0.189188390000000
333.916667 333.958333   67.722  33.94   69.498   34.83   64.669  32.41   1.616   0.81 0.188189000000000
333.958333 334.000000   66.006  33.08   67.004   33.58   64.529  32.34   0.758   0.38 0.188189000000000
334.000000 334.041667   66.984  33.57   68.819   34.49   65.088  32.62   1.197   0.60 0.189188000000000
334.041667 334.083333   66.445  33.30   67.263   33.71   65.188  32.67   0.818   0.41 0.189188000000000
334.083333 334.125000   62.035  31.09   64.769   32.46   59.082  29.61   1.616   0.81 0.189000000000000
334.125000 334.166667   65.607  32.88   70.356   35.26   62.215  31.18   2.953   1.48 0.189188000000000
334.166667 334.208333   75.065  37.62   78.517   39.35   70.495  35.33   2.694   1.35 0.000000000000000
334.208333 334.250000   70.396  35.28   72.910   36.54   65.248  32.70   2.374   1.19 0.189188000000000
334.250000 334.291667   63.971  32.06   64.869   32.51   61.197  30.67   1.038   0.52 0.189188000000000
334.291667 334.333333   64.110  32.13   65.387   32.77   63.033  31.59   0.778   0.39 0.189188000000000
334.333333 334.375000   57.925  29.03   64.210   32.18   50.662  25.39   4.869   2.44 0.189000000000000
334.375000 334.416667   57.765  28.95   61.038   30.59   55.271  27.70   1.337   0.67 0.000000000000000
334.416667 334.458333   63.053  31.60   64.190   32.17   62.015  31.08   0.619   0.31 0.000000000000000
334.458333 334.500000   62.754  31.45   63.572   31.86   61.477  30.81   0.678   0.34 0.189188000000000
334.500000 334.541667   64.250  32.20   65.088   32.62   62.075  31.11   0.818   0.41 0.188189000000000
334.541667 334.583333   65.228  32.69   68.440   34.30   63.552  31.85   1.457   0.73 0.188189000000000
334.583333 334.625000   68.779  34.47   70.974   35.57   65.407  32.78   1.636   0.82 0.188189000000000
334.625000 334.666667   65.148  32.65   66.086   33.12   63.572  31.86   0.858   0.43 0.189188000000000
334.666667 334.708333   63.392  31.77   66.205   33.18   60.658  30.40   1.377   0.69 0.189188000000000
334.708333 334.750000   63.811  31.98   64.829   32.49   62.893  31.52   0.459   0.23 0.188189000000000
334.750000 334.791667   64.430  32.29   65.826   32.99   62.754  31.45   0.778   0.39 0.189188000000000
334.791667 334.833333   68.301  34.23   74.267   37.22   63.492  31.82   3.332   1.67 0.188189000000000
334.833333 334.875000   68.580  34.37   74.586   37.38   60.060  30.10   6.525   3.27 0.189188000000000
334.875000 334.916667   58.164  29.15   59.780   29.96   56.708  28.42   0.858   0.43 0.189000000000000
334.916667 334.958333   58.823  29.48   59.242   29.69   58.344  29.24   0.359   0.18 0.189000000000000
334.958333 335.000000   59.601  29.87   61.736   30.94   58.523  29.33   0.958   0.48 0.189000000000000
335.000000 335.041667   62.853  31.50   64.729   32.44   60.459  30.30   1.038   0.52 0.189000000000000
335.041667 335.083333   65.288  32.72   67.083   33.62   63.113  31.63   1.357   0.68 0.189000000000000
335.083333 335.125000   63.392  31.77   64.569   32.36   61.876  31.01   0.778   0.39 0.189000000000000
335.125000 335.166667   65.727  32.94   71.094   35.63   63.053  31.60   2.255   1.13 0.000000000000000
335.166667 335.208333   66.305  33.23   67.902   34.03   62.793  31.47   1.656   0.83 0.000000000000000
335.208333 335.250000   64.370  32.26   68.081   34.12   61.935  31.04   2.055   1.03 0.189000000000000
335.250000 335.291667   61.756  30.95   64.609   32.38   58.823  29.48   2.035   1.02 0.189000000000000
335.291667 335.333333   62.175  31.16   62.913   31.53   61.317  30.73   0.479   0.24 0.000000000000000
335.333333 335.375000   60.060  30.10   60.698   30.42   58.464  29.30   0.639   0.32 0.189000000000000
335.375000 335.416667   61.616  30.88   64.869   32.51   56.728  28.43   2.414   1.21 0.189000000000000
335.416667 335.458333   64.210  32.18   65.407   32.78   62.833  31.49   0.758   0.38 0.188189000000000
335.458333 335.500000   65.906  33.03   67.802   33.98   64.988  32.57   0.858   0.43 0.189188000000000
335.500000 335.541667   68.680  34.42   70.456   35.31   66.984  33.57   1.237   0.62 0.189188000000000
335.541667 335.583333   69.218  34.69   70.715   35.44   68.161  34.16   0.938   0.47 0.189188000000000
335.583333 335.625000   69.099  34.63   69.478   34.82   68.620  34.39   0.319   0.16 0.188189000000000
335.625000 335.666667   68.899  34.53   69.578   34.87   68.281  34.22   0.359   0.18 0.188189000000000
335.666667 335.708333   68.580  34.37   69.338   34.75   67.383  33.77   0.519   0.26 0.189000000000000
335.708333 335.750000   68.201  34.18   69.398   34.78   66.026  33.09   1.137   0.57 0.189188000000000
335.750000 335.791667   68.660  34.41   71.214   35.69   65.607  32.88   1.596   0.80 0.189188000000000
335.791667 335.833333   74.406  37.29   83.365   41.78   68.740  34.45   5.567   2.79 0.188189000000000
335.833333 335.875000   86.299  43.25   93.961   47.09   74.247  37.21   6.225   3.12 0.188189000000000
335.875000 335.916667   78.636  39.41   86.558   43.38   73.608  36.89   3.671   1.84 0.189000000000000
335.916667 335.958333   95.717  47.97  107.290   53.77   90.229  45.22   5.627   2.82 0.189000000000000
335.958333 336.000000  104.217  52.23  109.824   55.04  101.264  50.75   2.055   1.03 0.189000000000000
336.000000 336.041667  103.478  51.86  108.068   54.16   97.931  49.08   2.514   1.26 0.000000000000000
336.041667 336.083333   89.691  44.95  102.421   51.33   73.668  36.92   9.777   4.90 0.189000000000000
336.083333 336.125000   87.476  43.84   93.781   47.00   77.998  39.09   4.749   2.38 0.189000000000000
336.125000 336.166667   92.105  46.16   95.557   47.89   90.209  45.21   1.636   0.82 0.000000000000000
336.166667 336.208333   89.790  45.00   93.562   46.89   86.638  43.42   2.514   1.26 0.000000000000000
336.208333 336.250000   83.745  41.97   87.655   43.93   81.031  40.61   2.035   1.02 0.000000000000000
336.250000 336.291667   85.061  42.63   87.396   43.80   81.210  40.70   1.876   0.94 0.000000000000000
336.291667 336.333333   78.078  39.13   82.468   41.33   76.481  38.33   1.736   0.87 0.000000000000000
336.333333 336.375000   87.995  44.10   93.202   46.71   85.321  42.76   2.195   1.10 0.188189000000000
336.375000 336.416667   99.149  49.69  102.940   51.59   94.360  47.29   2.734   1.37 0.189188000000000
336.416667 336.458333   91.367  45.79   94.080   47.15   87.695  43.95   2.414   1.21 0.000000000000000
336.458333 336.500000   92.325  46.27   93.841   47.03   90.768  45.49   0.918   0.46 0.000000000000000
336.500000 336.541667   94.360  47.29   95.776   48.00   93.242  46.73   0.818   0.41 0.000000000000000
336.541667 336.583333   96.036  48.13   96.854   48.54   95.238  47.73   0.519   0.26 0.000000000000000
336.583333 336.625000   96.974  48.60   97.612   48.92   96.355  48.29   0.399   0.20 0.000000000000000
336.625000 336.666667   97.991  49.11   99.029   49.63   97.173  48.70   0.539   0.27 0.000000000000000
336.666667 336.708333   97.652  48.94   98.969   49.60   96.495  48.36   0.738   0.37 0.000000000000000
336.708333 336.750000   96.195  48.21   96.634   48.43   95.816  48.02   0.299   0.15 0.000000000000000
336.750000 336.791667   96.654  48.44   97.034   48.63   95.956  48.09   0.299   0.15 0.189000000000000
336.791667 336.833333   97.732  48.98   99.867   50.05   95.776  48.00   1.117   0.56 0.189000000000000
336.833333 336.875000   98.370  49.30   98.869   49.55   97.492  48.86   0.379   0.19 0.189000000000000
336.875000 336.916667   90.708  45.46   95.517   47.87   86.897  43.55   2.374   1.19 0.189000000000000
336.916667 336.958333   94.240  47.23   96.555   48.39   90.110  45.16   2.195   1.10 0.189000000000000
336.958333 337.000000   92.544  46.38   97.492   48.86   87.057  43.63   3.971   1.99 0.189000000000000
337.000000 337.041667   90.309  45.26   92.245   46.23   85.900  43.05   1.935   0.97 0.000000000000000
337.041667 337.083333   87.675  43.94   92.524   46.37   82.567  41.38   3.412   1.71 0.000000000000000
337.083333 337.125000   92.903  46.56   95.357   47.79   89.331  44.77   1.656   0.83 0.000000000000000
337.125000 337.166667   86.518  43.36   93.103   46.66   74.845  37.51   7.203   3.61 0.000000000000000
337.166667 337.208333   93.921  47.07   95.058   47.64   93.282  46.75   0.519   0.26 0.000000000000000
337.208333 337.250000   94.998  47.61   95.697   47.96   94.021  47.12   0.479   0.24 0.000000000000000
337.250000 337.291667   95.457  47.84   96.435   48.33   94.080  47.15   0.698   0.35 0.000000000000000
337.291667 337.333333   94.280  47.25   95.098   47.66   92.783  46.50   0.738   0.37 0.000000000000000
337.333333 337.375000   94.559  47.39   95.278   47.75   92.883  46.55   0.619   0.31 0.000000000000000
337.375000 337.416667   93.522  46.87   94.799   47.51   91.646  45.93   1.018   0.51 0.000000000000000
337.416667 337.458333   92.145  46.18   92.584   46.40   91.467  45.84   0.299   0.15 0.000000000000000
337.458333 337.500000   91.087  45.65   91.666   45.94   90.389  45.30   0.419   0.21 0.000000000000000
337.500000 337.541667   90.269  45.24   91.207   45.71   88.234  44.22   0.878   0.44 0.000000000000000
337.541667 337.583333   89.172  44.69   89.910   45.06   88.294  44.25   0.479   0.24 0.000000000000000
337.583333 337.625000   91.686  45.95   93.422   46.82   89.810  45.01   1.077   0.54 0.000000000000000
337.625000 337.666667   92.763  46.49   94.440   47.33   91.147  45.68   0.858   0.43 0.000000000000000
337.666667 337.708333   94.759  47.49   95.876   48.05   93.781  47.00   0.599   0.30 0.000000000000000
337.708333 337.750000   94.499  47.36   95.996   48.11   93.382  46.80   0.718   0.36 0.000000000000000
337.750000 337.791667   94.360  47.29   96.734   48.48   92.424  46.32   1.257   0.63 0.000000000000000
337.791667 337.833333 9999.999 999.99 9999.999 9999.99 9999.999 999.99 999.999 999.99 0.456000000000000
337.833333 337.875000 9999.999 999.99 9999.999 9999.99 9999.999 999.99 999.999 999.99 0.456000000000000
337.875000 337.916667 9999.999 999.99 9999.999 9999.99 9999.999 999.99 999.999 999.99 0.456000000000000
337.916667 337.958333 9999.999 999.99 9999.999 9999.99 9999.999 999.99 999.999 999.99 0.456000000000000
337.958333 338.000000 9999.999 999.99 9999.999 9999.99 9999.999 999.99 999.999 999.99 0.189456000000000
338.000000 338.041667   97.014  48.62   98.251   49.24   94.938  47.58   0.938   0.47 0.189000000000000
338.041667 338.083333   97.053  48.64   97.911   49.07   95.357  47.79   0.738   0.37 0.189000000000000
338.083333 338.125000   98.251  49.24   99.308   49.77   97.453  48.84   0.658   0.33 0.189000000000000
338.125000 338.166667   98.311  49.27   99.647   49.94   97.093  48.66   0.738   0.37 0.189000000000000
338.166667 338.208333   96.415  48.32   97.572   48.90   93.442  46.83   1.097   0.55 0.189000000000000
338.208333 338.250000   96.974  48.60   98.869   49.55   93.901  47.06   1.736   0.87 0.189000000000000
338.250000 338.291667   96.874  48.55   99.228   49.73   93.921  47.07   1.576   0.79 0.189000000000000
338.291667 338.333333   96.036  48.13   98.670   49.45   91.866  46.04   2.135   1.07 0.189000000000000
338.333333 338.375000   98.031  49.13   99.188   49.71   96.614  48.42   0.958   0.48 0.189000000000000
338.375000 338.416667   96.555  48.39   97.951   49.09   95.318  47.77   0.778   0.39 0.189000000000000
338.416667 338.458333   96.136  48.18   98.849   49.54   94.080  47.15   1.417   0.71 0.000000000000000
338.458333 338.500000   95.717  47.97   99.388   49.81   92.504  46.36   1.935   0.97 0.189000000000000
338.500000 338.541667  100.066  50.15  104.995   52.62   94.699  47.46   3.472   1.74 0.189000000000000
338.541667 338.583333  102.481  51.36  108.447   54.35  100.106  50.17   2.434   1.22 0.189000000000000
338.583333 338.625000  106.910  53.58  109.983   55.12  102.620  51.43   2.514   1.26 0.189000000000000
338.625000 338.666667   91.985  46.10   97.034   48.63   86.558  43.38   2.734   1.37 0.189000000000000
338.666667 338.708333   89.810  45.01   94.320   47.27   85.660  42.93   2.514   1.26 0.189000000000000
338.708333 338.750000   97.073  48.65   99.009   49.62   95.936  48.08   0.918   0.46 0.189000000000000
338.750000 338.791667   98.769  49.50  100.765   50.50   96.036  48.13   1.676   0.84 0.189188000000000
338.791667 338.833333   96.674  48.45   97.951   49.09   95.298  47.76   0.898   0.45 0.189188000000000
338.833333 338.875000   97.213  48.72   98.011   49.12   96.235  48.23   0.499   0.25 0.188189000000000
338.875000 338.916667   95.417  47.82   96.814   48.52   92.045  46.13   1.357   0.68 0.189000000000000
338.916667 338.958333   92.584  46.40   94.839   47.53   91.167  45.69   1.137   0.57 0.189000000000000
338.958333 339.000000   91.247  45.73   92.225   46.22   89.910  45.06   0.619   0.31 0.189000000000000
339.000000 339.041667   90.908  45.56   92.364   46.29   89.810  45.01   0.698   0.35 0.189000000000000
339.041667 339.083333   91.846  46.03   92.664   46.44   90.848  45.53   0.559   0.28 0.189000000000000
339.083333 339.125000   89.850  45.03   92.225   46.22   87.256  43.73   1.716   0.86 0.189000000000000
339.125000 339.166667   91.766  45.99   92.444   46.33   91.187  45.70   0.359   0.18 0.189000000000000
339.166667 339.208333   92.404  46.31   93.342   46.78   90.868  45.54   0.778   0.39 0.189000000000000
339.208333 339.250000   95.477  47.85   96.355   48.29   94.460  47.34   0.639   0.32 0.189000000000000
339.250000 339.291667   97.113  48.67   98.490   49.36   96.156  48.19   0.738   0.37 0.189000000000000
339.291667 339.333333   97.472  48.85   98.809   49.52   95.956  48.09   0.858   0.43 0.189000000000000
339.333333 339.375000   98.071  49.15   98.690   49.46   97.073  48.65   0.479   0.24 0.189000000000000
339.375000 339.416667   98.291  49.26   98.969   49.60   97.472  48.85   0.519   0.26 0.189000000000000
339.416667 339.458333   97.492  48.86   98.410   49.32   96.076  48.15   0.678   0.34 0.189000000000000
339.458333 339.500000   95.357  47.79   96.734   48.48   93.801  47.01   0.818   0.41 0.189000000000000
339.500000 339.541667   93.222  46.72   94.879   47.55   91.047  45.63   1.018   0.51 0.189000000000000
339.541667 339.583333   92.823  46.52   94.519   47.37   91.965  46.09   0.718   0.36 0.189000000000000
339.583333 339.625000   92.604  46.41   93.522   46.87   91.247  45.73   0.738   0.37 0.189000000000000
339.625000 339.666667   91.347  45.78   92.783   46.50   90.449  45.33   0.639   0.32 0.189000000000000
339.666667 339.708333   90.070  45.14   92.744   46.48   85.560  42.88   2.654   1.33 0.189000000000000
