ozone_datasets/Ebas_221019_1549/US1200R.20200101000000.20220419100242.uv_abs.ozone.air.1y.1h.US06L_Thermo_49C_MLO.US06L_AM.lev2.nas
84 1001
McClure-Begley, Audra; Petropavlovskikh, Irina
US06L, National Oceanic and Atmospheric Administration, NOAA/ESRL/GMD, "Earth System Research Laboratory, Global Monitoring Division", 325 Broadway, , CO 80305-3, Boulder, U.S.A.
McClure-Begley, Audra; Petropavlovskikh, Irina
GAW-WDCRG NOAA-ESRL
1 1
2020 01 01 2022 04 19
0.041667
days from file reference point
10
1 1 1 1 1 1 1 1 1 1
999.999999 9999.999 9999.99 9999.999 9999.99 9999.999 9999.99 999.999 999.99 9.999999999
end_time of measurement, days from the file reference point
ozone, ug/m3, Statistics=arithmetic mean, Volume std. temperature=293.15 K, Volume std. pressure=1013.25 hPa, "Comment=Data converted on import into EBAS from 'ppb' to 'ug/m3' at 293.15 K, 1013.25 hPa, conversion factor 1.99534."
ozone, nmol/mol, Statistics=arithmetic mean, "Comment=Data converted on import into EBAS from 'ppb' to 'ug/m3' at 293.15 K, 1013.25 hPa, conversion factor 1.99534. -- Data converted on export from EBAS from 'ug/m3' at 293.15 K, 1013.25 hPa to 'nmol/mol', conversion factor 0.5012."
ozone, ug/m3, Statistics=maximum, Volume std. temperature=293.15 K, Volume std. pressure=1013.25 hPa, "Comment=Data converted on import into EBAS from 'ppb' to 'ug/m3' at 293.15 K, 1013.25 hPa, conversion factor 1.99534."
ozone, nmol/mol, Statistics=maximum, "Comment=Data converted on import into EBAS from 'ppb' to 'ug/m3' at 293.15 K, 1013.25 hPa, conversion factor 1.99534. -- Data converted on export from EBAS from 'ug/m3' at 293.15 K, 1013.25 hPa to 'nmol/mol', conversion factor 0.5012."
ozone, ug/m3, Statistics=minimum, Volume std. temperature=293.15 K, Volume std. pressure=1013.25 hPa, "Comment=Data converted on import into EBAS from 'ppb' to 'ug/m3' at 293.15 K, 1013.25 hPa, conversion factor 1.99534."
ozone, nmol/mol, Statistics=minimum, "Comment=Data converted on import into EBAS from 'ppb' to 'ug/m3' at 293.15 K, 1013.25 hPa, conversion factor 1.99534. -- Data converted on export from EBAS from 'ug/m3' at 293.15 K, 1013.25 hPa to 'nmol/mol', conversion factor 0.5012."
ozone, ug/m3, Statistics=stddev, Volume std. temperature=293.15 K, Volume std. pressure=1013.25 hPa, "Comment=Data converted on import into EBAS from 'ppb' to 'ug/m3' at 293.15 K, 1013.25 hPa, conversion factor 1.99534."
ozone, nmol/mol, Statistics=stddev, "Comment=Data converted on import into EBAS from 'ppb' to 'ug/m3' at 293.15 K, 1013.25 hPa, conversion factor 1.99534. -- Data converted on export from EBAS from 'ug/m3' at 293.15 K, 1013.25 hPa to 'nmol/mol', conversion factor 0.5012."
numflag, no unit
0
60
Data definition:              EBAS_1.1
Set type code:                TU
Timezone:                     UTC
File name:                    US1200R.20200101000000.20220419100242.uv_abs.ozone.air.1y.1h.US06L_Thermo_49C_MLO.US06L_AM.lev2.nas
File creation:                20221019135551369000
Export state:                 20221019135004513121
Export filter:                exclude-900,exclude-invalid
Startdate:                    20200101000000
Revision date:                20220419100242
Version:                      1
Version description:          Version numbering not tracked, generated by CPD3 EBAS Export v26-17-g4e1f988-m run as da.output.ebas (17503) run by mcclure on aero.cmdl.noaa.gov via da.output.ebas --profile=ozone mlo 2020-01-01 2021-01-01
[...]
Inlet type:                   Hat or hood
Inlet description:            Downward Facing, teflon inlet bell
Inlet tube material:          Teflon
Inlet tube outer diameter:    6.35 mm
Inlet tube inner diameter:    4.76 mm
Inlet tube length:            7.0 m
Flow rate:                    1.2 l/min
Absorption cross section:     Hearn, 1961 cm2
QA1 measure ID:               US06L_reference_calibration_20070630
QA1 date:                     20100101
QA1 outcome:                  pass
Originator:                   "McClure-Begley, Audra, Audra.mcclure@noaa.gov, National Oceanic and Atmospheric Administration/Earth System Research Laboratory/Global Monitoring Division, NOAA/ESRL/GMD, , 325 Broadway, , 80305, ""Boulder, CO"", USA"
Originator:                   "Petropavlovskikh, Irina, Irina.petro@noaa.gov, National Oceanic and Atmospheric Administration/Earth System Research Laboratory/Global Monitoring Division, NOAA/ESRL/GMD, , 325 Broadway, , 80305, ""Boulder, CO"", USA"
Submitter:                    "McClure-Begley, Audra, Audra.mcclure@noaa.gov, National Oceanic and Atmospheric Administration/Earth System Research Laboratory/Global Monitoring Division, NOAA/ESRL/GMD, , 325 Broadway, , 80305, ""Boulder, CO"", USA"
Submitter:                    "Petropavlovskikh, Irina, Irina.petro@noaa.gov, National Oceanic and Atmospheric Administration/Earth System Research Laboratory/Global Monitoring Division, NOAA/ESRL/GMD, , 325 Broadway, , 80305, ""Boulder, CO"", USA"
Acknowledgement:              "Request Acknowledgement details from data originator. http://dx.doi.org/10.7289/V57P8WBF"
starttime endtime O3 O3 O3 O3 O3 O3 O3 O3 flag
[from data line 4161]
173.375000 173.416667  130.456   65.38  137.339   68.83  122.514   61.40   4.809   2.41 0.000000000
173.416667 173.458333  135.224   67.77  145.061   72.70  125.487   62.89   6.644   3.33 0.000000000
173.458333 173.500000  151.147   75.75  158.450   79.41  135.723   68.02   8.400   4.21 0.000000000
173.500000 173.541667  148.493   74.42  153.143   76.75  142.148   71.24   3.572   1.79 0.189188000
173.541667 173.583333  139.694   70.01  148.613   74.48  130.196   65.25   6.625   3.32 0.189000000
173.583333 173.625000  138.577   69.45  141.051   70.69  133.030   66.67   2.414   1.21 0.000000000
173.625000 173.666667  135.404   67.86  137.619   68.97  132.910   66.61   1.516   0.76 0.000000000
173.666667 173.708333  139.455   69.89  148.414   74.38  132.431   66.37   5.427   2.72 0.189000000
173.708333 173.750000  134.366   67.34  148.733   74.54  131.314   65.81   4.988   2.50 0.188189000
173.750000 173.791667  122.793   61.54  131.333   65.82  116.648   58.46   5.328   2.67 0.189000000
173.791667 173.833333  102.381   51.31  119.182   59.73   87.536   43.87  13.030   6.53 0.189000000
173.833333 173.875000   83.864   42.03   88.094   44.15   79.016   39.60   2.833   1.42 0.189000000
173.875000 173.916667   82.807   41.50   88.094   44.15   74.506   37.34   4.210   2.11 0.189000000
173.916667 173.958333   70.076   35.12   72.531   36.35   67.562   33.86   1.576   0.79 0.189000000
173.958333 174.000000   65.268   32.71   67.103   33.63   64.170   32.16   0.818   0.41 0.189000000
174.000000 174.041667   69.099   34.63   72.451   36.31   65.547   32.85   2.095   1.05 0.189000000
174.041667 174.083333   74.885   37.53   76.541   38.36   72.910   36.54   1.377   0.69 0.189000000
174.083333 174.125000   75.484   37.83   79.654   39.92   73.688   36.93   1.576   0.79 0.189000000
174.125000 174.166667   75.085   37.63   78.377   39.28   72.411   36.29   1.816   0.91 0.189000000
174.166667 174.208333   82.687   41.44   95.078   47.65   74.526   37.35   6.824   3.42 0.189000000
174.208333 174.250000  121.716   61.00  145.939   73.14   92.045   46.13  17.340   8.69 0.189000000
174.250000 174.291667  154.819   77.59  168.986   84.69  140.432   70.38   9.179   4.60 0.188189000
174.291667 174.333333  144.662   72.50  165.254   82.82  132.870   66.59   9.877   4.95 0.188189000
174.333333 174.375000  147.735   74.04  173.216   86.81  131.353   65.83  17.579   8.81 0.000000000
174.375000 174.416667  186.305   93.37  191.014   95.73  174.473   87.44   5.447   2.73 0.000000000
174.416667 174.458333  155.078   77.72  188.201   94.32  137.419   68.87  18.577   9.31 0.000000000
174.458333 174.500000  133.468   66.89  145.919   73.13  126.624   63.46   5.687   2.85 0.188189000
174.500000 174.541667  132.491   66.40  138.417   69.37  127.103   63.70   3.651   1.83 0.189188000
174.541667 174.583333  137.080   68.70  143.924   72.13  130.855   65.58   5.008   2.51 0.000000000
174.583333 174.625000  154.340   77.35  163.897   82.14  138.317   69.32   6.724   3.37 0.000000000
174.625000 174.666667  131.593   65.95  145.899   73.12  126.604   63.45   5.886   2.95 0.000000000
174.666667 174.708333  160.485   80.43  167.948   84.17  138.457   69.39   8.600   4.31 0.000000000
174.708333 174.750000  153.402   76.88  169.664   85.03  142.727   71.53  10.895   5.46 0.189188000
174.750000 174.791667  144.922   72.63  150.848   75.60  134.386   67.35   4.988   2.50 0.189000000
174.791667 174.833333  120.419   60.35  134.666   67.49  107.369   53.81  10.176   5.10 0.189000000
174.833333 174.875000   97.632   48.93  112.338   56.30   73.209   36.69  12.990   6.51 0.189000000
174.875000 174.916667   66.066   33.11   74.346   37.26   59.820   29.98   5.228   2.62 0.189000000
174.916667 174.958333   64.809   32.48   73.848   37.01   54.373   27.25   5.707   2.86 0.189000000
174.958333 175.000000   56.029   28.08   61.217   30.68   52.517   26.32   2.614   1.31 0.189000000
175.000000 175.041667   64.908   32.53   69.937   35.05   61.337   30.74   2.694   1.35 0.189000000
175.041667 175.083333   78.597   39.39   85.939   43.07   69.079   34.62   5.367   2.69 0.189000000
175.083333 175.125000   84.164   42.18   87.436   43.82   80.951   40.57   1.916   0.96 0.189000000
175.125000 175.166667   92.943   46.58  102.880   51.56   83.186   41.69   5.407   2.71 0.189000000
175.166667 175.208333  103.997   52.12  130.076   65.19   95.218   47.72  11.194   5.61 0.189188000
175.208333 175.250000  128.081   64.19  133.927   67.12  123.472   61.88   3.831   1.92 0.189000000
175.250000 175.291667  131.034   65.67  135.883   68.10  124.330   62.31   4.250   2.13 0.000000000
175.291667 175.333333  116.548   58.41  122.195   61.24  112.019   56.14   3.352   1.68 0.000000000
175.333333 175.375000  118.763   59.52  120.499   60.39  117.147   58.71   1.237   0.62 0.000000000
175.375000 175.416667  115.071   57.67  118.863   59.57  111.121   55.69   2.754   1.38 0.000000000
175.416667 175.458333  112.078   56.17  115.949   58.11  110.323   55.29   2.035   1.02 0.000000000
175.458333 175.500000  112.118   56.19  114.632   57.45  109.983   55.12   1.257   0.63 0.000000000
175.500000 175.541667  116.708   58.49  120.878   60.58  114.014   57.14   2.175   1.09 0.000000000
175.541667 175.583333  114.114   57.19  114.992   57.63  112.916   56.59   0.599   0.30 0.000000000
175.583333 175.625000  114.273   57.27  116.169   58.22  112.278   56.27   1.137   0.57 0.000000000
175.625000 175.666667  112.956   56.61  114.333   57.30  112.178   56.22   0.718   0.36 0.000000000
175.666667 175.708333  113.276   56.77  118.104   59.19  111.021   55.64   1.916   0.96 0.000000000
175.708333 175.750000  114.852   57.56  116.069   58.17  112.877   56.57   0.818   0.41 0.189000000
175.750000 175.791667  118.444   59.36  119.800   60.04  115.850   58.06   1.437   0.72 0.189000000
175.791667 175.833333  110.821   55.54  117.127   58.70  104.217   52.23   4.190   2.10 0.189000000
175.833333 175.875000  118.224   59.25  123.212   61.75  109.804   55.03   4.350   2.18 0.189000000
175.875000 175.916667   96.096   48.16  119.002   59.64   74.626   37.40  18.836   9.44 0.189000000
175.916667 175.958333   66.505   33.33   72.291   36.23   63.592   31.87   2.275   1.14 0.189000000
175.958333 176.000000   62.454   31.30   65.547   32.85   59.202   29.67   2.175   1.09 0.189000000
176.000000 176.041667   57.446   28.79   58.942   29.54   56.229   28.18   0.898   0.45 0.189000000
176.041667 176.083333   55.670   27.90   58.543   29.34   53.954   27.04   1.397   0.70 0.189000000
176.083333 176.125000   56.329   28.23   58.304   29.22   53.994   27.06   1.576   0.79 0.189000000
176.125000 176.166667   64.150   32.15   77.459   38.82   58.523   29.33   5.647   2.83 0.189000000
176.166667 176.208333   70.755   35.46   78.337   39.26   56.847   28.49   7.083   3.55 0.188189000
176.208333 176.250000   53.216   26.67   74.985   37.58   35.637   17.86  14.486   7.26 0.189000000
176.250000 176.291667   70.615   35.39   77.459   38.82   59.002   29.57   5.148   2.58 0.189188000
176.291667 176.333333   85.500   42.85   92.305   46.26   76.322   38.25   5.567   2.79 0.189188000
176.333333 176.375000   50.263   25.19   88.553   44.38   35.178   17.63  19.694   9.87 0.000000000
176.375000 176.416667   96.634   48.43   99.488   49.86   92.464   46.34   1.896   0.95 0.189188000
176.416667 176.458333   98.291   49.26  108.706   54.48   94.579   47.40   4.928   2.47 0.188189000
176.458333 176.500000  116.668   58.47  135.045   67.68  105.015   52.63  12.611   6.32 0.000000000
176.500000 176.541667  132.391   66.35  146.259   73.30  112.019   56.14  13.329   6.68 0.189188000
176.541667 176.583333   96.295   48.26  103.279   51.76   90.329   45.27   3.911   1.96 0.189188000
176.583333 176.625000   95.138   47.68  111.919   56.09   83.445   41.82   8.580   4.30 0.189000000
176.625000 176.666667   85.660   42.93  101.563   50.90   80.113   40.15   7.183   3.60 0.189000000
176.666667 176.708333  102.700   51.47  112.158   56.21   95.038   47.63   5.607   2.81 0.189188000
176.708333 176.750000   92.205   46.21  105.474   52.86   76.940   38.56  10.256   5.14 0.188189000
176.750000 176.791667   72.271   36.22   78.217   39.20   67.183   33.67   3.891   1.95 0.189000000
176.791667 176.833333   68.001   34.08   71.573   35.87   63.991   32.07   2.674   1.34 0.189000000
176.833333 176.875000   63.592   31.87   68.959   34.56   59.501   29.82   3.751   1.88 0.189000000
176.875000 176.916667   56.488   28.31   62.035   31.09   48.487   24.30   4.330   2.17 0.189000000
176.916667 176.958333   44.337   22.22   51.659   25.89   39.248   19.67   4.470   2.24 0.189000000
176.958333 177.000000   39.268   19.68   40.645   20.37   37.872   18.98   0.938   0.47 0.189000000
177.000000 177.041667   38.809   19.45   40.126   20.11   37.293   18.69   0.898   0.45 0.189000000
177.041667 177.083333   39.927   20.01   41.623   20.86   38.650   19.37   1.117   0.56 0.189000000
177.083333 177.125000   41.463   20.78   43.778   21.94   39.548   19.82   1.077   0.54 0.189000000
177.125000 177.166667   45.314   22.71   51.280   25.70   41.344   20.72   3.252   1.63 0.189000000
177.166667 177.208333   77.639   38.91   99.707   49.97   47.609   23.86  23.864  11.96 0.189000000
177.208333 177.250000   82.009   41.10   93.003   46.61   76.362   38.27   5.447   2.73 0.000000000
177.250000 177.291667   75.404   37.79   79.095   39.64   72.032   36.10   2.275   1.14 0.000000000
177.291667 177.333333   69.917   35.04   75.703   37.94   66.844   33.50   2.594   1.30 0.000000000
177.333333 177.375000   78.317   39.25  102.481   51.36   68.640   34.40  10.456   5.24 0.189000000
177.375000 177.416667  100.845   50.54  109.943   55.10   89.252   44.73   6.445   3.23 0.189000000
177.416667 177.458333  108.986   54.62  113.675   56.97  106.471   53.36   2.175   1.09 0.000000000
177.458333 177.500000  102.880   51.56  108.207   54.23   95.098   47.66   3.651   1.83 0.000000000
177.500000 177.541667  108.287   54.27  111.180   55.72  105.274   52.76   1.596   0.80 0.189000000
177.541667 177.583333   87.775   43.99  107.609   53.93   81.889   41.04   9.179   4.60 0.189000000
177.583333 177.625000   85.480   42.84   89.212   44.71   81.091   40.64   2.614   1.31 0.189188000
177.625000 177.666667   86.658   43.43   98.151   49.19   79.355   39.77   6.186   3.10 0.188189000
177.666667 177.708333   79.514   39.85   86.638   43.42   72.890   36.53   3.831   1.92 0.189188000
177.708333 177.750000   71.912   36.04   74.307   37.24   70.835   35.50   1.217   0.61 0.188189000
177.750000 177.791667   74.287   37.23   79.075   39.63   71.713   35.94   2.754   1.38 0.189000000
177.791667 177.833333   71.493   35.83   77.938   39.06   66.285   33.22   4.070   2.04 0.189000000
177.833333 177.875000   61.836   30.99   67.063   33.61   56.029   28.08   3.073   1.54 0.189000000
177.875000 177.916667   53.695   26.91   57.107   28.62   49.644   24.88   3.013   1.51 0.189000000
177.916667 177.958333   50.821   25.47   52.737   26.43   48.886   24.50   1.137   0.57 0.189000000
177.958333 178.000000   54.014   27.07   60.838   30.49   47.469   23.79   4.529   2.27 0.189000000
178.000000 178.041667   59.022   29.58   62.993   31.57   56.448   28.29   2.594   1.30 0.189000000
178.041667 178.083333   65.667   32.91   74.586   37.38   59.102   29.62   5.826   2.92 0.189000000
178.083333 178.125000   60.698   30.42   68.321   34.24   52.398   26.26   5.228   2.62 0.189000000
178.125000 178.166667   52.916   26.52   55.790   27.96   49.963   25.04   1.616   0.81 0.189000000
178.166667 178.208333   57.286   28.71   72.192   36.18   53.595   26.86   5.447   2.73 0.189000000
178.208333 178.250000   65.966   33.06   71.753   35.96   59.960   30.05   4.390   2.20 0.189000000
178.250000 178.291667   53.994   27.06   57.705   28.92   51.879   26.00   2.095   1.05 0.189000000
178.291667 178.333333   71.334   35.75  100.426   50.33   51.380   25.75  23.266  11.66 0.189000000
178.333333 178.375000  102.840   51.54  104.775   52.51  100.665   50.45   1.277   0.64 0.000000000
178.375000 178.416667  104.217   52.23  108.986   54.62  101.423   50.83   2.614   1.31 0.000000000
178.416667 178.458333  111.939   56.10  116.289   58.28  108.866   54.56   2.255   1.13 0.000000000
178.458333 178.500000  122.554   61.42  131.533   65.92  116.528   58.40   4.390   2.20 0.000000000
178.500000 178.541667  133.429   66.87  136.322   68.32  131.992   66.15   1.417   0.71 0.000000000
178.541667 178.583333  129.059   64.68  135.504   67.91  123.871   62.08   4.370   2.19 0.000000000
178.583333 178.625000  122.215   61.25  123.272   61.78  121.037   60.66   0.579   0.29 0.000000000
178.625000 178.666667  119.262   59.77  121.816   61.05  113.954   57.11   2.454   1.23 0.000000000
178.666667 178.708333  114.114   57.19  116.468   58.37  112.218   56.24   1.497   0.75 0.189000000
178.708333 178.750000  112.358   56.31  115.750   58.01  104.775   52.51   3.851   1.93 0.189000000
178.750000 178.791667   99.149   49.69  110.323   55.29   83.645   41.92   9.139   4.58 0.189000000
178.791667 178.833333  111.340   55.80  113.276   56.77  109.983   55.12   1.177   0.59 0.189000000
178.833333 178.875000  103.838   52.04  109.205   54.73   92.384   46.30   4.649   2.33 0.189000000
178.875000 178.916667   82.727   41.46   89.391   44.80   73.508   36.84   6.026   3.02 0.189000000
178.916667 178.958333   71.593   35.88   74.785   37.48   67.702   33.93   2.514   1.26 0.189000000
178.958333 179.000000   65.946   33.05   68.480   34.32   58.783   29.46   2.554   1.28 0.189000000
179.000000 179.041667   64.489   32.32   67.223   33.69   61.197   30.67   1.716   0.86 0.189000000
179.041667 179.083333   66.964   33.56   69.238   34.70   65.008   32.58   1.197   0.60 0.189000000
179.083333 179.125000   62.095   31.12   64.729   32.44   58.683   29.41   1.975   0.99 0.189000000
179.125000 179.166667   54.852   27.49   59.102   29.62   50.303   25.21   2.873   1.44 0.189000000
179.166667 179.208333   59.561   29.85   66.225   33.19   51.719   25.92   5.268   2.64 0.189000000
179.208333 179.250000   67.702   33.93   68.819   34.49   65.886   33.02   0.938   0.47 0.189000000
179.250000 179.291667   54.094   27.11   68.540   34.35   47.828   23.97   5.786   2.90 0.189188000
179.291667 179.333333   58.483   29.31   68.979   34.57   49.544   24.83   7.363   3.69 0.189000000
179.333333 179.375000   59.501   29.82   63.232   31.69   55.910   28.02   2.434   1.22 0.000000000
179.375000 179.416667   57.885   29.01   59.960   30.05   55.929   28.03   1.217   0.61 0.000000000
179.416667 179.458333   58.982   29.56   60.419   30.28   57.326   28.73   0.978   0.49 0.000000000
179.458333 179.500000   59.920   30.03   60.599   30.37   59.361   29.75   0.419   0.21 0.000000000
179.500000 179.541667   60.519   30.33   61.018   30.58   60.000   30.07   0.339   0.17 0.000000000
179.541667 179.583333   60.878   30.51   62.235   31.19   58.942   29.54   1.097   0.55 0.000000000
179.583333 179.625000   60.838   30.49   62.315   31.23   59.701   29.92   0.858   0.43 0.000000000
179.625000 179.666667   60.898   30.52   62.135   31.14   59.820   29.98   0.738   0.37 0.000000000
179.666667 179.708333   61.616   30.88   63.272   31.71   60.718   30.43   0.758   0.38 0.189188000
179.708333 179.750000   61.077   30.61   62.773   31.46   60.319   30.23   0.798   0.40 0.189000000
179.750000 179.791667   64.529   32.34   65.587   32.87   63.332   31.74   0.898   0.45 0.189188000
179.791667 179.833333   69.837   35.00   73.927   37.05   63.831   31.99   3.292   1.65 0.189000000
179.833333 179.875000   59.641   29.89   65.687   32.92   53.256   26.69   3.911   1.96 0.189000000
179.875000 179.916667   51.659   25.89   52.557   26.34   50.921   25.52   0.519   0.26 0.189000000
179.916667 179.958333   49.864   24.99   52.278   26.20   47.290   23.70   1.676   0.84 0.189000000
179.958333 180.000000   48.866   24.49   51.560   25.84   46.891   23.50   1.357   0.68 0.189000000
