ozone_datasets/Ebas_221019_1549/US1200R.20100102060000.20180130175327.uv_abs.ozone.air.5mo.1h.US06L_Thermo_49C_MLO.US06L_AM.lev2.nas
86 1001
McClure-Begley, Audra; Petropavlovskikh, Irina
US06L, National Oceanic and Atmospheric Administration, NOAA/ESRL/GMD, "Earth System Research Laboratory, Global Monitoring Division", 325 Broadway, , CO 80305-3, Boulder, U.S.A.
McClure-Begley, Audra
GAW-WDCRG NOAA-ESRL
1 1
2010 01 01 2018 01 30
0.041667
days from file reference point
10
1 1 1 1 1 1 1 1 1 1
999.999999 9999.999 999.99 9999.999 999.99 9999.999 999.99 999.999 999.99 9.999999999999999
end_time of measurement, days from the file reference point
ozone, ug/m3, Statistics=arithmetic mean, Volume std. temperature=293.15 K, Volume std. pressure=1013.25 hPa, Detection limit=1.995 ug/m3, Measurement uncertainty=1.995 ug/m3, Measurement uncertainty expl.=includes statistical uncertainty of individual sample and calibration uncertainty, "Comment=Data converted on import into EBAS from 'nmol/mol' to 'ug/m3' at 293.15 K, 1013.25 hPa, conversion factor 1.99534."
ozone, nmol/mol, Statistics=arithmetic mean, Detection limit=1.0 nmol/mol, Measurement uncertainty=1.0 nmol/mol, Measurement uncertainty expl.=includes statistical uncertainty of individual sample and calibration uncertainty, "Comment=Data converted on import into EBAS from 'nmol/mol' to 'ug/m3' at 293.15 K, 1013.25 hPa, conversion factor 1.99534. -- Data converted on export from EBAS from 'ug/m3' at 293.15 K, 1013.25 hPa to 'nmol/mol', conversion factor 0.5012. Measurement uncertainty converted from '1.995 ug/m3' at 293.15 K, 1013.25 hPa to '1.0 nmol/mol', conversion factor 0.5012. Detection limit converted from '1.995 ug/m3' at 293.15 K, 1013.25 hPa to '1.0 nmol/mol', conversion factor 0.5012."
ozone, ug/m3, Statistics=maximum, Volume std. temperature=293.15 K, Volume std. pressure=1013.25 hPa, Detection limit=1.995 ug/m3, "Comment=Data converted on import into EBAS from 'nmol/mol' to 'ug/m3' at 293.15 K, 1013.25 hPa, conversion factor 1.99534. Detection limit converted from '1.0 nmol/mol' to '1.995 ug/m3' at 293.15 K, 1013.25 hPa, conversion factor 1.99534."
ozone, nmol/mol, Statistics=maximum, Detection limit=1.0 nmol/mol, "Comment=Data converted on import into EBAS from 'nmol/mol' to 'ug/m3' at 293.15 K, 1013.25 hPa, conversion factor 1.99534. Detection limit converted from '1.0 nmol/mol' to '1.995 ug/m3' at 293.15 K, 1013.25 hPa, conversion factor 1.99534. -- Data converted on export from EBAS from 'ug/m3' at 293.15 K, 1013.25 hPa to 'nmol/mol', conversion factor 0.5012. Detection limit converted from '1.995 ug/m3' at 293.15 K, 1013.25 hPa to '1.0 nmol/mol', conversion factor 0.5012."
ozone, ug/m3, Statistics=minimum, Volume std. temperature=293.15 K, Volume std. pressure=1013.25 hPa, Detection limit=1.995 ug/m3, "Comment=Data converted on import into EBAS from 'nmol/mol' to 'ug/m3' at 293.15 K, 1013.25 hPa, conversion factor 1.99534. Detection limit converted from '1.0 nmol/mol' to '1.995 ug/m3' at 293.15 K, 1013.25 hPa, conversion factor 1.99534."
[...]
Inlet type:                   Hat or hood
Inlet description:            Downward Facing, teflon inlet bell
Inlet tube material:          Teflon
Inlet tube outer diameter:    6.35 mm
Inlet tube inner diameter:    4.76 mm
Inlet tube length:            7.0 m
Flow rate:                    0.9 l/min
Humidity/temperature control description: Automatic
Zero/negative values code:    Zero/negative possible
Zero/negative values:         Zero and neg. values may appear due to statistical variations at very low concentrations
Absorption cross section:     Hearn, 1961 cm2
QA1 measure ID:               US06L_reference_calibration_20070630
QA1 date:                     20100101
QA1 outcome:                  pass
Originator:                   "McClure-Begley, Audra, Audra.mcclure@noaa.gov, National Oceanic and Atmospheric Administration/Earth System Research Laboratory/Global Monitoring Division, NOAA/ESRL/GMD, , 325 Broadway, , 80305, ""Boulder, CO"", USA"
Originator:                   "Petropavlovskikh, Irina, Irina.petro@noaa.gov, National Oceanic and Atmospheric Administration/Earth System Research Laboratory/Global Monitoring Division, NOAA/ESRL/GMD, , 325 Broadway, , 80305, ""Boulder, CO"", USA"
Submitter:                    "McClure-Begley, Audra, Audra.mcclure@noaa.gov, National Oceanic and Atmospheric Administration/Earth System Research Laboratory/Global Monitoring Division, NOAA/ESRL/GMD, , 325 Broadway, , 80305, ""Boulder, CO"", USA"
Acknowledgement:              "Request Acknowledgement details from data originator. http://dx.doi.org/10.7289/V57P8WBF"
starttime endtime O3 O3 O3 O3 O3 O3 O3 O3 flag
[from data line 156]
  7.750000   7.791667   71.932  36.05   74.805  37.49   69.438  34.80   1.377   0.69 0.189000000000000
  7.791667   7.833333   80.971  40.58   82.667  41.43   76.322  38.25   1.935   0.97 0.189000000000000
  7.833333   7.875000   75.703  37.94   78.696  39.44   70.575  35.37   2.434   1.22 0.188189000000000
  7.875000   7.916667   67.882  34.02   70.795  35.48   66.086  33.12   1.816   0.91 0.188189000000000
  7.916667   7.958333   65.248  32.70   66.944  33.55   62.913  31.53   1.317   0.66 0.188189000000000
  7.958333   8.000000   61.297  30.72   62.594  31.37   60.459  30.30   0.698   0.35 0.189000000000000
  8.000000   8.041667   62.554  31.35   63.392  31.77   61.636  30.89   0.539   0.27 0.189000000000000
  8.041667   8.083333   63.073  31.61   63.791  31.97   62.394  31.27   0.399   0.20 0.188189000000000
  8.083333   8.125000   64.011  32.08   65.108  32.63   62.534  31.34   0.798   0.40 0.188189000000000
  8.125000   8.166667   65.108  32.63   67.044  33.60   63.612  31.88   1.177   0.59 0.188189000000000
  8.166667   8.208333   65.507  32.83   66.305  33.23   64.908  32.53   0.399   0.20 0.189000000000000
  8.208333   8.250000   64.310  32.23   65.048  32.60   63.073  31.61   0.639   0.32 0.188000000000000
  8.250000   8.291667   64.270  32.21   66.265  33.21   63.372  31.76   0.838   0.42 0.188189000000000
  8.291667   8.333333   65.427  32.79   66.345  33.25   64.529  32.34   0.658   0.33 0.188189000000000
  8.333333   8.375000   62.574  31.36   64.230  32.19   60.279  30.21   1.337   0.67 0.000000000000000
  8.375000   8.416667   61.975  31.06   64.709  32.43   60.259  30.20   1.536   0.77 0.000000000000000
  8.416667   8.458333   65.727  32.94   67.902  34.03   64.350  32.25   1.038   0.52 0.000000000000000
  8.458333   8.500000   66.864  33.51   68.680  34.42   64.390  32.27   1.377   0.69 0.000000000000000
  8.500000   8.541667   64.330  32.24   65.407  32.78   63.492  31.82   0.639   0.32 0.000000000000000
  8.541667   8.583333   60.219  30.18   63.173  31.66   56.528  28.33   1.916   0.96 0.000000000000000
  8.583333   8.625000   54.453  27.29   55.730  27.93   51.380  25.75   1.277   0.64 0.000000000000000
  8.625000   8.666667   54.613  27.37   61.197  30.67   51.500  25.81   3.252   1.63 0.000000000000000
  8.666667   8.708333   64.051  32.10   67.802  33.98   60.359  30.25   2.175   1.09 0.000000000000000
  8.708333   8.750000   63.612  31.88   65.008  32.58   62.873  31.51   0.678   0.34 0.000000000000000
  8.750000   8.791667   64.390  32.27   64.849  32.50   63.791  31.97   0.399   0.20 0.188189000000000
  8.791667   8.833333   67.802  33.98   70.356  35.26   65.108  32.63   1.756   0.88 0.188189000000000
  8.833333   8.875000   70.815  35.49   72.152  36.16   69.518  34.84   0.778   0.39 0.188189000000000
  8.875000   8.916667   73.030  36.60   73.848  37.01   71.334  35.75   0.858   0.43 0.189000000000000
  8.916667   8.958333   74.346  37.26   75.963  38.07   73.568  36.87   0.678   0.34 0.189000000000000
  8.958333   9.000000   73.508  36.84   76.082  38.13   71.713  35.94   1.337   0.67 0.188189000000000
  9.000000   9.041667   73.169  36.67   75.524  37.85   70.974  35.57   1.716   0.86 0.188189000000000
  9.041667   9.083333   73.728  36.95   75.564  37.87   72.611  36.39   0.938   0.47 0.188189000000000
  9.083333   9.125000   71.573  35.87   72.331  36.25   70.615  35.39   0.579   0.29 0.188189000000000
  9.125000   9.166667   73.369  36.77   74.765  37.47   72.112  36.14   0.858   0.43 0.188189000000000
  9.166667   9.208333   74.626  37.40   76.062  38.12   72.251  36.21   1.237   0.62 0.189000000000000
  9.208333   9.250000   71.034  35.60   71.353  35.76   70.456  35.31   0.299   0.15 0.000000000000000
  9.250000   9.291667   71.693  35.93   72.072  36.12   71.274  35.72   0.219   0.11 0.000000000000000
  9.291667   9.333333   78.197  39.19   82.009  41.10   75.544  37.86   2.135   1.07 0.000000000000000
  9.333333   9.375000   72.112  36.14   77.798  38.99   69.119  34.64   2.454   1.23 0.000000000000000
  9.375000   9.416667   72.890  36.53   74.865  37.52   68.740  34.45   2.215   1.11 0.000000000000000
  9.416667   9.458333   74.885  37.53   75.843  38.01   74.047  37.11   0.559   0.28 0.000000000000000
  9.458333   9.500000   71.353  35.76   74.686  37.43   68.440  34.30   2.295   1.15 0.000000000000000
  9.500000   9.541667   70.954  35.56   72.411  36.29   69.298  34.73   1.058   0.53 0.000000000000000
  9.541667   9.583333   74.227  37.20   76.362  38.27   72.371  36.27   1.457   0.73 0.000000000000000
  9.583333   9.625000   61.018  30.58   68.720  34.44   49.604  24.86   6.784   3.40 0.000000000000000
  9.625000   9.666667   54.792  27.46   57.845  28.99   52.118  26.12   1.836   0.92 0.000000000000000
  9.666667   9.708333   57.246  28.69   67.902  34.03   52.198  26.16   6.206   3.11 0.000000000000000
  9.708333   9.750000   68.879  34.52   71.274  35.72   66.285  33.22   1.896   0.95 0.000000000000000
  9.750000   9.791667   74.845  37.51   77.399  38.79   72.172  36.17   2.015   1.01 0.189000000000000
  9.791667   9.833333   79.834  40.01   82.687  41.44   76.960  38.57   2.135   1.07 0.189000000000000
  9.833333   9.875000   77.120  38.65   82.068  41.13   73.149  36.66   3.173   1.59 0.189000000000000
  9.875000   9.916667   71.633  35.90   72.471  36.32   70.675  35.42   0.599   0.30 0.189000000000000
  9.916667   9.958333   72.611  36.39   74.785  37.48   70.815  35.49   1.457   0.73 0.189000000000000
  9.958333  10.000000   77.858  39.02   79.075  39.63   75.484  37.83   1.077   0.54 0.189000000000000
 10.000000  10.041667   79.415  39.80   81.091  40.64   78.517  39.35   0.798   0.40 0.189000000000000
 10.041667  10.083333   78.437  39.31   79.574  39.88   77.519  38.85   0.678   0.34 0.189000000000000
 10.083333  10.125000   73.269  36.72   75.723  37.95   70.575  35.37   1.696   0.85 0.189000000000000
 10.125000  10.166667   74.227  37.20   77.679  38.93   71.373  35.77   2.195   1.10 0.189000000000000
 10.166667  10.208333   78.696  39.44   80.113  40.15   76.741  38.46   1.097   0.55 0.189000000000000
 10.208333  10.250000   75.224  37.70   76.162  38.17   74.087  37.13   0.539   0.27 0.000000000000000
 10.250000  10.291667   72.591  36.38   73.848  37.01   70.954  35.56   0.918   0.46 0.000000000000000
 10.291667  10.333333   75.783  37.98   78.078  39.13   71.493  35.83   2.175   1.09 0.000000000000000
 10.333333  10.375000   74.885  37.53   76.082  38.13   73.289  36.73   0.858   0.43 0.394000000000000
 10.375000  10.416667 9999.999 999.99 9999.999 999.99 9999.999 999.99 999.999 999.99 0.999000000000000
 10.416667  10.458333 9999.999 999.99 9999.999 999.99 9999.999 999.99 999.999 999.99 0.999000000000000
 10.458333  10.500000 9999.999 999.99 9999.999 999.99 9999.999 999.99 999.999 999.99 0.999000000000000
 10.500000  10.541667   71.653  35.91   71.653  35.91   69.817  34.99   1.058   0.53 0.188390000000000
 10.541667  10.583333   63.532  31.84   68.161  34.16   56.827  28.48   3.352   1.68 0.000000000000000
 10.583333  10.625000   49.844  24.98   58.204  29.17   46.172  23.14   3.532   1.77 0.000000000000000
 10.625000  10.666667   45.873  22.99   46.990  23.55   44.736  22.42   0.758   0.38 0.000000000000000
 10.666667  10.708333   47.988  24.05   49.405  24.76   46.831  23.47   0.758   0.38 0.000000000000000
 10.708333  10.750000   47.449  23.78   52.218  26.17   45.214  22.66   2.115   1.06 0.000000000000000
 10.750000  10.791667   70.256  35.21   93.721  46.97   45.633  22.87  19.993  10.02 0.188189000000000
 10.791667  10.833333   93.582  46.90   94.938  47.58   91.307  45.76   1.177   0.59 0.188189000000000
 10.833333  10.875000   94.619  47.42   96.056  48.14   93.402  46.81   0.938   0.47 0.188189000000000
 10.875000  10.916667   94.579  47.40   95.816  48.02   93.163  46.69   0.938   0.47 0.188189000000000
 10.916667  10.958333   93.123  46.67   94.519  47.37   91.586  45.90   0.978   0.49 0.188189000000000
 10.958333  11.000000   92.604  46.41   94.779  47.50   90.469  45.34   1.337   0.67 0.188189000000000
 11.000000  11.041667   92.544  46.38   93.502  46.86   91.886  46.05   0.459   0.23 0.188189000000000
 11.041667  11.083333   93.063  46.64   93.522  46.87   92.564  46.39   0.299   0.15 0.188189000000000
 11.083333  11.125000   93.302  46.76   94.021  47.12   92.604  46.41   0.399   0.20 0.188189000000000
 11.125000  11.166667   92.943  46.58   93.382  46.80   92.464  46.34   0.359   0.18 0.188189000000000
 11.166667  11.208333   95.876  48.05   98.131  49.18   93.881  47.05   1.157   0.58 0.188189000000000
 11.208333  11.250000   93.442  46.83   99.647  49.94   84.762  42.48   5.687   2.85 0.188189000000000
 11.250000  11.291667   96.156  48.19  102.281  51.26   85.341  42.77   6.704   3.36 0.000000000000000
 11.291667  11.333333  102.640  51.44  104.556  52.40  101.244  50.74   0.998   0.50 0.000000000000000
 11.333333  11.375000   87.017  43.61  105.274  52.76   73.708  36.94  12.291   6.16 0.000000000000000
 11.375000  11.416667   84.902  42.55   96.435  48.33   74.047  37.11   7.423   3.72 0.000000000000000
 11.416667  11.458333   86.299  43.25  101.324  50.78   69.578  34.87   9.558   4.79 0.000000000000000
 11.458333  11.500000   78.178  39.18   82.068  41.13   71.872  36.02   2.893   1.45 0.000000000000000
 11.500000  11.541667   72.451  36.31   76.262  38.22   68.281  34.22   2.714   1.36 0.000000000000000
 11.541667  11.583333   65.906  33.03   73.289  36.73   61.117  30.63   3.811   1.91 0.000000000000000
 11.583333  11.625000   58.204  29.17   62.275  31.21   55.271  27.70   2.055   1.03 0.000000000000000
 11.625000  11.666667   61.077  30.61   75.025  37.60   53.615  26.87   7.004   3.51 0.000000000000000
 11.666667  11.708333   66.525  33.34   71.912  36.04   59.521  29.83   3.931   1.97 0.000000000000000
 11.708333  11.750000   67.802  33.98   79.494  39.84   61.676  30.91   5.607   2.81 0.000000000000000
 11.750000  11.791667   82.208  41.20   85.042  42.62   78.038  39.11   1.576   0.79 0.188189000000000
 11.791667  11.833333   78.018  39.10   81.190  40.69   75.464  37.82   1.497   0.75 0.188189000000000
 11.833333  11.875000 9999.999 999.99 9999.999 999.99 9999.999 999.99 999.999 999.99 0.188189456000000
 11.875000  11.916667   81.869  41.03   83.086  41.64   78.337  39.26   1.297   0.65 0.189000000000000
 11.916667  11.958333   82.048  41.12   82.966  41.58   81.151  40.67   0.639   0.32 0.189000000000000
 11.958333  12.000000   81.230  40.71   81.829  41.01   80.013  40.10   0.519   0.26 0.189000000000000
 12.000000  12.041667   81.809  41.00   82.587  41.39   80.592  40.39   0.639   0.32 0.188189000000000
 12.041667  12.083333   81.729  40.96   82.567  41.38   80.891  40.54   0.499   0.25 0.189000000000000
 12.083333  12.125000   85.860  43.03   86.997  43.60   85.101  42.65   0.559   0.28 0.188189000000000
 12.125000  12.166667   85.939  43.07   86.877  43.54   85.161  42.68   0.599   0.30 0.188189000000000
 12.166667  12.208333   87.536  43.87   88.314  44.26   86.139  43.17   0.698   0.35 0.189000000000000
 12.208333  12.250000   85.520  42.86   86.458  43.33   84.503  42.35   0.599   0.30 0.000000000000000
 12.250000  12.291667   85.840  43.02   87.177  43.69   84.862  42.53   0.559   0.28 0.188189000000000
 12.291667  12.333333   87.955  44.08   88.912  44.56   85.939  43.07   0.978   0.49 0.188189000000000
 12.333333  12.375000   88.054  44.13   89.192  44.70   85.221  42.71   1.257   0.63 0.000000000000000
 12.375000  12.416667   85.500  42.85   88.194  44.20   81.250  40.72   2.295   1.15 0.000000000000000
 12.416667  12.458333   88.234  44.22   94.060  47.14   86.558  43.38   2.015   1.01 0.000000000000000
 12.458333  12.500000   91.566  45.89   92.285  46.25   90.848  45.53   0.359   0.18 0.000000000000000
 12.500000  12.541667   91.546  45.88   95.876  48.05   87.815  44.01   2.534   1.27 0.000000000000000
 12.541667  12.583333   97.712  48.97   98.869  49.55   96.435  48.33   0.778   0.39 0.000000000000000
 12.583333  12.625000  100.505  50.37  102.182  51.21   98.809  49.52   0.998   0.50 0.394000000000000
 12.625000  12.666667  102.700  51.47  104.556  52.40  100.825  50.53   0.998   0.50 0.000000000000000
 12.666667  12.708333  107.948  54.10  108.826  54.54  107.609  53.93   0.399   0.20 0.000000000000000
 12.708333  12.750000  104.017  52.13  107.928  54.09  100.944  50.59   2.434   1.22 0.000000000000000
 12.750000  12.791667  101.204  50.72  102.122  51.18   99.667  49.95   0.858   0.43 0.189000000000000
 12.791667  12.833333   99.228  49.73  100.485  50.36   97.812  49.02   0.798   0.40 0.189000000000000
 12.833333  12.875000  100.705  50.47  102.920  51.58   98.311  49.27   1.736   0.87 0.189000000000000
 12.875000  12.916667   99.927  50.08  101.503  50.87   97.951  49.09   1.217   0.61 0.189000000000000
 12.916667  12.958333   97.632  48.93   98.430  49.33   96.954  48.59   0.479   0.24 0.189000000000000
 12.958333  13.000000   97.672  48.95   98.909  49.57   96.674  48.45   0.718   0.36 0.189000000000000
 13.000000  13.041667   96.894  48.56   98.051  49.14   95.677  47.95   0.758   0.38 0.189000000000000
 13.041667  13.083333   95.078  47.65   95.756  47.99   93.841  47.03   0.499   0.25 0.189000000000000
 13.083333  13.125000   94.440  47.33   94.819  47.52   93.821  47.02   0.339   0.17 0.189000000000000
 13.125000  13.166667   94.160  47.19   95.038  47.63   93.382  46.80   0.459   0.23 0.189000000000000
 13.166667  13.208333   94.978  47.60   95.776  48.00   93.482  46.85   0.758   0.38 0.189000000000000
 13.208333  13.250000   94.619  47.42   95.637  47.93   93.861  47.04   0.619   0.31 0.189000000000000
 13.250000  13.291667   97.413  48.82   99.188  49.71   95.098  47.66   1.497   0.75 0.189000000000000
 13.291667  13.333333   99.707  49.97  101.503  50.87   97.812  49.02   1.237   0.62 0.189000000000000
 13.333333  13.375000  103.399  51.82  105.095  52.67  102.221  51.23   0.898   0.45 0.189000000000000
 13.375000  13.416667  104.097  52.17  104.895  52.57  103.279  51.76   0.539   0.27 0.000000000000000
 13.416667  13.458333  102.381  51.31  104.456  52.35   99.169  49.70   1.497   0.75 0.000000000000000
 13.458333  13.500000  100.186  50.21  103.119  51.68   97.632  48.93   1.796   0.90 0.000000000000000
 13.500000  13.541667   99.508  49.87  100.466  50.35   97.512  48.87   0.838   0.42 0.000000000000000
 13.541667  13.583333   97.911  49.07   99.747  49.99   96.096  48.16   1.217   0.61 0.000000000000000
 13.583333  13.625000   98.011  49.12   99.787  50.01   96.495  48.36   1.038   0.52 0.000000000000000
 13.625000  13.666667   99.887  50.06  101.304  50.77   98.909  49.57   0.818   0.41 0.000000000000000
 13.666667  13.708333   99.667  49.95  100.725  50.48   98.430  49.33   0.938   0.47 0.000000000000000
 13.708333  13.750000   99.747  49.99  100.326  50.28   98.610  49.42   0.519   0.26 0.000000000000000
 13.750000  13.791667   98.051  49.14   98.849  49.54   96.634  48.43   0.658   0.33 0.000000000000000
 13.791667  13.833333   94.759  47.49   96.734  48.48   93.362  46.79   0.938   0.47 0.189000000000000
 13.833333  13.875000   90.788  45.50   93.582  46.90   88.354  44.28   1.975   0.99 0.189000000000000
 13.875000  13.916667   89.631  44.92   90.389  45.30   88.833  44.52   0.519   0.26 0.189000000000000
 13.916667  13.958333   90.748  45.48   91.047  45.63   90.529  45.37   0.140   0.07 0.189000000000000
 13.958333  14.000000   92.105  46.16   93.123  46.67   90.728  45.47   0.698   0.35 0.189000000000000
 14.000000  14.041667   92.684  46.45   92.903  46.56   92.205  46.21   0.279   0.14 0.189000000000000
 14.041667  14.083333   91.526  45.87   92.325  46.27   90.609  45.41   0.579   0.29 0.189000000000000
 14.083333  14.125000   91.067  45.64   93.262  46.74   90.249  45.23   0.918   0.46 0.189000000000000
 14.125000  14.166667   93.562  46.89   93.961  47.09   93.262  46.74   0.200   0.10 0.188189000000000
