ozone_datasets/Ebas_221019_1549/US1200R.20200101000000.20220419100242.uv_abs.ozone.air.1y.1h.US06L_Thermo_49C_MLO.US06L_AM.lev2.nas
84 1001
McClure-Begley, Audra; Petropavlovskikh, Irina
US06L, National Oceanic and Atmospheric Administration, NOAA/ESRL/GMD, "Earth System Research Laboratory, Global Monitoring Division", 325 Broadway, , CO 80305-3, Boulder, U.S.A.
McClure-Begley, Audra; Petropavlovskikh, Irina
GAW-WDCRG NOAA-ESRL
1 1
2020 01 01 2022 04 19
0.041667
days from file reference point
10
1 1 1 1 1 1 1 1 1 1
999.999999 9999.999 9999.99 9999.999 9999.99 9999.999 9999.99 999.999 999.99 9.999999999
end_time of measurement, days from the file reference point
ozone, ug/m3, Statistics=arithmetic mean, Volume std. temperature=293.15 K, Volume std. pressure=1013.25 hPa, "Comment=Data converted on import into EBAS from 'ppb' to 'ug/m3' at 293.15 K, 1013.25 hPa, conversion factor 1.99534."
ozone, nmol/mol, Statistics=arithmetic mean, "Comment=Data converted on import into EBAS from 'ppb' to 'ug/m3' at 293.15 K, 1013.25 hPa, conversion factor 1.99534. -- Data converted on export from EBAS from 'ug/m3' at 293.15 K, 1013.25 hPa to 'nmol/mol', conversion factor 0.5012."
ozone, ug/m3, Statistics=maximum, Volume std. temperature=293.15 K, Volume std. pressure=1013.25 hPa, "Comment=Data converted on import into EBAS from 'ppb' to 'ug/m3' at 293.15 K, 1013.25 hPa, conversion factor 1.99534."
ozone, nmol/mol, Statistics=maximum, "Comment=Data converted on import into EBAS from 'ppb' to 'ug/m3' at 293.15 K, 1013.25 hPa, conversion factor 1.99534. -- Data converted on export from EBAS from 'ug/m3' at 293.15 K, 1013.25 hPa to 'nmol/mol', conversion factor 0.5012."
ozone, ug/m3, Statistics=minimum, Volume std. temperature=293.15 K, Volume std. pressure=1013.25 hPa, "Comment=Data converted on import into EBAS from 'ppb' to 'ug/m3' at 293.15 K, 1013.25 hPa, conversion factor 1.99534."
ozone, nmol/mol, Statistics=minimum, "Comment=Data converted on import into EBAS from 'ppb' to 'ug/m3' at 293.15 K, 1013.25 hPa, conversion factor 1.99534. -- Data converted on export from EBAS from 'ug/m3' at 293.15 K, 1013.25 hPa to 'nmol/mol', conversion factor 0.5012."
ozone, ug/m3, Statistics=stddev, Volume std. temperature=293.15 K, Volume std. pressure=1013.25 hPa, "Comment=Data converted on import into EBAS from 'ppb' to 'ug/m3' at 293.15 K, 1013.25 hPa, conversion factor 1.99534."
ozone, nmol/mol, Statistics=stddev, "Comment=Data converted on import into EBAS from 'ppb' to 'ug/m3' at 293.15 K, 1013.25 hPa, conversion factor 1.99534. -- Data converted on export from EBAS from 'ug/m3' at 293.15 K, 1013.25 hPa to 'nmol/mol', conversion factor 0.5012."
numflag, no unit
0
60
Data definition:              EBAS_1.1
Set type code:                TU
Timezone:                     UTC
File name:                    US1200R.20200101000000.20220419100242.uv_abs.ozone.air.1y.1h.US06L_Thermo_49C_MLO.US06L_AM.lev2.nas
File creation:                20221019135551369000
Export state:                 20221019135004513121
Export filter:                exclude-900,exclude-invalid
Startdate:                    20200101000000
Revision date:                20220419100242
Version:                      1
Version description:          Version numbering not tracked, generated by CPD3 EBAS Export v26-17-g4e1f988-m run as da.output.ebas (17503) run by mcclure on aero.cmdl.noaa.gov via da.output.ebas --profile=ozone mlo 2020-01-01 2021-01-01
[...]
Inlet type:                   Hat or hood
Inlet description:            Downward Facing, teflon inlet bell
Inlet tube material:          Teflon
Inlet tube outer diameter:    6.35 mm
Inlet tube inner diameter:    4.76 mm
Inlet tube length:            7.0 m
Flow rate:                    1.2 l/min
Absorption cross section:     Hearn, 1961 cm2
QA1 measure ID:               US06L_reference_calibration_20070630
QA1 date:                     20100101
QA1 outcome:                  pass
Originator:                   "McClure-Begley, Audra, Audra.mcclure@noaa.gov, National Oceanic and Atmospheric Administration/Earth System Research Laboratory/Global Monitoring Division, NOAA/ESRL/GMD, , 325 Broadway, , 80305, ""Boulder, CO"", USA"
Originator:                   "Petropavlovskikh, Irina, Irina.petro@noaa.gov, National Oceanic and Atmospheric Administration/Earth System Research Laboratory/Global Monitoring Division, NOAA/ESRL/GMD, , 325 Broadway, , 80305, ""Boulder, CO"", USA"
Submitter:                    "McClure-Begley, Audra, Audra.mcclure@noaa.gov, National Oceanic and Atmospheric Administration/Earth System Research Laboratory/Global Monitoring Division, NOAA/ESRL/GMD, , 325 Broadway, , 80305, ""Boulder, CO"", USA"
Submitter:                    "Petropavlovskikh, Irina, Irina.petro@noaa.gov, National Oceanic and Atmospheric Administration/Earth System Research Laboratory/Global Monitoring Division, NOAA/ESRL/GMD, , 325 Broadway, , 80305, ""Boulder, CO"", USA"
Acknowledgement:              "Request Acknowledgement details from data originator. http://dx.doi.org/10.7289/V57P8WBF"
starttime endtime O3 O3 O3 O3 O3 O3 O3 O3 flag
[from data line 8321]
346.708333 346.750000   69.917   35.04   70.575   35.37   69.099   34.63   0.459   0.23 0.000000000
346.750000 346.791667   69.218   34.69   70.615   35.39   68.001   34.08   0.918   0.46 0.000000000
346.791667 346.833333   69.857   35.01   71.254   35.71   68.061   34.11   1.077   0.54 0.000000000
346.833333 346.875000   81.669   40.93   88.573   44.39   72.950   36.56   5.328   2.67 0.000000000
346.875000 346.916667   88.473   44.34   91.985   46.10   86.099   43.15   2.055   1.03 0.000000000
346.916667 346.958333   93.781   47.00   96.555   48.39   89.032   44.62   2.374   1.19 0.000000000
346.958333 347.000000   96.874   48.55   98.949   49.59   95.457   47.84   0.958   0.48 0.000000000
347.000000 347.041667   96.076   48.15   97.672   48.95   94.080   47.15   1.137   0.57 0.000000000
347.041667 347.083333   98.630   49.43  100.785   50.51   95.397   47.81   1.556   0.78 0.000000000
347.083333 347.125000   88.434   44.32   94.420   47.32   82.408   41.30   4.290   2.15 0.000000000
347.125000 347.166667   72.291   36.23   80.891   40.54   66.365   33.26   4.210   2.11 0.000000000
347.166667 347.208333   67.902   34.03   91.227   45.72   51.520   25.82  13.389   6.71 0.000000000
347.208333 347.250000   83.026   41.61   94.280   47.25   68.779   34.47   8.640   4.33 0.000000000
347.250000 347.291667   56.129   28.13   84.722   42.46   44.117   22.11  15.125   7.58 0.000000000
347.291667 347.333333   45.254   22.68   47.170   23.64   43.878   21.99   1.137   0.57 0.000000000
347.333333 347.375000   51.639   25.88   61.836   30.99   43.419   21.76   5.866   2.94 0.189000000
347.375000 347.416667   52.398   26.26   66.744   33.45   40.326   20.21  11.054   5.54 0.189000000
347.416667 347.458333   75.703   37.94   80.113   40.15   68.859   34.51   4.190   2.10 0.189188000
347.458333 347.500000   79.435   39.81   80.592   40.39   77.220   38.70   1.018   0.51 0.188189000
347.500000 347.541667   79.375   39.78   83.545   41.87   70.436   35.30   3.791   1.90 0.000000000
347.541667 347.583333   57.107   28.62   69.917   35.04   45.993   23.05   8.380   4.20 0.000000000
347.583333 347.625000   43.698   21.90   45.155   22.63   42.640   21.37   0.918   0.46 0.000000000
347.625000 347.666667   51.440   25.78   54.632   27.38   48.347   24.23   1.696   0.85 0.000000000
347.666667 347.708333   46.611   23.36   50.362   25.24   42.880   21.49   2.793   1.40 0.000000000
347.708333 347.750000   52.098   26.11   62.654   31.40   42.461   21.28   6.126   3.07 0.189000000
347.750000 347.791667   56.029   28.08   65.547   32.85   44.217   22.16   9.119   4.57 0.188189000
347.791667 347.833333   53.435   26.78   62.674   31.41   42.720   21.41   8.560   4.29 0.189000000
347.833333 347.875000   57.246   28.69   62.514   31.33   51.400   25.76   4.350   2.18 0.189000000
347.875000 347.916667   48.307   24.21   52.817   26.47   44.736   22.42   3.173   1.59 0.189000000
347.916667 347.958333   43.299   21.70   44.775   22.44   41.563   20.83   1.237   0.62 0.189000000
347.958333 348.000000   40.705   20.40   43.239   21.67   39.448   19.77   1.197   0.60 0.189000000
348.000000 348.041667   43.997   22.05   45.893   23.00   42.441   21.27   1.018   0.51 0.189000000
348.041667 348.083333   40.645   20.37   42.740   21.42   39.468   19.78   1.038   0.52 0.189000000
348.083333 348.125000   40.466   20.28   41.563   20.83   39.408   19.75   0.798   0.40 0.189000000
348.125000 348.166667   40.685   20.39   41.144   20.62   40.326   20.21   0.279   0.14 0.188189000
348.166667 348.208333   40.007   20.05   42.820   21.46   38.809   19.45   1.357   0.68 0.188189000
348.208333 348.250000   41.842   20.97   43.439   21.77   38.690   19.39   1.696   0.85 0.189000000
348.250000 348.291667   43.419   21.76   44.696   22.40   38.889   19.49   1.716   0.86 0.189000000
348.291667 348.333333   42.461   21.28   43.678   21.89   39.248   19.67   1.317   0.66 0.000000000
348.333333 348.375000   38.031   19.06   42.201   21.15   35.657   17.87   2.215   1.11 0.000000000
348.375000 348.416667   37.892   18.99   41.643   20.87   36.116   18.10   1.497   0.75 0.189000000
348.416667 348.458333   41.822   20.96   43.838   21.97   39.667   19.88   1.556   0.78 0.189000000
348.458333 348.500000   36.036   18.06   39.747   19.92   33.721   16.90   2.235   1.12 0.000000000
348.500000 348.541667   36.595   18.34   38.770   19.43   33.961   17.02   1.616   0.81 0.000000000
348.541667 348.583333   34.499   17.29   35.018   17.55   33.801   16.94   0.319   0.16 0.000000000
348.583333 348.625000   34.140   17.11   34.519   17.30   33.821   16.95   0.200   0.10 0.000000000
348.625000 348.666667   33.961   17.02   35.078   17.58   33.502   16.79   0.419   0.21 0.000000000
348.666667 348.708333   37.672   18.88   40.206   20.15   35.038   17.56   1.816   0.91 0.000000000
348.708333 348.750000   43.319   21.71   47.250   23.68   40.346   20.22   2.494   1.25 0.189000000
348.750000 348.791667   52.677   26.40   64.210   32.18   48.966   24.54   5.427   2.72 0.189000000
348.791667 348.833333   55.251   27.69   61.496   30.82   50.582   25.35   3.791   1.90 0.189000000
348.833333 348.875000   47.509   23.81   51.819   25.97   44.696   22.40   2.035   1.02 0.189000000
348.875000 348.916667   50.103   25.11   55.251   27.69   45.733   22.92   3.013   1.51 0.189000000
348.916667 348.958333   47.569   23.84   52.916   26.52   44.656   22.38   2.275   1.14 0.189000000
348.958333 349.000000   51.300   25.71   53.336   26.73   49.225   24.67   1.277   0.64 0.189000000
349.000000 349.041667   49.904   25.01   53.735   26.93   44.077   22.09   2.714   1.36 0.189000000
349.041667 349.083333   59.002   29.57   63.552   31.85   48.567   24.34   5.228   2.62 0.189000000
349.083333 349.125000   56.827   28.48   59.920   30.03   53.874   27.00   1.975   0.99 0.189000000
349.125000 349.166667   66.106   33.13   75.045   37.61   54.732   27.43   8.161   4.09 0.189000000
349.166667 349.208333   67.961   34.06   75.244   37.71   55.451   27.79   6.864   3.44 0.189000000
349.208333 349.250000   70.136   35.15   70.974   35.57   69.258   34.71   0.459   0.23 0.189000000
349.250000 349.291667   68.181   34.17   72.271   36.22   64.051   32.10   2.833   1.42 0.000000000
349.291667 349.333333   64.170   32.16   64.749   32.45   63.552   31.85   0.399   0.20 0.000000000
349.333333 349.375000   73.069   36.62   84.223   42.21   61.257   30.70  10.017   5.02 0.000000000
349.375000 349.416667   70.934   35.55   81.051   40.62   60.738   30.44   6.325   3.17 0.000000000
349.416667 349.458333   55.870   28.00   59.661   29.90   52.717   26.42   1.876   0.94 0.000000000
349.458333 349.500000   59.721   29.93   65.268   32.71   53.475   26.80   4.110   2.06 0.000000000
349.500000 349.541667   56.428   28.28   62.534   31.34   52.717   26.42   3.432   1.72 0.189000000
349.541667 349.583333   51.460   25.79   52.777   26.45   50.243   25.18   0.898   0.45 0.000000000
349.583333 349.625000   49.824   24.97   51.061   25.59   49.485   24.80   0.459   0.23 0.000000000
349.625000 349.666667   50.422   25.27   51.959   26.04   49.185   24.65   0.858   0.43 0.188189000
349.666667 349.708333   51.739   25.93   52.278   26.20   51.141   25.63   0.359   0.18 0.000000000
349.708333 349.750000   52.857   26.49   54.513   27.32   51.659   25.89   1.197   0.60 0.000000000
349.750000 349.791667   53.355   26.74   55.271   27.70   52.178   26.15   1.038   0.52 0.000000000
349.791667 349.833333   55.371   27.75   58.104   29.12   53.874   27.00   1.536   0.77 0.000000000
349.833333 349.875000   58.663   29.40   59.641   29.89   57.486   28.81   0.619   0.31 0.189000000
349.875000 349.916667   60.259   30.20   60.838   30.49   59.501   29.82   0.439   0.22 0.189000000
349.916667 349.958333   56.548   28.34   59.062   29.60   54.992   27.56   1.117   0.56 0.189000000
349.958333 350.000000   55.391   27.76   56.348   28.24   53.994   27.06   0.898   0.45 0.189000000
350.000000 350.041667   55.949   28.04   56.728   28.43   55.411   27.77   0.379   0.19 0.189000000
350.041667 350.083333   55.590   27.86   56.568   28.35   54.772   27.45   0.499   0.25 0.189000000
350.083333 350.125000   58.843   29.49   62.115   31.13   56.049   28.09   2.175   1.09 0.189000000
350.125000 350.166667   59.761   29.95   61.077   30.61   57.785   28.96   0.918   0.46 0.189000000
350.166667 350.208333   58.025   29.08   59.980   30.06   56.448   28.29   1.317   0.66 0.189000000
350.208333 350.250000   57.965   29.05   60.599   30.37   56.249   28.19   1.257   0.63 0.000000000
350.250000 350.291667   58.464   29.30   59.182   29.66   57.665   28.90   0.499   0.25 0.000000000
350.291667 350.333333   61.157   30.65   64.270   32.21   58.344   29.24   1.876   0.94 0.000000000
350.333333 350.375000   64.350   32.25   65.866   33.01   61.955   31.05   1.277   0.64 0.000000000
350.375000 350.416667   62.335   31.24   65.986   33.07   60.798   30.47   1.776   0.89 0.189000000
350.416667 350.458333   66.106   33.13   67.782   33.97   63.951   32.05   1.177   0.59 0.189188000
350.458333 350.500000   67.343   33.75   68.440   34.30   66.545   33.35   0.658   0.33 0.188000000
350.500000 350.541667   64.988   32.57   66.984   33.57   62.773   31.46   1.157   0.58 0.000000000
350.541667 350.583333   59.780   29.96   61.397   30.77   59.182   29.66   0.639   0.32 0.188189000
350.583333 350.625000   59.002   29.57   60.140   30.14   58.224   29.18   0.619   0.31 0.000000000
350.625000 350.666667   60.279   30.21   60.678   30.41   59.561   29.85   0.319   0.16 0.000000000
350.666667 350.708333   59.361   29.75   59.621   29.88   59.042   29.59   0.200   0.10 0.000000000
350.708333 350.750000   58.743   29.44   59.521   29.83   57.925   29.03   0.599   0.30 0.000000000
350.750000 350.791667   57.725   28.93   58.104   29.12   57.286   28.71   0.239   0.12 0.189000000
350.791667 350.833333   59.082   29.61   59.780   29.96   57.985   29.06   0.619   0.31 0.189000000
350.833333 350.875000   59.880   30.01   60.599   30.37   58.823   29.48   0.459   0.23 0.189000000
350.875000 350.916667   60.379   30.26   61.257   30.70   58.284   29.21   0.878   0.44 0.189000000
350.916667 350.958333   59.561   29.85   60.559   30.35   58.404   29.27   0.658   0.33 0.189000000
350.958333 351.000000   58.683   29.41   59.800   29.97   57.546   28.84   0.738   0.37 0.189000000
351.000000 351.041667   57.885   29.01   58.464   29.30   57.226   28.68   0.379   0.19 0.189000000
351.041667 351.083333   61.317   30.73   64.410   32.28   58.104   29.12   2.155   1.08 0.189000000
351.083333 351.125000   65.487   32.82   66.305   33.23   64.849   32.50   0.499   0.25 0.000000000
351.125000 351.166667   64.908   32.53   65.667   32.91   64.031   32.09   0.619   0.31 0.000000000
351.166667 351.208333   63.212   31.68   64.589   32.37   61.935   31.04   0.938   0.47 0.000000000
351.208333 351.250000   61.437   30.79   62.135   31.14   60.698   30.42   0.499   0.25 0.000000000
351.250000 351.291667   66.664   33.41   70.136   35.15   61.975   31.06   3.412   1.71 0.189000000
351.291667 351.333333   65.707   32.93   69.079   34.62   63.093   31.62   2.035   1.02 0.188189000
351.333333 351.375000   67.343   33.75   68.999   34.58   66.385   33.27   0.938   0.47 0.000000000
351.375000 351.416667   71.154   35.66   75.863   38.02   68.021   34.09   2.255   1.13 0.000000000
351.416667 351.458333   68.061   34.11   75.723   37.95   66.186   33.17   2.833   1.42 0.000000000
351.458333 351.500000   67.522   33.84   70.076   35.12   63.173   31.66   2.654   1.33 0.000000000
351.500000 351.541667   65.048   32.60   67.123   33.64   62.933   31.54   1.497   0.75 0.000000000
351.541667 351.583333   64.988   32.57   67.802   33.98   62.893   31.52   1.836   0.92 0.000000000
351.583333 351.625000   61.676   30.91   62.434   31.29   60.958   30.55   0.519   0.26 0.000000000
351.625000 351.666667   61.516   30.83   62.813   31.48   60.619   30.38   0.678   0.34 0.000000000
351.666667 351.708333   64.430   32.29   70.076   35.12   61.716   30.93   2.973   1.49 0.000000000
351.708333 351.750000   69.318   34.74   71.074   35.62   67.183   33.67   1.177   0.59 0.000000000
351.750000 351.791667   64.150   32.15   65.806   32.98   63.033   31.59   0.938   0.47 0.189000000
351.791667 351.833333   67.702   33.93   72.251   36.21   64.470   32.31   2.634   1.32 0.189000000
351.833333 351.875000   67.363   33.76   70.735   35.45   63.691   31.92   2.315   1.16 0.189000000
351.875000 351.916667   68.999   34.58   72.291   36.23   63.173   31.66   2.494   1.25 0.189000000
351.916667 351.958333   62.095   31.12   63.412   31.78   60.279   30.21   0.878   0.44 0.189000000
351.958333 352.000000   61.317   30.73   65.866   33.01   54.473   27.30   3.512   1.76 0.189000000
352.000000 352.041667   56.169   28.15   59.002   29.57   54.533   27.33   1.237   0.62 0.189000000
352.041667 352.083333   54.114   27.12   56.149   28.14   52.418   26.27   1.177   0.59 0.189000000
352.083333 352.125000   54.333   27.23   56.588   28.36   52.677   26.40   1.217   0.61 0.189000000
352.125000 352.166667   55.510   27.82   57.805   28.97   53.874   27.00   1.097   0.55 0.189000000
352.166667 352.208333   55.830   27.98   57.506   28.82   53.495   26.81   1.337   0.67 0.000000000
352.208333 352.250000   56.229   28.18   59.002   29.57   53.036   26.58   2.055   1.03 0.189000000
352.250000 352.291667   59.302   29.72   65.088   32.62   51.021   25.57   5.248   2.63 0.189000000
352.291667 352.333333   58.643   29.39   62.913   31.53   54.712   27.42   2.494   1.25 0.189000000
352.333333 352.375000   73.648   36.91   77.878   39.03   64.769   32.46   4.769   2.39 0.000000000
352.375000 352.416667   76.302   38.24   77.300   38.74   74.386   37.28   0.918   0.46 0.000000000
352.416667 352.458333   72.710   36.44   74.965   37.57   70.196   35.18   2.015   1.01 0.000000000
352.458333 352.500000   71.633   35.90   72.850   36.51   69.977   35.07   0.918   0.46 0.000000000
352.500000 352.541667   62.674   31.41   69.498   34.83   59.361   29.75   3.292   1.65 0.000000000
352.541667 352.583333   60.898   30.52   61.696   30.92   59.860   30.00   0.718   0.36 0.000000000
352.583333 352.625000   76.781   38.48   92.963   46.59   57.466   28.80  15.863   7.95 0.000000000
352.625000 352.666667   75.224   37.70   83.545   41.87   61.896   31.02   7.762   3.89 0.189000000
352.666667 352.708333   62.175   31.16   72.591   36.38   57.845   28.99   4.011   2.01 0.189000000
352.708333 352.750000   61.496   30.82   64.051   32.10   58.903   29.52   2.015   1.01 0.000000000
352.750000 352.791667   62.215   31.18   63.053   31.60   61.636   30.89   0.419   0.21 0.000000000
352.791667 352.833333   64.230   32.19   65.487   32.82   63.093   31.62   0.798   0.40 0.000000000
352.833333 352.875000   63.891   32.02   66.046   33.10   62.793   31.47   1.018   0.51 0.189000000
352.875000 352.916667   63.232   31.69   64.609   32.38   61.317   30.73   1.117   0.56 0.189000000
352.916667 352.958333   61.656   30.90   63.033   31.59   60.199   30.17   0.898   0.45 0.189000000
352.958333 353.000000   61.516   30.83   62.634   31.39   59.302   29.72   1.018   0.51 0.189000000
353.000000 353.041667   58.783   29.46   59.361   29.75   58.124   29.13   0.439   0.22 0.189000000
353.041667 353.083333   59.282   29.71   60.419   30.28   58.184   29.16   0.639   0.32 0.189000000
353.083333 353.125000   59.701   29.92   61.117   30.63   58.444   29.29   0.798   0.40 0.189000000
353.125000 353.166667   59.940   30.04   62.773   31.46   58.763   29.45   1.157   0.58 0.189000000
353.166667 353.208333   59.162   29.65   60.698   30.42   58.523   29.33   0.599   0.30 0.000000000
353.208333 353.250000   59.122   29.63   59.681   29.91   58.424   29.28   0.439   0.22 0.000000000
353.250000 353.291667   60.319   30.23   62.773   31.46   58.005   29.07   1.716   0.86 0.000000000
353.291667 353.333333   61.377   30.76   62.075   31.11   60.738   30.44   0.479   0.24 0.000000000
