ozone_datasets/Ebas_221019_1549/US1200R.20150507190000.20180102202851.uv_abs.ozone.air.34w.1h.US06L_Thermo_49C_MLO.US06L_AM.lev2.nas
86 1001
McClure-Begley, Audra; Petropavlovskikh, Irina
US06L, National Oceanic and Atmospheric Administration, NOAA/ESRL/GMD, "Earth System Research Laboratory, Global Monitoring Division", 325 Broadway, , CO 80305-3, Boulder, U.S.A.
McClure-Begley, Audra
GAW-WDCRG NOAA-ESRL
1 1
2015 01 01 2018 01 02
0.041667
days from file reference point
10
1 1 1 1 1 1 1 1 1 1
999.999999 9999.999 999.99 9999.999 999.99 9999.999 999.99 999.999 999.99 9.999999999999
end_time of measurement, days from the file reference point
ozone, ug/m3, Statistics=arithmetic mean, Volume std. temperature=293.15 K, Volume std. pressure=1013.25 hPa, Detection limit=1.995 ug/m3, Measurement uncertainty=1.995 ug/m3, Measurement uncertainty expl.=includes statistical uncertainty of individual sample and calibration uncertainty, "Comment=Data converted on import into EBAS from 'nmol/mol' to 'ug/m3' at 293.15 K, 1013.25 hPa, conversion factor 1.99534."
ozone, nmol/mol, Statistics=arithmetic mean, Detection limit=1.0 nmol/mol, Measurement uncertainty=1.0 nmol/mol, Measurement uncertainty expl.=includes statistical uncertainty of individual sample and calibration uncertainty, "Comment=Data converted on import into EBAS from 'nmol/mol' to 'ug/m3' at 293.15 K, 1013.25 hPa, conversion factor 1.99534. -- Data converted on export from EBAS from 'ug/m3' at 293.15 K, 1013.25 hPa to 'nmol/mol', conversion factor 0.5012. Measurement uncertainty converted from '1.995 ug/m3' at 293.15 K, 1013.25 hPa to '1.0 nmol/mol', conversion factor 0.5012. Detection limit converted from '1.995 ug/m3' at 293.15 K, 1013.25 hPa to '1.0 nmol/mol', conversion factor 0.5012."
ozone, ug/m3, Statistics=maximum, Volume std. temperature=293.15 K, Volume std. pressure=1013.25 hPa, Detection limit=1.995 ug/m3, "Comment=Data converted on import into EBAS from 'nmol/mol' to 'ug/m3' at 293.15 K, 1013.25 hPa, conversion factor 1.99534. Detection limit converted from '1.0 nmol/mol' to '1.995 ug/m3' at 293.15 K, 1013.25 hPa, conversion factor 1.99534."
ozone, nmol/mol, Statistics=maximum, Detection limit=1.0 nmol/mol, "Comment=Data converted on import into EBAS from 'nmol/mol' to 'ug/m3' at 293.15 K, 1013.25 hPa, conversion factor 1.99534. Detection limit converted from '1.0 nmol/mol' to '1.995 ug/m3' at 293.15 K, 1013.25 hPa, conversion factor 1.99534. -- Data converted on export from EBAS from 'ug/m3' at 293.15 K, 1013.25 hPa to 'nmol/mol', conversion factor 0.5012. Detection limit converted from '1.995 ug/m3' at 293.15 K, 1013.25 hPa to '1.0 nmol/mol', conversion factor 0.5012."
ozone, ug/m3, Statistics=minimum, Volume std. temperature=293.15 K, Volume std. pressure=1013.25 hPa, Detection limit=1.995 ug/m3, "Comment=Data converted on import into EBAS from 'nmol/mol' to 'ug/m3' at 293.15 K, 1013.25 hPa, conversion factor 1.99534. Detection limit converted from '1.0 nmol/mol' to '1.995 ug/m3' at 293.15 K, 1013.25 hPa, conversion factor 1.99534."
[...]
Inlet type:                   Hat or hood
Inlet description:            Downward Facing, teflon inlet bell
Inlet tube material:          Teflon
Inlet tube outer diameter:    6.35 mm
Inlet tube inner diameter:    4.76 mm
Inlet tube length:            7.0 m
Flow rate:                    1.0 l/min
Humidity/temperature control description: Automatic
Zero/negative values code:    Zero/negative possible
Zero/negative values:         Zero and neg. values may appear due to statistical variations at very low concentrations
Absorption cross section:     Hearn, 1961 cm2
QA1 measure ID:               US06L_reference_calibration_20070630
QA1 date:                     20100101
QA1 outcome:                  pass
Originator:                   "McClure-Begley, Audra, Audra.mcclure@noaa.gov, National Oceanic and Atmospheric Administration/Earth System Research Laboratory/Global Monitoring Division, NOAA/ESRL/GMD, , 325 Broadway, , 80305, ""Boulder, CO"", USA"
Originator:                   "Petropavlovskikh, Irina, Irina.petro@noaa.gov, National Oceanic and Atmospheric Administration/Earth System Research Laboratory/Global Monitoring Division, NOAA/ESRL/GMD, , 325 Broadway, , 80305, ""Boulder, CO"", USA"
Submitter:                    "McClure-Begley, Audra, Audra.mcclure@noaa.gov, National Oceanic and Atmospheric Administration/Earth System Research Laboratory/Global Monitoring Division, NOAA/ESRL/GMD, , 325 Broadway, , 80305, ""Boulder, CO"", USA"
Acknowledgement:              "Request Acknowledgement details from data originator. http://dx.doi.org/10.7289/V57P8WBF"
starttime endtime O3 O3 O3 O3 O3 O3 O3 O3 flag
[from data line 2081]
213.500000 213.541667   31.427  15.75   35.078  17.58   25.840  12.95   2.674   1.34 0.189188000000
213.541667 213.583333   30.509  15.29   33.901  16.99   28.513  14.29   1.736   0.87 0.189188000000
213.583333 213.625000   26.418  13.24   35.078  17.58   23.266  11.66   3.133   1.57 0.189188000000
213.625000 213.666667   30.868  15.47   37.612  18.85   25.700  12.88   3.312   1.66 0.188189000000
213.666667 213.708333   44.596  22.35   51.320  25.72   39.528  19.81   3.871   1.94 0.189188000000
213.708333 213.750000   38.889  19.49   49.165  24.64   34.340  17.21   4.011   2.01 0.189188000000
213.750000 213.791667   40.505  20.30   43.239  21.67   38.730  19.41   1.536   0.77 0.189188000000
213.791667 213.833333   35.976  18.03   37.313  18.70   33.622  16.85   1.157   0.58 0.189000000000
213.833333 213.875000   31.906  15.99   33.402  16.74   30.748  15.41   0.738   0.37 0.189000000000
213.875000 213.916667   30.509  15.29   30.968  15.52   29.411  14.74   0.499   0.25 0.189000000000
213.916667 213.958333   36.036  18.06   37.692  18.89   33.721  16.90   1.437   0.72 0.189188000000
213.958333 214.000000   34.240  17.16   35.357  17.72   32.404  16.24   0.718   0.36 0.189188000000
214.000000 214.041667   35.737  17.91   38.031  19.06   34.978  17.53   0.938   0.47 0.189000000000
214.041667 214.083333   40.066  20.08   42.401  21.25   38.031  19.06   1.437   0.72 0.189188000000
214.083333 214.125000   38.989  19.54   41.064  20.58   37.034  18.56   1.117   0.56 0.188189000000
214.125000 214.166667   40.027  20.06   42.022  21.06   36.734  18.41   1.616   0.81 0.189188000000
214.166667 214.208333   38.929  19.51   39.488  19.79   37.333  18.71   0.559   0.28 0.189188000000
214.208333 214.250000   35.976  18.03   37.572  18.83   34.879  17.48   0.698   0.35 0.188189000000
214.250000 214.291667   36.495  18.29   37.931  19.01   35.158  17.62   0.778   0.39 0.189188000000
214.291667 214.333333   37.413  18.75   40.306  20.20   34.380  17.23   2.235   1.12 0.189188000000
214.333333 214.375000   30.050  15.06   34.280  17.18   27.576  13.82   2.275   1.14 0.188189000000
214.375000 214.416667   29.112  14.59   30.648  15.36   27.077  13.57   1.038   0.52 0.000000000000
214.416667 214.458333   29.012  14.54   31.207  15.64   27.496  13.78   1.177   0.59 0.189000000000
214.458333 214.500000   30.569  15.32   31.706  15.89   29.351  14.71   0.738   0.37 0.189000000000
214.500000 214.541667   30.928  15.50   35.098  17.59   28.992  14.53   1.916   0.96 0.189188000000
214.541667 214.583333   36.335  18.21   37.852  18.97   34.739  17.41   1.018   0.51 0.188189000000
214.583333 214.625000   38.909  19.50   39.508  19.80   38.291  19.19   0.379   0.19 0.189188000000
214.625000 214.666667   38.211  19.15   39.608  19.85   36.116  18.10   1.337   0.67 0.189000000000
214.666667 214.708333   32.584  16.33   37.692  18.89   25.580  12.82   4.569   2.29 0.189188000000
214.708333 214.750000   31.367  15.72   34.579  17.33   26.897  13.48   2.554   1.28 0.188189000000
214.750000 214.791667   28.194  14.13   32.424  16.25   25.121  12.59   2.594   1.30 0.189000000000
214.791667 214.833333   25.461  12.76   26.339  13.20   24.523  12.29   0.639   0.32 0.189000000000
214.833333 214.875000   26.977  13.52   27.955  14.01   26.059  13.06   0.718   0.36 0.189000000000
214.875000 214.916667   27.396  13.73   28.094  14.08   26.758  13.41   0.379   0.19 0.189000000000
214.916667 214.958333   26.219  13.14   27.097  13.58   25.620  12.84   0.439   0.22 0.189000000000
214.958333 215.000000   23.784  11.92   25.461  12.76   21.769  10.91   1.357   0.68 0.189000000000
215.000000 215.041667   27.695  13.88   30.030  15.05   26.438  13.25   1.117   0.56 0.189000000000
215.041667 215.083333   27.216  13.64   28.015  14.04   26.438  13.25   0.519   0.26 0.189000000000
215.083333 215.125000   26.299  13.18   26.857  13.46   25.481  12.77   0.479   0.24 0.189000000000
215.125000 215.166667   26.039  13.05   27.077  13.57   22.308  11.18   1.277   0.64 0.188189000000
215.166667 215.208333   19.095   9.57   21.390  10.72   17.479   8.76   1.257   0.63 0.188189000000
215.208333 215.250000   18.098   9.07   18.477   9.26   17.699   8.87   0.239   0.12 0.189188000000
215.250000 215.291667   17.818   8.93   18.138   9.09   17.320   8.68   0.239   0.12 0.188189000000
215.291667 215.333333   17.120   8.58   17.379   8.71   16.362   8.20   0.359   0.18 0.189188000000
215.333333 215.375000   17.659   8.85   18.477   9.26   16.681   8.36   0.559   0.28 0.189188000000
215.375000 215.416667   20.512  10.28   22.527  11.29   17.719   8.88   1.377   0.69 0.188189000000
215.416667 215.458333   20.971  10.51   23.106  11.58   19.814   9.93   0.858   0.43 0.188189000000
215.458333 215.500000   26.797  13.43   29.731  14.90   21.929  10.99   2.714   1.36 0.188189000000
215.500000 215.541667   28.753  14.41   30.668  15.37   27.476  13.77   1.038   0.52 0.188189000000
215.541667 215.583333   27.137  13.60   29.571  14.82   25.401  12.73   1.237   0.62 0.188189000000
215.583333 215.625000   40.944  20.52   49.923  25.02   30.030  15.05   6.046   3.03 0.188189000000
215.625000 215.666667   40.785  20.44   41.044  20.57   39.208  19.65   0.639   0.32 0.189188000000
215.666667 215.708333   41.264  20.68   43.878  21.99   39.987  20.04   1.277   0.64 0.000000000000
215.708333 215.750000   44.576  22.34   47.389  23.75   38.869  19.48   2.614   1.31 0.189188000000
215.750000 215.791667   55.670  27.90   70.835  35.50   41.503  20.80   9.837   4.93 0.188189000000
215.791667 215.833333   44.476  22.29   56.867  28.50   38.151  19.12   5.806   2.91 0.188189000000
215.833333 215.875000   40.785  20.44   51.560  25.84   34.619  17.35   4.310   2.16 0.189188000000
215.875000 215.916667   36.714  18.40   39.308  19.70   34.519  17.30   1.377   0.69 0.189000000000
215.916667 215.958333   37.173  18.63   38.969  19.53   35.896  17.99   0.818   0.41 0.189000000000
215.958333 216.000000   38.590  19.34   39.787  19.94   37.093  18.59   0.718   0.36 0.189000000000
216.000000 216.041667   42.660  21.38   47.509  23.81   39.049  19.57   2.355   1.18 0.189000000000
216.041667 216.083333   32.404  16.24   40.066  20.08   26.558  13.31   5.387   2.70 0.189000000000
216.083333 216.125000   38.251  19.17   44.077  22.09   30.269  15.17   4.490   2.25 0.189000000000
216.125000 216.166667   34.420  17.25   39.867  19.98   23.784  11.92   5.088   2.55 0.189000000000
216.166667 216.208333 9999.999 999.99 9999.999 999.99 9999.999 999.99 999.999 999.99 0.189456000000
216.208333 216.250000 9999.999 999.99 9999.999 999.99 9999.999 999.99 999.999 999.99 0.456000000000
216.250000 216.291667 9999.999 999.99 9999.999 999.99 9999.999 999.99 999.999 999.99 0.456000000000
216.291667 216.333333   58.104  29.12   65.328  32.74   50.003  25.06   5.687   2.85 0.000000000000
216.333333 216.375000   42.601  21.35   45.394  22.75   39.089  19.59   2.634   1.32 0.000000000000
216.375000 216.416667   38.949  19.52   41.683  20.89   37.592  18.84   1.317   0.66 0.000000000000
216.416667 216.458333   39.967  20.03   41.344  20.72   38.530  19.31   0.738   0.37 0.000000000000
216.458333 216.500000   39.129  19.61   40.226  20.16   37.991  19.04   0.599   0.30 0.000000000000
216.500000 216.541667   39.967  20.03   41.703  20.90   37.552  18.82   1.257   0.63 0.000000000000
216.541667 216.583333   41.922  21.01   43.419  21.76   40.785  20.44   0.818   0.41 0.000000000000
216.583333 216.625000   42.261  21.18   42.980  21.54   41.862  20.98   0.339   0.17 0.000000000000
216.625000 216.666667   48.048  24.08   52.278  26.20   43.079  21.59   3.073   1.54 0.000000000000
216.666667 216.708333   51.699  25.91   52.577  26.35   50.223  25.17   0.718   0.36 0.000000000000
216.708333 216.750000   50.123  25.12   53.176  26.65   43.898  22.00   2.514   1.26 0.189000000000
216.750000 216.791667   40.964  20.53   42.940  21.52   38.889  19.49   1.417   0.71 0.189000000000
216.791667 216.833333   36.335  18.21   37.572  18.83   35.058  17.57   0.698   0.35 0.189000000000
216.833333 216.875000   36.555  18.32   38.151  19.12   35.497  17.79   0.778   0.39 0.189000000000
216.875000 216.916667   35.677  17.88   36.235  18.16   34.918  17.50   0.379   0.19 0.189000000000
216.916667 216.958333   35.118  17.60   36.415  18.25   34.140  17.11   0.658   0.33 0.189000000000
216.958333 217.000000   40.665  20.38   43.578  21.84   39.129  19.61   1.277   0.64 0.188189000000
217.000000 217.041667   39.967  20.03   41.164  20.63   38.909  19.50   0.778   0.39 0.189000000000
217.041667 217.083333   38.211  19.15   41.922  21.01   35.597  17.84   2.055   1.03 0.189000000000
217.083333 217.125000   38.191  19.14   41.224  20.66   34.719  17.40   2.255   1.13 0.188189000000
217.125000 217.166667   35.856  17.97   37.971  19.03   33.981  17.03   1.217   0.61 0.188189000000
217.166667 217.208333   40.885  20.49   47.230  23.67   38.111  19.10   3.073   1.54 0.189188000000
217.208333 217.250000   43.538  21.82   46.871  23.49   40.585  20.34   2.055   1.03 0.188189000000
217.250000 217.291667   40.645  20.37   41.104  20.60   40.246  20.17   0.259   0.13 0.188189000000
217.291667 217.333333   41.942  21.02   47.270  23.69   40.066  20.08   2.255   1.13 0.189000000000
217.333333 217.375000   43.299  21.70   45.035  22.57   41.144  20.62   1.237   0.62 0.000000000000
217.375000 217.416667   41.184  20.64   42.082  21.09   39.628  19.86   0.639   0.32 0.000000000000
217.416667 217.458333   40.246  20.17   41.144  20.62   39.628  19.86   0.459   0.23 0.000000000000
217.458333 217.500000   40.466  20.28   43.518  21.81   39.428  19.76   1.137   0.57 0.000000000000
217.500000 217.541667   43.598  21.85   44.416  22.26   42.122  21.11   0.818   0.41 0.000000000000
217.541667 217.583333   44.875  22.49   46.172  23.14   43.838  21.97   0.798   0.40 0.000000000000
217.583333 217.625000   44.736  22.42   45.673  22.89   43.778  21.94   0.519   0.26 0.000000000000
217.625000 217.666667   44.775  22.44   45.693  22.90   43.498  21.80   0.698   0.35 0.000000000000
217.666667 217.708333   44.097  22.10   45.833  22.97   42.002  21.05   1.377   0.69 0.000000000000
217.708333 217.750000   48.068  24.09   52.438  26.28   42.800  21.45   3.671   1.84 0.189000000000
217.750000 217.791667   52.857  26.49   53.934  27.03   52.078  26.10   0.459   0.23 0.189000000000
217.791667 217.833333 9999.999 999.99   53.116  26.62   53.116  26.62 999.999 999.99 0.000000000000
217.833333 217.875000   46.272  23.19   47.928  24.02   45.035  22.57   0.898   0.45 0.392189000000
217.875000 217.916667   44.017  22.06   45.195  22.65   41.902  21.00   0.938   0.47 0.189000000000
217.916667 217.958333   43.079  21.59   45.534  22.82   41.264  20.68   1.117   0.56 0.189000000000
217.958333 218.000000   40.486  20.29   41.104  20.60   39.508  19.80   0.539   0.27 0.189000000000
218.000000 218.041667   41.483  20.79   42.740  21.42   40.386  20.24   0.639   0.32 0.189000000000
218.041667 218.083333   42.740  21.42   44.117  22.11   41.623  20.86   0.818   0.41 0.189188000000
218.083333 218.125000   45.394  22.75   46.491  23.30   44.556  22.33   0.678   0.34 0.189188000000
218.125000 218.166667   43.219  21.66   44.337  22.22   41.443  20.77   0.798   0.40 0.189188000000
218.166667 218.208333   37.552  18.82   39.887  19.99   35.058  17.57   1.197   0.60 0.189000000000
218.208333 218.250000   39.189  19.64   43.000  21.55   36.734  18.41   2.374   1.19 0.000000000000
218.250000 218.291667   45.574  22.84   51.480  25.80   41.882  20.99   3.073   1.54 0.188000000000
218.291667 218.333333   51.141  25.63   52.657  26.39   49.065  24.59   1.018   0.51 0.394000000000
218.333333 218.375000   47.489  23.80   52.238  26.18   42.321  21.21   3.651   1.83 0.000000000000
218.375000 218.416667   42.361  21.23   43.778  21.94   40.825  20.46   0.718   0.36 0.000000000000
218.416667 218.458333   46.272  23.19   48.347  24.23   44.915  22.51   0.798   0.40 0.000000000000
218.458333 218.500000   49.963  25.04   53.156  26.64   48.247  24.18   1.696   0.85 0.000000000000
218.500000 218.541667   46.990  23.55   51.799  25.96   42.940  21.52   2.474   1.24 0.000000000000
218.541667 218.583333   45.175  22.64   48.347  24.23   35.377  17.73   3.751   1.88 0.189188000000
218.583333 218.625000   31.646  15.86   32.305  16.19   30.708  15.39   0.539   0.27 0.000000000000
218.625000 218.666667   32.225  16.15   34.340  17.21   30.648  15.36   1.018   0.51 0.000000000000
218.666667 218.708333   32.065  16.07   34.539  17.31   28.533  14.30   1.596   0.80 0.000000000000
218.708333 218.750000   32.744  16.41   43.698  21.90   28.434  14.25   4.909   2.46 0.189188000000
218.750000 218.791667   36.734  18.41   47.369  23.74   31.786  15.93   4.649   2.33 0.189188000000
218.791667 218.833333   31.866  15.97   40.825  20.46   28.374  14.22   3.871   1.94 0.189000000000
218.833333 218.875000   37.393  18.74   40.825  20.46   35.298  17.69   1.736   0.87 0.189188000000
218.875000 218.916667   39.707  19.90   56.548  28.34   30.648  15.36   9.418   4.72 0.189000000000
218.916667 218.958333   30.668  15.37   32.265  16.17   28.773  14.42   0.958   0.48 0.189000000000
218.958333 219.000000   30.609  15.34   31.107  15.59   29.631  14.85   0.499   0.25 0.189000000000
219.000000 219.041667   31.646  15.86   34.260  17.17   30.090  15.08   1.237   0.62 0.189000000000
219.041667 219.083333   34.041  17.06   39.807  19.95   29.870  14.97   3.931   1.97 0.189188000000
219.083333 219.125000   46.491  23.30   63.691  31.92   35.796  17.94   9.857   4.94 0.189000000000
219.125000 219.166667   60.259  30.20   66.006  33.08   52.517  26.32   4.609   2.31 0.189000000000
219.166667 219.208333   59.341  29.74   68.301  34.23   54.174  27.15   4.629   2.32 0.189000000000
219.208333 219.250000   77.379  38.78   95.337  47.78   56.109  28.12  13.089   6.56 0.000000000000
219.250000 219.291667   90.848  45.53  105.294  52.77   81.210  40.70   8.600   4.31 0.000000000000
219.291667 219.333333   87.576  43.89  104.396  52.32   76.681  38.43   9.059   4.54 0.000000000000
219.333333 219.375000   74.845  37.51   76.282  38.23   73.528  36.85   0.778   0.39 0.000000000000
219.375000 219.416667   71.753  35.96   74.307  37.24   69.937  35.05   1.357   0.68 0.000000000000
219.416667 219.458333   77.818  39.00   83.485  41.84   72.192  36.18   3.232   1.62 0.000000000000
219.458333 219.500000   70.495  35.33   80.432  40.31   61.217  30.68   7.582   3.80 0.000000000000
219.500000 219.541667   61.556  30.85   67.702  33.93   47.210  23.66   6.505   3.26 0.000000000000
219.541667 219.583333   47.010  23.56   51.440  25.78   43.179  21.64   2.793   1.40 0.000000000000
219.583333 219.625000   56.269  28.20   68.321  34.24   49.425  24.77   7.443   3.73 0.000000000000
219.625000 219.666667   80.652  40.42   91.606  45.91   66.245  33.20   8.161   4.09 0.000000000000
219.666667 219.708333   91.247  45.73   95.717  47.97   88.054  44.13   1.816   0.91 0.000000000000
219.708333 219.750000   99.009  49.62  103.678  51.96   95.876  48.05   2.933   1.47 0.188189000000
219.750000 219.791667   69.837  35.00   90.728  45.47   62.215  31.18   7.343   3.68 0.188189000000
219.791667 219.833333   76.242  38.21   80.592  40.39   67.542  33.85   3.831   1.92 0.189188000000
219.833333 219.875000   70.615  35.39   79.494  39.84   64.370  32.26   4.330   2.17 0.189000000000
219.875000 219.916667   81.051  40.62   89.910  45.06   75.504  37.84   4.450   2.23 0.189000000000
219.916667 219.958333   62.295  31.22   74.686  37.43   51.081  25.60   6.385   3.20 0.189000000000
219.958333 220.000000   70.695  35.43   77.818  39.00   59.581  29.86   4.749   2.38 0.189000000000
220.000000 220.041667   75.504  37.84   78.736  39.46   72.291  36.23   2.115   1.06 0.000000000000
220.041667 220.083333   76.920  38.55   78.796  39.49   74.446  37.31   1.536   0.77 0.000000000000
220.083333 220.125000   74.346  37.26   78.018  39.10   71.852  36.01   1.776   0.89 0.000000000000
