ozone_datasets/Ebas_220113_1734/CA0006R.19960319000000.20191112093337.uv_abs.ozone.air.8y.1h.CA01L_kej_o3.CA01L_uv_abs.lev2.nas
48 1001
Shaw, Mike
CA01L, Environment Canada, EC/AES, Atmospheric Environmental Service, 4905 Dufferin Street, , M3H 5T4, "Downsview, Ontario", Canada
Shaw, Mike
GAW-WDCRG
1 1
1996 01 01 2019 11 12
0.041667
days from file reference point
4
1 1 1 1
9999.999999 9999.9 9999 9.999
end_time of measurement, days from the file reference point
ozone, ug/m3, Volume std. temperature=293.15 K, Volume std. pressure=1013.25 hPa, "Comment=Data imported from WDCGG -- Data converted on import into EBAS from 'nmol/mol' to 'ug/m3' at 293.15 K, 1013.25 hPa, conversion factor 1.995."
ozone, nmol/mol, "Comment=Data imported from WDCGG -- Data converted on import into EBAS from 'nmol/mol' to 'ug/m3' at 293.15 K, 1013.25 hPa, conversion factor 1.995. -- Data converted on export from EBAS from 'ug/m3' at 293.15 K, 1013.25 hPa to 'nmol/mol', conversion factor 0.50."
numflag, no unit
0
30
Data definition:              EBAS_1.1
Set type code:                TU
Timezone:                     UTC
File name:                    CA0006R.19960319000000.20191112093337.uv_abs.ozone.air.8y.1h.CA01L_kej_o3.CA01L_uv_abs.lev2.nas
File creation:                20220113163442476000
Export state:                 20220113163417943000
Export filter:                exclude-900,exclude-invalid
Startdate:                    19960319000000
Revision date:                20191112093337
Statistics:                   arithmetic mean
Data level:                   2
Period code:                  8y
Resolution code:              1h
Station code:                 CA0006R
Platform code:                CA0006S
Station name:                 Kejimkujik
Station latitude:             44.433611
Station longitude:            -65.205833
Station altitude:             127.0 m
Regime:                       IMG
Component:                    ozone
Matrix:                       air
Laboratory code:              CA01L
Instrument type:              uv_abs
Instrument name:              kej_o3
Method ref:                   CA01L_uv_abs
Originator:                   Shaw, Mike, , , , , , , , , 
Submitter:                    Shaw, Mike, , , , , , , , , 
Acknowledgement:              Request acknowledgement details from data originator
starttime endtime O3 O3 flag
[from data line 30477]
1347.875000 1347.916667   67.8   34 0.000
1347.916667 1347.958333   67.8   34 0.000
1347.958333 1348.000000   65.8   33 0.000
1348.000000 1348.041667   65.8   33 0.000
1348.041667 1348.083333   65.8   33 0.000
1348.083333 1348.125000   63.9   32 0.000
1348.125000 1348.166667   63.9   32 0.000
1348.166667 1348.208333   63.9   32 0.000
1348.208333 1348.250000   63.9   32 0.000
1348.250000 1348.291667   65.8   33 0.000
1348.291667 1348.333333   65.8   33 0.000
1348.333333 1348.375000   67.8   34 0.000
1348.375000 1348.416667   71.8   36 0.000
1348.416667 1348.458333   71.8   36 0.000
1348.458333 1348.500000   71.8   36 0.000
1348.500000 1348.541667   71.8   36 0.000
1348.541667 1348.583333 9999.9 9999 0.999
1348.583333 1348.625000   69.8   35 0.000
1348.625000 1348.666667   71.8   36 0.000
1348.666667 1348.708333   71.8   36 0.000
1348.708333 1348.750000   73.8   37 0.000
1348.750000 1348.791667   75.8   38 0.000
1348.791667 1348.833333   77.8   39 0.000
1348.833333 1348.875000   77.8   39 0.000
1348.875000 1348.916667   79.8   40 0.000
1348.916667 1348.958333   81.8   41 0.000
1348.958333 1349.000000   83.8   42 0.000
1349.000000 1349.041667   81.8   41 0.000
1349.041667 1349.083333   73.8   37 0.000
1349.083333 1349.125000   65.8   33 0.000
1349.125000 1349.166667   51.9   26 0.000
1349.166667 1349.208333   43.9   22 0.000
1349.208333 1349.250000   35.9   18 0.000
1349.250000 1349.291667   29.9   15 0.000
1349.291667 1349.333333   33.9   17 0.000
1349.333333 1349.375000 9999.9 9999 0.999
1349.375000 1349.416667 9999.9 9999 0.999
1349.416667 1349.458333   29.9   15 0.000
1349.458333 1349.500000   31.9   16 0.000
1349.500000 1349.541667   31.9   16 0.000
1349.541667 1349.583333   35.9   18 0.000
1349.583333 1349.625000   47.9   24 0.000
1349.625000 1349.666667   51.9   26 0.000
1349.666667 1349.708333   51.9   26 0.000
1349.708333 1349.750000   55.9   28 0.000
1349.750000 1349.791667   61.9   31 0.000
1349.791667 1349.833333   65.8   33 0.000
1349.833333 1349.875000   67.8   34 0.000
1349.875000 1349.916667   67.8   34 0.000
1349.916667 1349.958333   65.8   33 0.000
1349.958333 1350.000000   65.8   33 0.000
1350.000000 1350.041667   65.8   33 0.000
1350.041667 1350.083333   63.9   32 0.000
1350.083333 1350.125000   63.9   32 0.000
1350.125000 1350.166667   65.8   33 0.000
1350.166667 1350.208333   63.9   32 0.000
1350.208333 1350.250000   61.9   31 0.000
1350.250000 1350.291667   57.9   29 0.000
1350.291667 1350.333333   57.9   29 0.000
1350.333333 1350.375000   55.9   28 0.000
1350.375000 1350.416667   55.9   28 0.000
1350.416667 1350.458333   55.9   28 0.000
1350.458333 1350.500000   57.9   29 0.000
1350.500000 1350.541667   57.9   29 0.000
1350.541667 1350.583333   55.9   28 0.000
1350.583333 1350.625000   55.9   28 0.000
1350.625000 1350.666667   59.9   30 0.000
1350.666667 1350.708333   67.8   34 0.000
1350.708333 1350.750000   67.8   34 0.000
1350.750000 1350.791667   67.8   34 0.000
1350.791667 1350.833333   67.8   34 0.000
1350.833333 1350.875000   67.8   34 0.000
1350.875000 1350.916667   65.8   33 0.000
1350.916667 1350.958333   65.8   33 0.000
1350.958333 1351.000000   65.8   33 0.000
1351.000000 1351.041667   67.8   34 0.000
1351.041667 1351.083333   67.8   34 0.000
1351.083333 1351.125000   67.8   34 0.000
1351.125000 1351.166667   67.8   34 0.000
1351.166667 1351.208333   69.8   35 0.000
1351.208333 1351.250000   79.8   40 0.000
1351.250000 1351.291667   67.8   34 0.000
1351.291667 1351.333333   55.9   28 0.000
1351.333333 1351.375000   55.9   28 0.000
1351.375000 1351.416667   61.9   31 0.000
1351.416667 1351.458333   65.8   33 0.000
1351.458333 1351.500000   67.8   34 0.000
1351.500000 1351.541667   67.8   34 0.000
1351.541667 1351.583333   67.8   34 0.000
1351.583333 1351.625000   67.8   34 0.000
1351.625000 1351.666667   67.8   34 0.000
1351.666667 1351.708333   69.8   35 0.000
1351.708333 1351.750000   69.8   35 0.000
1351.750000 1351.791667   69.8   35 0.000
1351.791667 1351.833333   71.8   36 0.000
1351.833333 1351.875000   73.8   37 0.000
1351.875000 1351.916667   71.8   36 0.000
1351.916667 1351.958333   71.8   36 0.000
1351.958333 1352.000000   69.8   35 0.000
1352.000000 1352.041667   65.8   33 0.000
1352.041667 1352.083333   63.9   32 0.000
1352.083333 1352.125000   63.9   32 0.000
1352.125000 1352.166667   63.9   32 0.000
1352.166667 1352.208333   65.8   33 0.000
1352.208333 1352.250000   63.9   32 0.000
1352.250000 1352.291667   65.8   33 0.000
1352.291667 1352.333333   61.9   31 0.000
1352.333333 1352.375000   55.9   28 0.000
1352.375000 1352.416667   55.9   28 0.000
1352.416667 1352.458333   51.9   26 0.000
1352.458333 1352.500000   51.9   26 0.000
1352.500000 1352.541667   51.9   26 0.000
1352.541667 1352.583333   55.9   28 0.000
1352.583333 1352.625000   57.9   29 0.000
1352.625000 1352.666667   63.9   32 0.000
1352.666667 1352.708333   69.8   35 0.000
1352.708333 1352.750000   73.8   37 0.000
1352.750000 1352.791667   75.8   38 0.000
1352.791667 1352.833333   75.8   38 0.000
1352.833333 1352.875000   75.8   38 0.000
1352.875000 1352.916667   73.8   37 0.000
1352.916667 1352.958333   71.8   36 0.000
1352.958333 1353.000000   73.8   37 0.000
1353.000000 1353.041667   73.8   37 0.000
1353.041667 1353.083333   69.8   35 0.000
1353.083333 1353.125000   65.8   33 0.000
1353.125000 1353.166667   65.8   33 0.000
1353.166667 1353.208333   67.8   34 0.000
1353.208333 1353.250000   63.9   32 0.000
1353.250000 1353.291667   57.9   29 0.000
1353.291667 1353.333333   51.9   26 0.000
1353.333333 1353.375000   53.9   27 0.000
1353.375000 1353.416667   55.9   28 0.000
1353.416667 1353.458333   61.9   31 0.000
1353.458333 1353.500000   61.9   31 0.000
1353.500000 1353.541667   61.9   31 0.000
1353.541667 1353.583333   61.9   31 0.000
1353.583333 1353.625000   59.9   30 0.000
1353.625000 1353.666667   63.9   32 0.000
1353.666667 1353.708333   71.8   36 0.000
1353.708333 1353.750000   73.8   37 0.000
1353.750000 1353.791667   77.8   39 0.000
1353.791667 1353.833333   79.8   40 0.000
1353.833333 1353.875000   79.8   40 0.000
1353.875000 1353.916667   81.8   41 0.000
1353.916667 1353.958333   85.8   43 0.000
1353.958333 1354.000000   87.8   44 0.000
1354.000000 1354.041667   91.8   46 0.000
1354.041667 1354.083333   91.8   46 0.000
1354.083333 1354.125000   91.8   46 0.000
1354.125000 1354.166667   89.8   45 0.000
1354.166667 1354.208333   83.8   42 0.000
1354.208333 1354.250000   77.8   39 0.000
1354.250000 1354.291667   69.8   35 0.000
1354.291667 1354.333333   65.8   33 0.000
1354.333333 1354.375000   61.9   31 0.000
1354.375000 1354.416667   59.9   30 0.000
1354.416667 1354.458333   51.9   26 0.000
1354.458333 1354.500000   51.9   26 0.000
1354.500000 1354.541667   57.9   29 0.000
1354.541667 1354.583333   57.9   29 0.000
1354.583333 1354.625000   57.9   29 0.000
1354.625000 1354.666667   61.9   31 0.000
1354.666667 1354.708333   65.8   33 0.000
1354.708333 1354.750000   65.8   33 0.000
1354.750000 1354.791667   65.8   33 0.000
1354.791667 1354.833333   67.8   34 0.000
1354.833333 1354.875000   67.8   34 0.000
1354.875000 1354.916667   65.8   33 0.000
1354.916667 1354.958333   63.9   32 0.000
1354.958333 1355.000000   71.8   36 0.000
1355.000000 1355.041667   73.8   37 0.000
1355.041667 1355.083333   73.8   37 0.000
1355.083333 1355.125000   75.8   38 0.000
1355.125000 1355.166667   75.8   38 0.000
1355.166667 1355.208333   77.8   39 0.000
1355.208333 1355.250000   77.8   39 0.000
1355.250000 1355.291667   75.8   38 0.000
1355.291667 1355.333333   69.8   35 0.000
1355.333333 1355.375000   65.8   33 0.000
1355.375000 1355.416667   63.9   32 0.000
1355.416667 1355.458333   61.9   31 0.000
1355.458333 1355.500000   57.9   29 0.000
1355.500000 1355.541667   59.9   30 0.000
1355.541667 1355.583333 9999.9 9999 0.999
1355.583333 1355.625000   61.9   31 0.000
1355.625000 1355.666667   67.8   34 0.000
1355.666667 1355.708333   69.8   35 0.000
1355.708333 1355.750000   71.8   36 0.000
1355.750000 1355.791667   71.8   36 0.000
1355.791667 1355.833333   73.8   37 0.000
1355.833333 1355.875000   73.8   37 0.000
1355.875000 1355.916667   71.8   36 0.000
1355.916667 1355.958333   69.8   35 0.000
1355.958333 1356.000000   69.8   35 0.000
1356.000000 1356.041667   69.8   35 0.000
1356.041667 1356.083333   71.8   36 0.000
1356.083333 1356.125000   73.8   37 0.000
1356.125000 1356.166667   73.8   37 0.000
1356.166667 1356.208333   75.8   38 0.000
1356.208333 1356.250000   75.8   38 0.000
1356.250000 1356.291667   57.9   29 0.000
1356.291667 1356.333333   53.9   27 0.000
1356.333333 1356.375000 9999.9 9999 0.999
1356.375000 1356.416667 9999.9 9999 0.999
1356.416667 1356.458333   63.9   32 0.000
1356.458333 1356.500000   65.8   33 0.000
1356.500000 1356.541667   69.8   35 0.000
1356.541667 1356.583333   65.8   33 0.000
1356.583333 1356.625000   63.9   32 0.000
1356.625000 1356.666667   69.8   35 0.000
1356.666667 1356.708333   75.8   38 0.000
1356.708333 1356.750000   75.8   38 0.000
1356.750000 1356.791667   75.8   38 0.000
1356.791667 1356.833333   75.8   38 0.000
1356.833333 1356.875000   75.8   38 0.000
1356.875000 1356.916667   75.8   38 0.000
1356.916667 1356.958333   75.8   38 0.000
1356.958333 1357.000000   73.8   37 0.000
1357.000000 1357.041667   71.8   36 0.000
1357.041667 1357.083333   69.8   35 0.000
1357.083333 1357.125000   67.8   34 0.000
1357.125000 1357.166667   67.8   34 0.000
1357.166667 1357.208333   69.8   35 0.000
1357.208333 1357.250000   69.8   35 0.000
1357.250000 1357.291667   69.8   35 0.000
1357.291667 1357.333333   65.8   33 0.000
1357.333333 1357.375000   61.9   31 0.000
1357.375000 1357.416667   61.9   31 0.000
1357.416667 1357.458333   57.9   29 0.000
1357.458333 1357.500000   59.9   30 0.000
1357.500000 1357.541667   57.9   29 0.000
1357.541667 1357.583333   53.9   27 0.000
1357.583333 1357.625000   59.9   30 0.000
1357.625000 1357.666667   69.8   35 0.000
1357.666667 1357.708333   71.8   36 0.000
1357.708333 1357.750000   73.8   37 0.000
1357.750000 1357.791667   77.8   39 0.000
1357.791667 1357.833333   79.8   40 0.000
1357.833333 1357.875000   79.8   40 0.000
1357.875000 1357.916667   79.8   40 0.000
1357.916667 1357.958333   77.8   39 0.000
1357.958333 1358.000000   75.8   38 0.000
1358.000000 1358.041667   71.8   36 0.000
1358.041667 1358.083333   75.8   38 0.000
1358.083333 1358.125000   73.8   37 0.000
1358.125000 1358.166667   71.8   36 0.000
1358.166667 1358.208333   71.8   36 0.000
1358.208333 1358.250000   71.8   36 0.000
1358.250000 1358.291667   71.8   36 0.000
1358.291667 1358.333333   71.8   36 0.000
1358.333333 1358.375000   73.8   37 0.000
1358.375000 1358.416667   73.8   37 0.000
1358.416667 1358.458333   75.8   38 0.000
1358.458333 1358.500000   71.8   36 0.000
1358.500000 1358.541667   69.8   35 0.000
1358.541667 1358.583333   69.8   35 0.000
1358.583333 1358.625000   69.8   35 0.000
1358.625000 1358.666667   69.8   35 0.000
1358.666667 1358.708333   69.8   35 0.000
1358.708333 1358.750000   71.8   36 0.000
1358.750000 1358.791667   71.8   36 0.000
1358.791667 1358.833333   71.8   36 0.000
1358.833333 1358.875000   69.8   35 0.000
1358.875000 1358.916667   71.8   36 0.000
1358.916667 1358.958333   73.8   37 0.000
1358.958333 1359.000000   71.8   36 0.000
1359.000000 1359.041667   69.8   35 0.000
1359.041667 1359.083333   67.8   34 0.000
1359.083333 1359.125000   67.8   34 0.000
1359.125000 1359.166667   69.8   35 0.000
1359.166667 1359.208333   69.8   35 0.000
1359.208333 1359.250000   67.8   34 0.000
1359.250000 1359.291667   67.8   34 0.000
1359.291667 1359.333333   67.8   34 0.000
1359.333333 1359.375000   67.8   34 0.000
1359.375000 1359.416667   65.8   33 0.000
1359.416667 1359.458333   65.8   33 0.000
1359.458333 1359.500000   63.9   32 0.000
1359.500000 1359.541667   63.9   32 0.000
1359.541667 1359.583333   65.8   33 0.000
1359.583333 1359.625000   63.9   32 0.000
1359.625000 1359.666667   63.9   32 0.000
1359.666667 1359.708333   67.8   34 0.000
1359.708333 1359.750000   73.8   37 0.000
1359.750000 1359.791667   75.8   38 0.000
1359.791667 1359.833333   75.8   38 0.000
1359.833333 1359.875000   73.8   37 0.000
1359.875000 1359.916667   71.8   36 0.000
1359.916667 1359.958333   69.8   35 0.000
1359.958333 1360.000000   67.8   34 0.000
1360.000000 1360.041667   65.8   33 0.000
1360.041667 1360.083333   67.8   34 0.000
1360.083333 1360.125000   67.8   34 0.000
1360.125000 1360.166667   67.8   34 0.000
1360.166667 1360.208333   63.9   32 0.000
1360.208333 1360.250000   69.8   35 0.000
1360.250000 1360.291667   67.8   34 0.000
1360.291667 1360.333333   75.8   38 0.000
1360.333333 1360.375000   73.8   37 0.000
1360.375000 1360.416667   67.8   34 0.000
1360.416667 1360.458333   67.8   34 0.000
1360.458333 1360.500000   75.8   38 0.000
1360.500000 1360.541667   75.8   38 0.000
1360.541667 1360.583333   77.8   39 0.000
1360.583333 1360.625000   79.8   40 0.000
1360.625000 1360.666667   79.8   40 0.000
1360.666667 1360.708333   79.8   40 0.000
1360.708333 1360.750000   79.8   40 0.000
1360.750000 1360.791667   79.8   40 0.000
1360.791667 1360.833333   79.8   40 0.000
1360.833333 1360.875000   81.8   41 0.000
1360.875000 1360.916667   81.8   41 0.000
1360.916667 1360.958333   79.8   40 0.000
1360.958333 1361.000000   77.8   39 0.000
1361.000000 1361.041667   75.8   38 0.000
1361.041667 1361.083333   75.8   38 0.000
1361.083333 1361.125000   77.8   39 0.000
1361.125000 1361.166667   75.8   38 0.000
1361.166667 1361.208333   75.8   38 0.000
1361.208333 1361.250000   75.8   38 0.000
1361.250000 1361.291667   77.8   39 0.000
1361.291667 1361.333333   73.8   37 0.000
1361.333333 1361.375000   71.8   36 0.000
1361.375000 1361.416667   75.8   38 0.000
1361.416667 1361.458333   75.8   38 0.000
1361.458333 1361.500000   77.8   39 0.000
1361.500000 1361.541667   75.8   38 0.000
1361.541667 1361.583333   57.9   29 0.000
1361.583333 1361.625000   63.9   32 0.000
1361.625000 1361.666667   73.8   37 0.000
1361.666667 1361.708333   75.8   38 0.000
1361.708333 1361.750000   79.8   40 0.000
1361.750000 1361.791667   81.8   41 0.000
1361.791667 1361.833333   81.8   41 0.000
1361.833333 1361.875000   81.8   41 0.000
1361.875000 1361.916667   81.8   41 0.000
1361.916667 1361.958333   79.8   40 0.000
1361.958333 1362.000000   79.8   40 0.000
1362.000000 1362.041667   81.8   41 0.000
1362.041667 1362.083333   81.8   41 0.000
1362.083333 1362.125000   77.8   39 0.000
1362.125000 1362.166667   75.8   38 0.000
1362.166667 1362.208333   73.8   37 0.000
1362.208333 1362.250000   73.8   37 0.000
1362.250000 1362.291667   75.8   38 0.000
1362.291667 1362.333333   75.8   38 0.000
1362.333333 1362.375000   75.8   38 0.000
1362.375000 1362.416667   77.8   39 0.000
1362.416667 1362.458333   75.8   38 0.000
1362.458333 1362.500000   73.8   37 0.000
1362.500000 1362.541667   73.8   37 0.000
1362.541667 1362.583333 9999.9 9999 0.999
1362.583333 1362.625000   73.8   37 0.000
1362.625000 1362.666667   77.8   39 0.000
1362.666667 1362.708333   85.8   43 0.000
1362.708333 1362.750000   91.8   46 0.000
1362.750000 1362.791667   93.8   47 0.000
1362.791667 1362.833333   93.8   47 0.000
1362.833333 1362.875000   93.8   47 0.000
1362.875000 1362.916667   91.8   46 0.000
1362.916667 1362.958333   89.8   45 0.000
1362.958333 1363.000000   87.8   44 0.000
1363.000000 1363.041667   85.8   43 0.000
1363.041667 1363.083333   83.8   42 0.000
1363.083333 1363.125000   83.8   42 0.000
1363.125000 1363.166667   83.8   42 0.000
1363.166667 1363.208333   81.8   41 0.000
1363.208333 1363.250000   79.8   40 0.000
1363.250000 1363.291667   79.8   40 0.000
1363.291667 1363.333333   73.8   37 0.000
1363.333333 1363.375000 9999.9 9999 0.999
1363.375000 1363.416667 9999.9 9999 0.999
1363.416667 1363.458333   55.9   28 0.000
1363.458333 1363.500000   47.9   24 0.000
1363.500000 1363.541667   39.9   20 0.000
1363.541667 1363.583333   39.9   20 0.000
1363.583333 1363.625000   47.9   24 0.000
1363.625000 1363.666667   65.8   33 0.000
1363.666667 1363.708333   75.8   38 0.000
