ozone_datasets/Ebas_220113_1734/CA0006R.19960319000000.20191112093337.uv_abs.ozone.air.8y.1h.CA01L_kej_o3.CA01L_uv_abs.lev2.nas
48 1001
Shaw, Mike
CA01L, Environment Canada, EC/AES, Atmospheric Environmental Service, 4905 Dufferin Street, , M3H 5T4, "Downsview, Ontario", Canada
Shaw, Mike
GAW-WDCRG
1 1
1996 01 01 2019 11 12
0.041667
days from file reference point
4
1 1 1 1
9999.999999 9999.9 9999 9.999
end_time of measurement, days from the file reference point
ozone, ug/m3, Volume std. temperature=293.15 K, Volume std. pressure=1013.25 hPa, "Comment=Data imported from WDCGG -- Data converted on import into EBAS from 'nmol/mol' to 'ug/m3' at 293.15 K, 1013.25 hPa, conversion factor 1.995."
ozone, nmol/mol, "Comment=Data imported from WDCGG -- Data converted on import into EBAS from 'nmol/mol' to 'ug/m3' at 293.15 K, 1013.25 hPa, conversion factor 1.995. -- Data converted on export from EBAS from 'ug/m3' at 293.15 K, 1013.25 hPa to 'nmol/mol', conversion factor 0.50."
numflag, no unit
0
30
Data definition:              EBAS_1.1
Set type code:                TU
Timezone:                     UTC
File name:                    CA0006R.19960319000000.20191112093337.uv_abs.ozone.air.8y.1h.CA01L_kej_o3.CA01L_uv_abs.lev2.nas
File creation:                20220113163442476000
Export state:                 20220113163417943000
Export filter:                exclude-900,exclude-invalid
Startdate:                    19960319000000
Revision date:                20191112093337
Statistics:                   arithmetic mean
Data level:                   2
Period code:                  8y
Resolution code:              1h
Station code:                 CA0006R
Platform code:                CA0006S
Station name:                 Kejimkujik
Station latitude:             44.433611
Station longitude:            -65.205833
Station altitude:             127.0 m
Regime:                       IMG
Component:                    ozone
Matrix:                       air
Laboratory code:              CA01L
Instrument type:              uv_abs
Instrument name:              kej_o3
Method ref:                   CA01L_uv_abs
Originator:                   Shaw, Mike, , , , , , , , , 
Submitter:                    Shaw, Mike, , , , , , , , , 
Acknowledgement:              Request acknowledgement details from data originator
starttime endtime O3 O3 flag
[from data line 45334]
1966.916667 1966.958333   69.8   35 0.000
1966.958333 1967.000000   69.8   35 0.000
1967.000000 1967.041667   69.8   35 0.000
1967.041667 1967.083333   67.8   34 0.000
1967.083333 1967.125000   63.9   32 0.000
1967.125000 1967.166667   59.9   30 0.000
1967.166667 1967.208333   55.9   28 0.000
1967.208333 1967.250000   53.9   27 0.000
1967.250000 1967.291667   53.9   27 0.000
1967.291667 1967.333333   49.9   25 0.000
1967.333333 1967.375000 9999.9 9999 0.999
1967.375000 1967.416667 9999.9 9999 0.999
1967.416667 1967.458333   41.9   21 0.000
1967.458333 1967.500000   43.9   22 0.000
1967.500000 1967.541667   43.9   22 0.000
1967.541667 1967.583333   49.9   25 0.000
1967.583333 1967.625000   57.9   29 0.000
1967.625000 1967.666667   71.8   36 0.000
1967.666667 1967.708333   77.8   39 0.000
1967.708333 1967.750000   83.8   42 0.000
1967.750000 1967.791667   83.8   42 0.000
1967.791667 1967.833333   83.8   42 0.000
1967.833333 1967.875000   85.8   43 0.000
1967.875000 1967.916667   87.8   44 0.000
1967.916667 1967.958333   83.8   42 0.000
1967.958333 1968.000000   81.8   41 0.000
1968.000000 1968.041667   77.8   39 0.000
1968.041667 1968.083333   77.8   39 0.000
1968.083333 1968.125000   67.8   34 0.000
1968.125000 1968.166667   65.8   33 0.000
1968.166667 1968.208333   55.9   28 0.000
1968.208333 1968.250000   41.9   21 0.000
1968.250000 1968.291667   37.9   19 0.000
1968.291667 1968.333333   35.9   18 0.000
1968.333333 1968.375000   29.9   15 0.000
1968.375000 1968.416667   21.9   11 0.000
1968.416667 1968.458333   18.0    9 0.000
1968.458333 1968.500000   18.0    9 0.000
1968.500000 1968.541667   14.0    7 0.000
1968.541667 1968.583333   31.9   16 0.000
1968.583333 1968.625000   37.9   19 0.000
1968.625000 1968.666667   59.9   30 0.000
1968.666667 1968.708333   73.8   37 0.000
1968.708333 1968.750000   83.8   42 0.000
1968.750000 1968.791667   87.8   44 0.000
1968.791667 1968.833333   93.8   47 0.000
1968.833333 1968.875000  103.8   52 0.000
1968.875000 1968.916667  101.8   51 0.000
1968.916667 1968.958333  101.8   51 0.000
1968.958333 1969.000000   93.8   47 0.000
1969.000000 1969.041667   89.8   45 0.000
1969.041667 1969.083333   87.8   44 0.000
1969.083333 1969.125000   91.8   46 0.000
1969.125000 1969.166667   97.8   49 0.000
1969.166667 1969.208333  117.7   59 0.000
1969.208333 1969.250000  127.7   64 0.000
1969.250000 1969.291667  121.7   61 0.000
1969.291667 1969.333333  115.7   58 0.000
1969.333333 1969.375000  109.7   55 0.000
1969.375000 1969.416667  107.7   54 0.000
1969.416667 1969.458333   93.8   47 0.000
1969.458333 1969.500000   85.8   43 0.000
1969.500000 1969.541667   69.8   35 0.000
1969.541667 1969.583333   65.8   33 0.000
1969.583333 1969.625000   61.9   31 0.000
1969.625000 1969.666667   65.8   33 0.000
1969.666667 1969.708333   71.8   36 0.000
1969.708333 1969.750000   73.8   37 0.000
1969.750000 1969.791667   73.8   37 0.000
1969.791667 1969.833333   73.8   37 0.000
1969.833333 1969.875000   73.8   37 0.000
1969.875000 1969.916667   71.8   36 0.000
1969.916667 1969.958333   61.9   31 0.000
1969.958333 1970.000000   57.9   29 0.000
1970.000000 1970.041667   47.9   24 0.000
1970.041667 1970.083333   43.9   22 0.000
1970.083333 1970.125000   49.9   25 0.000
1970.125000 1970.166667   51.9   26 0.000
1970.166667 1970.208333   47.9   24 0.000
1970.208333 1970.250000   45.9   23 0.000
1970.250000 1970.291667   43.9   22 0.000
1970.291667 1970.333333   41.9   21 0.000
1970.333333 1970.375000   37.9   19 0.000
1970.375000 1970.416667   41.9   21 0.000
1970.416667 1970.458333   49.9   25 0.000
1970.458333 1970.500000   41.9   21 0.000
1970.500000 1970.541667 9999.9 9999 0.999
1970.541667 1970.583333   35.9   18 0.000
1970.583333 1970.625000   43.9   22 0.000
1970.625000 1970.666667   47.9   24 0.000
1970.666667 1970.708333   53.9   27 0.000
1970.708333 1970.750000   65.8   33 0.000
1970.750000 1970.791667   63.9   32 0.000
1970.791667 1970.833333   63.9   32 0.000
1970.833333 1970.875000   61.9   31 0.000
1970.875000 1970.916667   63.9   32 0.000
1970.916667 1970.958333   55.9   28 0.000
1970.958333 1971.000000   53.9   27 0.000
1971.000000 1971.041667   51.9   26 0.000
1971.041667 1971.083333   51.9   26 0.000
1971.083333 1971.125000   53.9   27 0.000
1971.125000 1971.166667   55.9   28 0.000
1971.166667 1971.208333   55.9   28 0.000
1971.208333 1971.250000   59.9   30 0.000
1971.250000 1971.291667   61.9   31 0.000
1971.291667 1971.333333   61.9   31 0.000
1971.333333 1971.375000   61.9   31 0.000
1971.375000 1971.416667   63.9   32 0.000
1971.416667 1971.458333   59.9   30 0.000
1971.458333 1971.500000   59.9   30 0.000
1971.500000 1971.541667   59.9   30 0.000
1971.541667 1971.583333   59.9   30 0.000
1971.583333 1971.625000   59.9   30 0.000
1971.625000 1971.666667   57.9   29 0.000
1971.666667 1971.708333   59.9   30 0.000
1971.708333 1971.750000   63.9   32 0.000
1971.750000 1971.791667   55.9   28 0.000
1971.791667 1971.833333   55.9   28 0.000
1971.833333 1971.875000   51.9   26 0.000
1971.875000 1971.916667   47.9   24 0.000
1971.916667 1971.958333   49.9   25 0.000
1971.958333 1972.000000   47.9   24 0.000
1972.000000 1972.041667   45.9   23 0.000
1972.041667 1972.083333   49.9   25 0.000
1972.083333 1972.125000   51.9   26 0.000
1972.125000 1972.166667   47.9   24 0.000
1972.166667 1972.208333   49.9   25 0.000
1972.208333 1972.250000   47.9   24 0.000
1972.250000 1972.291667   43.9   22 0.000
1972.291667 1972.333333   45.9   23 0.000
1972.333333 1972.375000   45.9   23 0.000
1972.375000 1972.416667   43.9   22 0.000
1972.416667 1972.458333   39.9   20 0.000
1972.458333 1972.500000   39.9   20 0.000
1972.500000 1972.541667   39.9   20 0.000
1972.541667 1972.583333   35.9   18 0.000
1972.583333 1972.625000   37.9   19 0.000
1972.625000 1972.666667   43.9   22 0.000
1972.666667 1972.708333   45.9   23 0.000
1972.708333 1972.750000   47.9   24 0.000
1972.750000 1972.791667   43.9   22 0.000
1972.791667 1972.833333   45.9   23 0.000
1972.833333 1972.875000   43.9   22 0.000
1972.875000 1972.916667   37.9   19 0.000
1972.916667 1972.958333   33.9   17 0.000
1972.958333 1973.000000   31.9   16 0.000
1973.000000 1973.041667   33.9   17 0.000
1973.041667 1973.083333   33.9   17 0.000
1973.083333 1973.125000   41.9   21 0.000
1973.125000 1973.166667   43.9   22 0.000
1973.166667 1973.208333   63.9   32 0.000
1973.208333 1973.250000   63.9   32 0.000
1973.250000 1973.291667   61.9   31 0.000
1973.291667 1973.333333   55.9   28 0.000
1973.333333 1973.375000   51.9   26 0.000
1973.375000 1973.416667   51.9   26 0.000
1973.416667 1973.458333   51.9   26 0.000
1973.458333 1973.500000   53.9   27 0.000
1973.500000 1973.541667   51.9   26 0.000
1973.541667 1973.583333   47.9   24 0.000
1973.583333 1973.625000   47.9   24 0.000
1973.625000 1973.666667   51.9   26 0.000
1973.666667 1973.708333   57.9   29 0.000
1973.708333 1973.750000   61.9   31 0.000
1973.750000 1973.791667   67.8   34 0.000
1973.791667 1973.833333   75.8   38 0.000
1973.833333 1973.875000   79.8   40 0.000
1973.875000 1973.916667   77.8   39 0.000
1973.916667 1973.958333   75.8   38 0.000
1973.958333 1974.000000   73.8   37 0.000
1974.000000 1974.041667   69.8   35 0.000
1974.041667 1974.083333   63.9   32 0.000
1974.083333 1974.125000   59.9   30 0.000
1974.125000 1974.166667   55.9   28 0.000
1974.166667 1974.208333   57.9   29 0.000
1974.208333 1974.250000   51.9   26 0.000
1974.250000 1974.291667   47.9   24 0.000
1974.291667 1974.333333   43.9   22 0.000
1974.333333 1974.375000 9999.9 9999 0.999
1974.375000 1974.416667 9999.9 9999 0.999
1974.416667 1974.458333   29.9   15 0.000
1974.458333 1974.500000   25.9   13 0.000
1974.500000 1974.541667   16.0    8 0.000
1974.541667 1974.583333   20.0   10 0.000
1974.583333 1974.625000   27.9   14 0.000
1974.625000 1974.666667   35.9   18 0.000
1974.666667 1974.708333   51.9   26 0.000
1974.708333 1974.750000   51.9   26 0.000
1974.750000 1974.791667   49.9   25 0.000
1974.791667 1974.833333   53.9   27 0.000
1974.833333 1974.875000   51.9   26 0.000
1974.875000 1974.916667   47.9   24 0.000
1974.916667 1974.958333   41.9   21 0.000
1974.958333 1975.000000   41.9   21 0.000
1975.000000 1975.041667   31.9   16 0.000
1975.041667 1975.083333   35.9   18 0.000
1975.083333 1975.125000   31.9   16 0.000
1975.125000 1975.166667   29.9   15 0.000
1975.166667 1975.208333   27.9   14 0.000
1975.208333 1975.250000   25.9   13 0.000
1975.250000 1975.291667   31.9   16 0.000
1975.291667 1975.333333   21.9   11 0.000
1975.333333 1975.375000   23.9   12 0.000
1975.375000 1975.416667   20.0   10 0.000
1975.416667 1975.458333   18.0    9 0.000
1975.458333 1975.500000   16.0    8 0.000
1975.500000 1975.541667   20.0   10 0.000
1975.541667 1975.583333   18.0    9 0.000
1975.583333 1975.625000   25.9   13 0.000
1975.625000 1975.666667   29.9   15 0.000
1975.666667 1975.708333   35.9   18 0.000
1975.708333 1975.750000   37.9   19 0.000
1975.750000 1975.791667   39.9   20 0.000
1975.791667 1975.833333   37.9   19 0.000
1975.833333 1975.875000   37.9   19 0.000
1975.875000 1975.916667   39.9   20 0.000
1975.916667 1975.958333   39.9   20 0.000
1975.958333 1976.000000   35.9   18 0.000
1976.000000 1976.041667   37.9   19 0.000
1976.041667 1976.083333   37.9   19 0.000
1976.083333 1976.125000   35.9   18 0.000
1976.125000 1976.166667   39.9   20 0.000
1976.166667 1976.208333   39.9   20 0.000
1976.208333 1976.250000   29.9   15 0.000
1976.250000 1976.291667   29.9   15 0.000
1976.291667 1976.333333   31.9   16 0.000
1976.333333 1976.375000   27.9   14 0.000
1976.375000 1976.416667   35.9   18 0.000
1976.416667 1976.458333   35.9   18 0.000
1976.458333 1976.500000   35.9   18 0.000
1976.500000 1976.541667   29.9   15 0.000
1976.541667 1976.583333   35.9   18 0.000
1976.583333 1976.625000   37.9   19 0.000
1976.625000 1976.666667   41.9   21 0.000
1976.666667 1976.708333   47.9   24 0.000
1976.708333 1976.750000   45.9   23 0.000
1976.750000 1976.791667   49.9   25 0.000
1976.791667 1976.833333   55.9   28 0.000
1976.833333 1976.875000   57.9   29 0.000
1976.875000 1976.916667   57.9   29 0.000
1976.916667 1976.958333   55.9   28 0.000
1976.958333 1977.000000   53.9   27 0.000
1977.000000 1977.041667   45.9   23 0.000
1977.041667 1977.083333   45.9   23 0.000
1977.083333 1977.125000   43.9   22 0.000
1977.125000 1977.166667   45.9   23 0.000
1977.166667 1977.208333   47.9   24 0.000
1977.208333 1977.250000   51.9   26 0.000
1977.250000 1977.291667   49.9   25 0.000
1977.291667 1977.333333   47.9   24 0.000
1977.333333 1977.375000   45.9   23 0.000
1977.375000 1977.416667   47.9   24 0.000
1977.416667 1977.458333   45.9   23 0.000
1977.458333 1977.500000   43.9   22 0.000
1977.500000 1977.541667   43.9   22 0.000
1977.541667 1977.583333 9999.9 9999 0.999
1977.583333 1977.625000   47.9   24 0.000
1977.625000 1977.666667   53.9   27 0.000
1977.666667 1977.708333   55.9   28 0.000
1977.708333 1977.750000   57.9   29 0.000
1977.750000 1977.791667   57.9   29 0.000
1977.791667 1977.833333   55.9   28 0.000
1977.833333 1977.875000   55.9   28 0.000
1977.875000 1977.916667   53.9   27 0.000
1977.916667 1977.958333   53.9   27 0.000
1977.958333 1978.000000   51.9   26 0.000
1978.000000 1978.041667   53.9   27 0.000
1978.041667 1978.083333   53.9   27 0.000
1978.083333 1978.125000   55.9   28 0.000
1978.125000 1978.166667   55.9   28 0.000
1978.166667 1978.208333   55.9   28 0.000
1978.208333 1978.250000   53.9   27 0.000
1978.250000 1978.291667   53.9   27 0.000
1978.291667 1978.333333   55.9   28 0.000
1978.333333 1978.375000   55.9   28 0.000
1978.375000 1978.416667   53.9   27 0.000
1978.416667 1978.458333   49.9   25 0.000
1978.458333 1978.500000   41.9   21 0.000
1978.500000 1978.541667   47.9   24 0.000
1978.541667 1978.583333   49.9   25 0.000
1978.583333 1978.625000   53.9   27 0.000
1978.625000 1978.666667   59.9   30 0.000
1978.666667 1978.708333   61.9   31 0.000
1978.708333 1978.750000   65.8   33 0.000
1978.750000 1978.791667   63.9   32 0.000
1978.791667 1978.833333   63.9   32 0.000
1978.833333 1978.875000   61.9   31 0.000
1978.875000 1978.916667   59.9   30 0.000
1978.916667 1978.958333   57.9   29 0.000
1978.958333 1979.000000   55.9   28 0.000
1979.000000 1979.041667   55.9   28 0.000
1979.041667 1979.083333   53.9   27 0.000
1979.083333 1979.125000   53.9   27 0.000
1979.125000 1979.166667   49.9   25 0.000
1979.166667 1979.208333   49.9   25 0.000
1979.208333 1979.250000   45.9   23 0.000
1979.250000 1979.291667   41.9   21 0.000
1979.291667 1979.333333   41.9   21 0.000
1979.333333 1979.375000   39.9   20 0.000
1979.375000 1979.416667   41.9   21 0.000
1979.416667 1979.458333   47.9   24 0.000
1979.458333 1979.500000   53.9   27 0.000
1979.500000 1979.541667   55.9   28 0.000
1979.541667 1979.583333   57.9   29 0.000
1979.583333 1979.625000   59.9   30 0.000
1979.625000 1979.666667   55.9   28 0.000
1979.666667 1979.708333   55.9   28 0.000
1979.708333 1979.750000   59.9   30 0.000
1979.750000 1979.791667   63.9   32 0.000
1979.791667 1979.833333   63.9   32 0.000
1979.833333 1979.875000   59.9   30 0.000
1979.875000 1979.916667   49.9   25 0.000
1979.916667 1979.958333   41.9   21 0.000
1979.958333 1980.000000   39.9   20 0.000
1980.000000 1980.041667   41.9   21 0.000
1980.041667 1980.083333   51.9   26 0.000
1980.083333 1980.125000   53.9   27 0.000
1980.125000 1980.166667   53.9   27 0.000
1980.166667 1980.208333   53.9   27 0.000
1980.208333 1980.250000   57.9   29 0.000
1980.250000 1980.291667   55.9   28 0.000
1980.291667 1980.333333   55.9   28 0.000
1980.333333 1980.375000   57.9   29 0.000
1980.375000 1980.416667   61.9   31 0.000
1980.416667 1980.458333   55.9   28 0.000
1980.458333 1980.500000   55.9   28 0.000
1980.500000 1980.541667   61.9   31 0.000
1980.541667 1980.583333   65.8   33 0.000
1980.583333 1980.625000   69.8   35 0.000
1980.625000 1980.666667   69.8   35 0.000
1980.666667 1980.708333   71.8   36 0.000
1980.708333 1980.750000   69.8   35 0.000
1980.750000 1980.791667   73.8   37 0.000
1980.791667 1980.833333   75.8   38 0.000
1980.833333 1980.875000   73.8   37 0.000
1980.875000 1980.916667   69.8   35 0.000
1980.916667 1980.958333   65.8   33 0.000
1980.958333 1981.000000   63.9   32 0.000
1981.000000 1981.041667   59.9   30 0.000
1981.041667 1981.083333   61.9   31 0.000
1981.083333 1981.125000   63.9   32 0.000
1981.125000 1981.166667   63.9   32 0.000
1981.166667 1981.208333   65.8   33 0.000
1981.208333 1981.250000   63.9   32 0.000
1981.250000 1981.291667   63.9   32 0.000
1981.291667 1981.333333   63.9   32 0.000
1981.333333 1981.375000 9999.9 9999 0.999
1981.375000 1981.416667 9999.9 9999 0.999
1981.416667 1981.458333   63.9   32 0.000
1981.458333 1981.500000   63.9   32 0.000
1981.500000 1981.541667   65.8   33 0.000
1981.541667 1981.583333   63.9   32 0.000
1981.583333 1981.625000   61.9   31 0.000
1981.625000 1981.666667   57.9   29 0.000
1981.666667 1981.708333   57.9   29 0.000
1981.708333 1981.750000   49.9   25 0.000
1981.750000 1981.791667   49.9   25 0.000
1981.791667 1981.833333   47.9   24 0.000
1981.833333 1981.875000   49.9   25 0.000
1981.875000 1981.916667   45.9   23 0.000
1981.916667 1981.958333   49.9   25 0.000
1981.958333 1982.000000   49.9   25 0.000
1982.000000 1982.041667   45.9   23 0.000
1982.041667 1982.083333   37.9   19 0.000
1982.083333 1982.125000   35.9   18 0.000
1982.125000 1982.166667   35.9   18 0.000
1982.166667 1982.208333   29.9   15 0.000
1982.208333 1982.250000   35.9   18 0.000
1982.250000 1982.291667   31.9   16 0.000
1982.291667 1982.333333   31.9   16 0.000
1982.333333 1982.375000   27.9   14 0.000
1982.375000 1982.416667   25.9   13 0.000
1982.416667 1982.458333   25.9   13 0.000
1982.458333 1982.500000   27.9   14 0.000
1982.500000 1982.541667   27.9   14 0.000
1982.541667 1982.583333   27.9   14 0.000
1982.583333 1982.625000   31.9   16 0.000
1982.625000 1982.666667   43.9   22 0.000
1982.666667 1982.708333   51.9   26 0.000
1982.708333 1982.750000   55.9   28 0.000
