ozone_datasets/Ebas_220113_1734/CA0006R.19960319000000.20191112093337.uv_abs.ozone.air.8y.1h.CA01L_kej_o3.CA01L_uv_abs.lev2.nas
48 1001
Shaw, Mike
CA01L, Environment Canada, EC/AES, Atmospheric Environmental Service, 4905 Dufferin Street, , M3H 5T4, "Downsview, Ontario", Canada
Shaw, Mike
GAW-WDCRG
1 1
1996 01 01 2019 11 12
0.041667
days from file reference point
4
1 1 1 1
9999.999999 9999.9 9999 9.999
end_time of measurement, days from the file reference point
ozone, ug/m3, Volume std. temperature=293.15 K, Volume std. pressure=1013.25 hPa, "Comment=Data imported from WDCGG -- Data converted on import into EBAS from 'nmol/mol' to 'ug/m3' at 293.15 K, 1013.25 hPa, conversion factor 1.995."
ozone, nmol/mol, "Comment=Data imported from WDCGG -- Data converted on import into EBAS from 'nmol/mol' to 'ug/m3' at 293.15 K, 1013.25 hPa, conversion factor 1.995. -- Data converted on export from EBAS from 'ug/m3' at 293.15 K, 1013.25 hPa to 'nmol/mol', conversion factor 0.50."
numflag, no unit
0
30
Data definition:              EBAS_1.1
Set type code:                TU
Timezone:                     UTC
File name:                    CA0006R.19960319000000.20191112093337.uv_abs.ozone.air.8y.1h.CA01L_kej_o3.CA01L_uv_abs.lev2.nas
File creation:                20220113163442476000
Export state:                 20220113163417943000
Export filter:                exclude-900,exclude-invalid
Startdate:                    19960319000000
Revision date:                20191112093337
Statistics:                   arithmetic mean
Data level:                   2
Period code:                  8y
Resolution code:              1h
Station code:                 CA0006R
Platform code:                CA0006S
Station name:                 Kejimkujik
Station latitude:             44.433611
Station longitude:            -65.205833
Station altitude:             127.0 m
Regime:                       IMG
Component:                    ozone
Matrix:                       air
Laboratory code:              CA01L
Instrument type:              uv_abs
Instrument name:              kej_o3
Method ref:                   CA01L_uv_abs
Originator:                   Shaw, Mike, , , , , , , , , 
Submitter:                    Shaw, Mike, , , , , , , , , 
Acknowledgement:              Request acknowledgement details from data originator
starttime endtime O3 O3 flag
[from data line 52572]
2268.500000 2268.541667   47.9   24 0.000
2268.541667 2268.583333   51.9   26 0.000
2268.583333 2268.625000   55.9   28 0.000
2268.625000 2268.666667   63.9   32 0.000
2268.666667 2268.708333   75.8   38 0.000
2268.708333 2268.750000   85.8   43 0.000
2268.750000 2268.791667   95.8   48 0.000
2268.791667 2268.833333  109.7   55 0.000
2268.833333 2268.875000  111.7   56 0.000
2268.875000 2268.916667  109.7   55 0.000
2268.916667 2268.958333  105.8   53 0.000
2268.958333 2269.000000  101.8   51 0.000
2269.000000 2269.041667   91.8   46 0.000
2269.041667 2269.083333   87.8   44 0.000
2269.083333 2269.125000   87.8   44 0.000
2269.125000 2269.166667   79.8   40 0.000
2269.166667 2269.208333   71.8   36 0.000
2269.208333 2269.250000   71.8   36 0.000
2269.250000 2269.291667   69.8   35 0.000
2269.291667 2269.333333   73.8   37 0.000
2269.333333 2269.375000   69.8   35 0.000
2269.375000 2269.416667   69.8   35 0.000
2269.416667 2269.458333   75.8   38 0.000
2269.458333 2269.500000   67.8   34 0.000
2269.500000 2269.541667   71.8   36 0.000
2269.541667 2269.583333   61.9   31 0.000
2269.583333 2269.625000   63.9   32 0.000
2269.625000 2269.666667   71.8   36 0.000
2269.666667 2269.708333   73.8   37 0.000
2269.708333 2269.750000   85.8   43 0.000
2269.750000 2269.791667   85.8   43 0.000
2269.791667 2269.833333   87.8   44 0.000
2269.833333 2269.875000   99.8   50 0.000
2269.875000 2269.916667  115.7   58 0.000
2269.916667 2269.958333  111.7   56 0.000
2269.958333 2270.000000  111.7   56 0.000
2270.000000 2270.041667  109.7   55 0.000
2270.041667 2270.083333  111.7   56 0.000
2270.083333 2270.125000  121.7   61 0.000
2270.125000 2270.166667  123.7   62 0.000
2270.166667 2270.208333  113.7   57 0.000
2270.208333 2270.250000  101.8   51 0.000
2270.250000 2270.291667   89.8   45 0.000
2270.291667 2270.333333   75.8   38 0.000
2270.333333 2270.375000   69.8   35 0.000
2270.375000 2270.416667   79.8   40 0.000
2270.416667 2270.458333   77.8   39 0.000
2270.458333 2270.500000   79.8   40 0.000
2270.500000 2270.541667   85.8   43 0.000
2270.541667 2270.583333   91.8   46 0.000
2270.583333 2270.625000   89.8   45 0.000
2270.625000 2270.666667   89.8   45 0.000
2270.666667 2270.708333   93.8   47 0.000
2270.708333 2270.750000  105.8   53 0.000
2270.750000 2270.791667  125.7   63 0.000
2270.791667 2270.833333  131.7   66 0.000
2270.833333 2270.875000  137.7   69 0.000
2270.875000 2270.916667  117.7   59 0.000
2270.916667 2270.958333  105.8   53 0.000
2270.958333 2271.000000   93.8   47 0.000
2271.000000 2271.041667   95.8   48 0.000
2271.041667 2271.083333   95.8   48 0.000
2271.083333 2271.125000   77.8   39 0.000
2271.125000 2271.166667   59.9   30 0.000
2271.166667 2271.208333   51.9   26 0.000
2271.208333 2271.250000   43.9   22 0.000
2271.250000 2271.291667   35.9   18 0.000
2271.291667 2271.333333   29.9   15 0.000
2271.333333 2271.375000   39.9   20 0.000
2271.375000 2271.416667   43.9   22 0.000
2271.416667 2271.458333   37.9   19 0.000
2271.458333 2271.500000   37.9   19 0.000
2271.500000 2271.541667   45.9   23 0.000
2271.541667 2271.583333   47.9   24 0.000
2271.583333 2271.625000   45.9   23 0.000
2271.625000 2271.666667   51.9   26 0.000
2271.666667 2271.708333   53.9   27 0.000
2271.708333 2271.750000   61.9   31 0.000
2271.750000 2271.791667   63.9   32 0.000
2271.791667 2271.833333   65.8   33 0.000
2271.833333 2271.875000   53.9   27 0.000
2271.875000 2271.916667   71.8   36 0.000
2271.916667 2271.958333   71.8   36 0.000
2271.958333 2272.000000   65.8   33 0.000
2272.000000 2272.041667   57.9   29 0.000
2272.041667 2272.083333   51.9   26 0.000
2272.083333 2272.125000   45.9   23 0.000
2272.125000 2272.166667   37.9   19 0.000
2272.166667 2272.208333   37.9   19 0.000
2272.208333 2272.250000   39.9   20 0.000
2272.250000 2272.291667   35.9   18 0.000
2272.291667 2272.333333   33.9   17 0.000
2272.333333 2272.375000   39.9   20 0.000
2272.375000 2272.416667   39.9   20 0.000
2272.416667 2272.458333   41.9   21 0.000
2272.458333 2272.500000   37.9   19 0.000
2272.500000 2272.541667   29.9   15 0.000
2272.541667 2272.583333 9999.9 9999 0.999
2272.583333 2272.625000   49.9   25 0.000
2272.625000 2272.666667   55.9   28 0.000
2272.666667 2272.708333   57.9   29 0.000
2272.708333 2272.750000   61.9   31 0.000
2272.750000 2272.791667   61.9   31 0.000
2272.791667 2272.833333   63.9   32 0.000
2272.833333 2272.875000   65.8   33 0.000
2272.875000 2272.916667   65.8   33 0.000
2272.916667 2272.958333   65.8   33 0.000
2272.958333 2273.000000   63.9   32 0.000
2273.000000 2273.041667   59.9   30 0.000
2273.041667 2273.083333   59.9   30 0.000
2273.083333 2273.125000   59.9   30 0.000
2273.125000 2273.166667   57.9   29 0.000
2273.166667 2273.208333   57.9   29 0.000
2273.208333 2273.250000   45.9   23 0.000
2273.250000 2273.291667   49.9   25 0.000
2273.291667 2273.333333   47.9   24 0.000
2273.333333 2273.375000   41.9   21 0.000
2273.375000 2273.416667   39.9   20 0.000
2273.416667 2273.458333   39.9   20 0.000
2273.458333 2273.500000   35.9   18 0.000
2273.500000 2273.541667   43.9   22 0.000
2273.541667 2273.583333   47.9   24 0.000
2273.583333 2273.625000   55.9   28 0.000
2273.625000 2273.666667   61.9   31 0.000
2273.666667 2273.708333   63.9   32 0.000
2273.708333 2273.750000   63.9   32 0.000
2273.750000 2273.791667   63.9   32 0.000
2273.791667 2273.833333   61.9   31 0.000
2273.833333 2273.875000   61.9   31 0.000
2273.875000 2273.916667   61.9   31 0.000
2273.916667 2273.958333   65.8   33 0.000
2273.958333 2274.000000   63.9   32 0.000
2274.000000 2274.041667   63.9   32 0.000
2274.041667 2274.083333   65.8   33 0.000
2274.083333 2274.125000   61.9   31 0.000
2274.125000 2274.166667   59.9   30 0.000
2274.166667 2274.208333   59.9   30 0.000
2274.208333 2274.250000   59.9   30 0.000
2274.250000 2274.291667   57.9   29 0.000
2274.291667 2274.333333   53.9   27 0.000
2274.333333 2274.375000   49.9   25 0.000
2274.375000 2274.416667   49.9   25 0.000
2274.416667 2274.458333   63.9   32 0.000
2274.458333 2274.500000   55.9   28 0.000
2274.500000 2274.541667   57.9   29 0.000
2274.541667 2274.583333   59.9   30 0.000
2274.583333 2274.625000   57.9   29 0.000
2274.625000 2274.666667   57.9   29 0.000
2274.666667 2274.708333   59.9   30 0.000
2274.708333 2274.750000   61.9   31 0.000
2274.750000 2274.791667   59.9   30 0.000
2274.791667 2274.833333   59.9   30 0.000
2274.833333 2274.875000   59.9   30 0.000
2274.875000 2274.916667   61.9   31 0.000
2274.916667 2274.958333   57.9   29 0.000
2274.958333 2275.000000   53.9   27 0.000
2275.000000 2275.041667   49.9   25 0.000
2275.041667 2275.083333   45.9   23 0.000
2275.083333 2275.125000   43.9   22 0.000
2275.125000 2275.166667   41.9   21 0.000
2275.166667 2275.208333   39.9   20 0.000
2275.208333 2275.250000   39.9   20 0.000
2275.250000 2275.291667   33.9   17 0.000
2275.291667 2275.333333   35.9   18 0.000
2275.333333 2275.375000   33.9   17 0.000
2275.375000 2275.416667   33.9   17 0.000
2275.416667 2275.458333   35.9   18 0.000
2275.458333 2275.500000   29.9   15 0.000
2275.500000 2275.541667   33.9   17 0.000
2275.541667 2275.583333   41.9   21 0.000
2275.583333 2275.625000   57.9   29 0.000
2275.625000 2275.666667   67.8   34 0.000
2275.666667 2275.708333   69.8   35 0.000
2275.708333 2275.750000   69.8   35 0.000
2275.750000 2275.791667   69.8   35 0.000
2275.791667 2275.833333   67.8   34 0.000
2275.833333 2275.875000   67.8   34 0.000
2275.875000 2275.916667   63.9   32 0.000
2275.916667 2275.958333   65.8   33 0.000
2275.958333 2276.000000   65.8   33 0.000
2276.000000 2276.041667   63.9   32 0.000
2276.041667 2276.083333   63.9   32 0.000
2276.083333 2276.125000   61.9   31 0.000
2276.125000 2276.166667   53.9   27 0.000
2276.166667 2276.208333   53.9   27 0.000
2276.208333 2276.250000   53.9   27 0.000
2276.250000 2276.291667   51.9   26 0.000
2276.291667 2276.333333   49.9   25 0.000
2276.333333 2276.375000   59.9   30 0.000
2276.375000 2276.416667   83.8   42 0.000
2276.416667 2276.458333   85.8   43 0.000
2276.458333 2276.500000   61.9   31 0.000
2276.500000 2276.541667   59.9   30 0.000
2276.541667 2276.583333   57.9   29 0.000
2276.583333 2276.625000   59.9   30 0.000
2276.625000 2276.666667   65.8   33 0.000
2276.666667 2276.708333   69.8   35 0.000
2276.708333 2276.750000   69.8   35 0.000
2276.750000 2276.791667   69.8   35 0.000
2276.791667 2276.833333   69.8   35 0.000
2276.833333 2276.875000   55.9   28 0.000
2276.875000 2276.916667   63.9   32 0.000
2276.916667 2276.958333   55.9   28 0.000
2276.958333 2277.000000   39.9   20 0.000
2277.000000 2277.041667   29.9   15 0.000
2277.041667 2277.083333   29.9   15 0.000
2277.083333 2277.125000   27.9   14 0.000
2277.125000 2277.166667   33.9   17 0.000
2277.166667 2277.208333   47.9   24 0.000
2277.208333 2277.250000   47.9   24 0.000
2277.250000 2277.291667   41.9   21 0.000
2277.291667 2277.333333   47.9   24 0.000
2277.333333 2277.375000   31.9   16 0.000
2277.375000 2277.416667   27.9   14 0.000
2277.416667 2277.458333   37.9   19 0.000
2277.458333 2277.500000   39.9   20 0.000
2277.500000 2277.541667   37.9   19 0.000
2277.541667 2277.583333   39.9   20 0.000
2277.583333 2277.625000   37.9   19 0.000
2277.625000 2277.666667   43.9   22 0.000
2277.666667 2277.708333   53.9   27 0.000
2277.708333 2277.750000   63.9   32 0.000
2277.750000 2277.791667   69.8   35 0.000
2277.791667 2277.833333   67.8   34 0.000
2277.833333 2277.875000   71.8   36 0.000
2277.875000 2277.916667   71.8   36 0.000
2277.916667 2277.958333   69.8   35 0.000
2277.958333 2278.000000   69.8   35 0.000
2278.000000 2278.041667   71.8   36 0.000
2278.041667 2278.083333   73.8   37 0.000
2278.083333 2278.125000   73.8   37 0.000
2278.125000 2278.166667   73.8   37 0.000
2278.166667 2278.208333   69.8   35 0.000
2278.208333 2278.250000   65.8   33 0.000
2278.250000 2278.291667   55.9   28 0.000
2278.291667 2278.333333   55.9   28 0.000
2278.333333 2278.375000   67.8   34 0.000
2278.375000 2278.416667   69.8   35 0.000
2278.416667 2278.458333   77.8   39 0.000
2278.458333 2278.500000   71.8   36 0.000
2278.500000 2278.541667   65.8   33 0.000
2278.541667 2278.583333   71.8   36 0.000
2278.583333 2278.625000   77.8   39 0.000
2278.625000 2278.666667   77.8   39 0.000
2278.666667 2278.708333   73.8   37 0.000
2278.708333 2278.750000   69.8   35 0.000
2278.750000 2278.791667   69.8   35 0.000
2278.791667 2278.833333   67.8   34 0.000
2278.833333 2278.875000   63.9   32 0.000
2278.875000 2278.916667   63.9   32 0.000
2278.916667 2278.958333   69.8   35 0.000
2278.958333 2279.000000   61.9   31 0.000
2279.000000 2279.041667   55.9   28 0.000
2279.041667 2279.083333   51.9   26 0.000
2279.083333 2279.125000   47.9   24 0.000
2279.125000 2279.166667   43.9   22 0.000
2279.166667 2279.208333   37.9   19 0.000
2279.208333 2279.250000   37.9   19 0.000
2279.250000 2279.291667   37.9   19 0.000
2279.291667 2279.333333   33.9   17 0.000
2279.333333 2279.375000   29.9   15 0.000
2279.375000 2279.416667   25.9   13 0.000
2279.416667 2279.458333   21.9   11 0.000
2279.458333 2279.500000   21.9   11 0.000
2279.500000 2279.541667   21.9   11 0.000
2279.541667 2279.583333   25.9   13 0.000
2279.583333 2279.625000   27.9   14 0.000
2279.625000 2279.666667   33.9   17 0.000
2279.666667 2279.708333   35.9   18 0.000
2279.708333 2279.750000   39.9   20 0.000
2279.750000 2279.791667   41.9   21 0.000
2279.791667 2279.833333   45.9   23 0.000
2279.833333 2279.875000   47.9   24 0.000
2279.875000 2279.916667   47.9   24 0.000
2279.916667 2279.958333   47.9   24 0.000
2279.958333 2280.000000   45.9   23 0.000
2280.000000 2280.041667   43.9   22 0.000
2280.041667 2280.083333   41.9   21 0.000
2280.083333 2280.125000   39.9   20 0.000
2280.125000 2280.166667   33.9   17 0.000
2280.166667 2280.208333   31.9   16 0.000
2280.208333 2280.250000   29.9   15 0.000
2280.250000 2280.291667   25.9   13 0.000
2280.291667 2280.333333   23.9   12 0.000
2280.333333 2280.375000   21.9   11 0.000
2280.375000 2280.416667   21.9   11 0.000
2280.416667 2280.458333   20.0   10 0.000
2280.458333 2280.500000   16.0    8 0.000
2280.500000 2280.541667   18.0    9 0.000
2280.541667 2280.583333   21.9   11 0.000
2280.583333 2280.625000   23.9   12 0.000
2280.625000 2280.666667   29.9   15 0.000
2280.666667 2280.708333   35.9   18 0.000
2280.708333 2280.750000   43.9   22 0.000
2280.750000 2280.791667   45.9   23 0.000
2280.791667 2280.833333   47.9   24 0.000
2280.833333 2280.875000   47.9   24 0.000
2280.875000 2280.916667   47.9   24 0.000
2280.916667 2280.958333   43.9   22 0.000
2280.958333 2281.000000   43.9   22 0.000
2281.000000 2281.041667   41.9   21 0.000
2281.041667 2281.083333   39.9   20 0.000
2281.083333 2281.125000   31.9   16 0.000
2281.125000 2281.166667   31.9   16 0.000
2281.166667 2281.208333   33.9   17 0.000
2281.208333 2281.250000   29.9   15 0.000
2281.250000 2281.291667   25.9   13 0.000
2281.291667 2281.333333   27.9   14 0.000
2281.333333 2281.375000   21.9   11 0.000
2281.375000 2281.416667   31.9   16 0.000
2281.416667 2281.458333   37.9   19 0.000
2281.458333 2281.500000   31.9   16 0.000
2281.500000 2281.541667   33.9   17 0.000
2281.541667 2281.583333   37.9   19 0.000
2281.583333 2281.625000   45.9   23 0.000
2281.625000 2281.666667   47.9   24 0.000
2281.666667 2281.708333   47.9   24 0.000
2281.708333 2281.750000   47.9   24 0.000
2281.750000 2281.791667   43.9   22 0.000
2281.791667 2281.833333   49.9   25 0.000
2281.833333 2281.875000   47.9   24 0.000
2281.875000 2281.916667   47.9   24 0.000
2281.916667 2281.958333   49.9   25 0.000
2281.958333 2282.000000   49.9   25 0.000
2282.000000 2282.041667   47.9   24 0.000
2282.041667 2282.083333   37.9   19 0.000
2282.083333 2282.125000   41.9   21 0.000
2282.125000 2282.166667   41.9   21 0.000
2282.166667 2282.208333   43.9   22 0.000
2282.208333 2282.250000   43.9   22 0.000
2282.250000 2282.291667   43.9   22 0.000
2282.291667 2282.333333   45.9   23 0.000
2282.333333 2282.375000   45.9   23 0.000
2282.375000 2282.416667   43.9   22 0.000
2282.416667 2282.458333   39.9   20 0.000
2282.458333 2282.500000   37.9   19 0.000
2282.500000 2282.541667   41.9   21 0.000
2282.541667 2282.583333   47.9   24 0.000
2282.583333 2282.625000   53.9   27 0.000
2282.625000 2282.666667   55.9   28 0.000
2282.666667 2282.708333   61.9   31 0.000
2282.708333 2282.750000   63.9   32 0.000
2282.750000 2282.791667   63.9   32 0.000
2282.791667 2282.833333   65.8   33 0.000
2282.833333 2282.875000   67.8   34 0.000
2282.875000 2282.916667   69.8   35 0.000
2282.916667 2282.958333   69.8   35 0.000
2282.958333 2283.000000   65.8   33 0.000
2283.000000 2283.041667   59.9   30 0.000
2283.041667 2283.083333   57.9   29 0.000
2283.083333 2283.125000   53.9   27 0.000
2283.125000 2283.166667   61.9   31 0.000
2283.166667 2283.208333   59.9   30 0.000
2283.208333 2283.250000   57.9   29 0.000
2283.250000 2283.291667   45.9   23 0.000
2283.291667 2283.333333   49.9   25 0.000
2283.333333 2283.375000   47.9   24 0.000
2283.375000 2283.416667   43.9   22 0.000
2283.416667 2283.458333   41.9   21 0.000
2283.458333 2283.500000   27.9   14 0.000
2283.500000 2283.541667   23.9   12 0.000
2283.541667 2283.583333   41.9   21 0.000
2283.583333 2283.625000   47.9   24 0.000
2283.625000 2283.666667   61.9   31 0.000
2283.666667 2283.708333   65.8   33 0.000
2283.708333 2283.750000   67.8   34 0.000
2283.750000 2283.791667   69.8   35 0.000
2283.791667 2283.833333   69.8   35 0.000
2283.833333 2283.875000   67.8   34 0.000
2283.875000 2283.916667   61.9   31 0.000
2283.916667 2283.958333   61.9   31 0.000
2283.958333 2284.000000   57.9   29 0.000
2284.000000 2284.041667   57.9   29 0.000
2284.041667 2284.083333   55.9   28 0.000
2284.083333 2284.125000   55.9   28 0.000
2284.125000 2284.166667   49.9   25 0.000
2284.166667 2284.208333   47.9   24 0.000
2284.208333 2284.250000   47.9   24 0.000
2284.250000 2284.291667   47.9   24 0.000
2284.291667 2284.333333   47.9   24 0.000
