ozone_datasets/Ebas_220113_1734/CA0006R.19960319000000.20191112093337.uv_abs.ozone.air.8y.1h.CA01L_kej_o3.CA01L_uv_abs.lev2.nas
48 1001
Shaw, Mike
CA01L, Environment Canada, EC/AES, Atmospheric Environmental Service, 4905 Dufferin Street, , M3H 5T4, "Downsview, Ontario", Canada
Shaw, Mike
GAW-WDCRG
1 1
1996 01 01 2019 11 12
0.041667
days from file reference point
4
1 1 1 1
9999.999999 9999.9 9999 9.999
end_time of measurement, days from the file reference point
ozone, ug/m3, Volume std. temperature=293.15 K, Volume std. pressure=1013.25 hPa, "Comment=Data imported from WDCGG -- Data converted on import into EBAS from 'nmol/mol' to 'ug/m3' at 293.15 K, 1013.25 hPa, conversion factor 1.995."
ozone, nmol/mol, "Comment=Data imported from WDCGG -- Data converted on import into EBAS from 'nmol/mol' to 'ug/m3' at 293.15 K, 1013.25 hPa, conversion factor 1.995. -- Data converted on export from EBAS from 'ug/m3' at 293.15 K, 1013.25 hPa to 'nmol/mol', conversion factor 0.50."
numflag, no unit
0
30
Data definition:              EBAS_1.1
Set type code:                TU
Timezone:                     UTC
File name:                    CA0006R.19960319000000.20191112093337.uv_abs.ozone.air.8y.1h.CA01L_kej_o3.CA01L_uv_abs.lev2.nas
File creation:                20220113163442476000
Export state:                 20220113163417943000
Export filter:                exclude-900,exclude-invalid
Startdate:                    19960319000000
Revision date:                20191112093337
Statistics:                   arithmetic mean
Data level:                   2
Period code:                  8y
Resolution code:              1h
Station code:                 CA0006R
Platform code:                CA0006S
Station name:                 Kejimkujik
Station latitude:             44.433611
Station longitude:            -65.205833
Station altitude:             127.0 m
Regime:                       IMG
Component:                    ozone
Matrix:                       air
Laboratory code:              CA01L
Instrument type:              uv_abs
Instrument name:              kej_o3
Method ref:                   CA01L_uv_abs
Originator:                   Shaw, Mike, , , , , , , , , 
Submitter:                    Shaw, Mike, , , , , , , , , 
Acknowledgement:              Request acknowledgement details from data originator
starttime endtime O3 O3 flag
[from data line 12953]
 617.708333  617.750000   81.8   41 0.000
 617.750000  617.791667   83.8   42 0.000
 617.791667  617.833333   83.8   42 0.000
 617.833333  617.875000   85.8   43 0.000
 617.875000  617.916667   87.8   44 0.000
 617.916667  617.958333   87.8   44 0.000
 617.958333  618.000000   85.8   43 0.000
 618.000000  618.041667   83.8   42 0.000
 618.041667  618.083333   83.8   42 0.000
 618.083333  618.125000   81.8   41 0.000
 618.125000  618.166667   81.8   41 0.000
 618.166667  618.208333   77.8   39 0.000
 618.208333  618.250000   75.8   38 0.000
 618.250000  618.291667   73.8   37 0.000
 618.291667  618.333333   73.8   37 0.000
 618.333333  618.375000   71.8   36 0.000
 618.375000  618.416667   69.8   35 0.000
 618.416667  618.458333   67.8   34 0.000
 618.458333  618.500000   65.8   33 0.000
 618.500000  618.541667   63.9   32 0.000
 618.541667  618.583333   65.8   33 0.000
 618.583333  618.625000   71.8   36 0.000
 618.625000  618.666667   71.8   36 0.000
 618.666667  618.708333   73.8   37 0.000
 618.708333  618.750000   73.8   37 0.000
 618.750000  618.791667   77.8   39 0.000
 618.791667  618.833333   81.8   41 0.000
 618.833333  618.875000   83.8   42 0.000
 618.875000  618.916667   83.8   42 0.000
 618.916667  618.958333   83.8   42 0.000
 618.958333  619.000000   81.8   41 0.000
 619.000000  619.041667   81.8   41 0.000
 619.041667  619.083333   77.8   39 0.000
 619.083333  619.125000   73.8   37 0.000
 619.125000  619.166667   73.8   37 0.000
 619.166667  619.208333   69.8   35 0.000
 619.208333  619.250000   73.8   37 0.000
 619.250000  619.291667   75.8   38 0.000
 619.291667  619.333333   71.8   36 0.000
 619.333333  619.375000   69.8   35 0.000
 619.375000  619.416667   69.8   35 0.000
 619.416667  619.458333   67.8   34 0.000
 619.458333  619.500000   67.8   34 0.000
 619.500000  619.541667   65.8   33 0.000
 619.541667  619.583333   65.8   33 0.000
 619.583333  619.625000   69.8   35 0.000
 619.625000  619.666667   71.8   36 0.000
 619.666667  619.708333   73.8   37 0.000
 619.708333  619.750000   75.8   38 0.000
 619.750000  619.791667   77.8   39 0.000
 619.791667  619.833333   81.8   41 0.000
 619.833333  619.875000   83.8   42 0.000
 619.875000  619.916667   85.8   43 0.000
 619.916667  619.958333   81.8   41 0.000
 619.958333  620.000000   81.8   41 0.000
 620.000000  620.041667   71.8   36 0.000
 620.041667  620.083333   69.8   35 0.000
 620.083333  620.125000   67.8   34 0.000
 620.125000  620.166667   67.8   34 0.000
 620.166667  620.208333   63.9   32 0.000
 620.208333  620.250000   63.9   32 0.000
 620.250000  620.291667   61.9   31 0.000
 620.291667  620.333333   63.9   32 0.000
 620.333333  620.375000   65.8   33 0.000
 620.375000  620.416667   63.9   32 0.000
 620.416667  620.458333   55.9   28 0.000
 620.458333  620.500000   63.9   32 0.000
 620.500000  620.541667   65.8   33 0.000
 620.541667  620.583333 9999.9 9999 0.999
 620.583333  620.625000   63.9   32 0.000
 620.625000  620.666667   65.8   33 0.000
 620.666667  620.708333   63.9   32 0.000
 620.708333  620.750000   67.8   34 0.000
 620.750000  620.791667   71.8   36 0.000
 620.791667  620.833333   83.8   42 0.000
 620.833333  620.875000   87.8   44 0.000
 620.875000  620.916667   91.8   46 0.000
 620.916667  620.958333   91.8   46 0.000
 620.958333  621.000000   93.8   47 0.000
 621.000000  621.041667   93.8   47 0.000
 621.041667  621.083333   91.8   46 0.000
 621.083333  621.125000   87.8   44 0.000
 621.125000  621.166667   83.8   42 0.000
 621.166667  621.208333   75.8   38 0.000
 621.208333  621.250000   81.8   41 0.000
 621.250000  621.291667   77.8   39 0.000
 621.291667  621.333333   73.8   37 0.000
 621.333333  621.375000   75.8   38 0.000
 621.375000  621.416667   73.8   37 0.000
 621.416667  621.458333   71.8   36 0.000
 621.458333  621.500000   67.8   34 0.000
 621.500000  621.541667   67.8   34 0.000
 621.541667  621.583333   69.8   35 0.000
 621.583333  621.625000   71.8   36 0.000
 621.625000  621.666667   73.8   37 0.000
 621.666667  621.708333   77.8   39 0.000
 621.708333  621.750000   77.8   39 0.000
 621.750000  621.791667   81.8   41 0.000
 621.791667  621.833333   83.8   42 0.000
 621.833333  621.875000   85.8   43 0.000
 621.875000  621.916667   85.8   43 0.000
 621.916667  621.958333   85.8   43 0.000
 621.958333  622.000000   87.8   44 0.000
 622.000000  622.041667   87.8   44 0.000
 622.041667  622.083333   87.8   44 0.000
 622.083333  622.125000   87.8   44 0.000
 622.125000  622.166667   89.8   45 0.000
 622.166667  622.208333   87.8   44 0.000
 622.208333  622.250000   77.8   39 0.000
 622.250000  622.291667   69.8   35 0.000
 622.291667  622.333333   63.9   32 0.000
 622.333333  622.375000 9999.9 9999 0.999
 622.375000  622.416667 9999.9 9999 0.999
 622.416667  622.458333   45.9   23 0.000
 622.458333  622.500000   43.9   22 0.000
 622.500000  622.541667   53.9   27 0.000
 622.541667  622.583333   57.9   29 0.000
 622.583333  622.625000   51.9   26 0.000
 622.625000  622.666667   57.9   29 0.000
 622.666667  622.708333   61.9   31 0.000
 622.708333  622.750000   57.9   29 0.000
 622.750000  622.791667   63.9   32 0.000
 622.791667  622.833333   65.8   33 0.000
 622.833333  622.875000   65.8   33 0.000
 622.875000  622.916667   65.8   33 0.000
 622.916667  622.958333   63.9   32 0.000
 622.958333  623.000000   65.8   33 0.000
 623.000000  623.041667   65.8   33 0.000
 623.041667  623.083333   73.8   37 0.000
 623.083333  623.125000   75.8   38 0.000
 623.125000  623.166667   75.8   38 0.000
 623.166667  623.208333   75.8   38 0.000
 623.208333  623.250000   73.8   37 0.000
 623.250000  623.291667   71.8   36 0.000
 623.291667  623.333333   67.8   34 0.000
 623.333333  623.375000   63.9   32 0.000
 623.375000  623.416667   61.9   31 0.000
 623.416667  623.458333   67.8   34 0.000
 623.458333  623.500000   71.8   36 0.000
 623.500000  623.541667   67.8   34 0.000
 623.541667  623.583333   67.8   34 0.000
 623.583333  623.625000   69.8   35 0.000
 623.625000  623.666667   75.8   38 0.000
 623.666667  623.708333   77.8   39 0.000
 623.708333  623.750000   79.8   40 0.000
 623.750000  623.791667   83.8   42 0.000
 623.791667  623.833333   83.8   42 0.000
 623.833333  623.875000   87.8   44 0.000
 623.875000  623.916667   87.8   44 0.000
 623.916667  623.958333   87.8   44 0.000
 623.958333  624.000000   83.8   42 0.000
 624.000000  624.041667   79.8   40 0.000
 624.041667  624.083333   83.8   42 0.000
 624.083333  624.125000   83.8   42 0.000
 624.125000  624.166667   81.8   41 0.000
 624.166667  624.208333   79.8   40 0.000
 624.208333  624.250000   79.8   40 0.000
 624.250000  624.291667   77.8   39 0.000
 624.291667  624.333333   75.8   38 0.000
 624.333333  624.375000   75.8   38 0.000
 624.375000  624.416667   75.8   38 0.000
 624.416667  624.458333   75.8   38 0.000
 624.458333  624.500000   75.8   38 0.000
 624.500000  624.541667   75.8   38 0.000
 624.541667  624.583333   75.8   38 0.000
 624.583333  624.625000   75.8   38 0.000
 624.625000  624.666667   75.8   38 0.000
 624.666667  624.708333   75.8   38 0.000
 624.708333  624.750000   77.8   39 0.000
 624.750000  624.791667   73.8   37 0.000
 624.791667  624.833333   75.8   38 0.000
 624.833333  624.875000   77.8   39 0.000
 624.875000  624.916667   77.8   39 0.000
 624.916667  624.958333   75.8   38 0.000
 624.958333  625.000000   73.8   37 0.000
 625.000000  625.041667   73.8   37 0.000
 625.041667  625.083333   73.8   37 0.000
 625.083333  625.125000   73.8   37 0.000
 625.125000  625.166667   71.8   36 0.000
 625.166667  625.208333   69.8   35 0.000
 625.208333  625.250000   71.8   36 0.000
 625.250000  625.291667   67.8   34 0.000
 625.291667  625.333333   71.8   36 0.000
 625.333333  625.375000   71.8   36 0.000
 625.375000  625.416667   71.8   36 0.000
 625.416667  625.458333   69.8   35 0.000
 625.458333  625.500000   71.8   36 0.000
 625.500000  625.541667   69.8   35 0.000
 625.541667  625.583333   69.8   35 0.000
 625.583333  625.625000   69.8   35 0.000
 625.625000  625.666667   71.8   36 0.000
 625.666667  625.708333   71.8   36 0.000
 625.708333  625.750000   73.8   37 0.000
 625.750000  625.791667   77.8   39 0.000
 625.791667  625.833333   81.8   41 0.000
 625.833333  625.875000   81.8   41 0.000
 625.875000  625.916667   83.8   42 0.000
 625.916667  625.958333   73.8   37 0.000
 625.958333  626.000000   79.8   40 0.000
 626.000000  626.041667   73.8   37 0.000
 626.041667  626.083333   77.8   39 0.000
 626.083333  626.125000   75.8   38 0.000
 626.125000  626.166667   77.8   39 0.000
 626.166667  626.208333   75.8   38 0.000
 626.208333  626.250000   75.8   38 0.000
 626.250000  626.291667   71.8   36 0.000
 626.291667  626.333333   69.8   35 0.000
 626.333333  626.375000   75.8   38 0.000
 626.375000  626.416667   75.8   38 0.000
 626.416667  626.458333   73.8   37 0.000
 626.458333  626.500000   69.8   35 0.000
 626.500000  626.541667   69.8   35 0.000
 626.541667  626.583333   65.8   33 0.000
 626.583333  626.625000   69.8   35 0.000
 626.625000  626.666667   79.8   40 0.000
 626.666667  626.708333   81.8   41 0.000
 626.708333  626.750000   81.8   41 0.000
 626.750000  626.791667   79.8   40 0.000
 626.791667  626.833333   77.8   39 0.000
 626.833333  626.875000   77.8   39 0.000
 626.875000  626.916667   77.8   39 0.000
 626.916667  626.958333   75.8   38 0.000
 626.958333  627.000000   77.8   39 0.000
 627.000000  627.041667   69.8   35 0.000
 627.041667  627.083333   59.9   30 0.000
 627.083333  627.125000   51.9   26 0.000
 627.125000  627.166667   51.9   26 0.000
 627.166667  627.208333   51.9   26 0.000
 627.208333  627.250000   57.9   29 0.000
 627.250000  627.291667   59.9   30 0.000
 627.291667  627.333333   61.9   31 0.000
 627.333333  627.375000   59.9   30 0.000
 627.375000  627.416667   53.9   27 0.000
 627.416667  627.458333   51.9   26 0.000
 627.458333  627.500000   57.9   29 0.000
 627.500000  627.541667   65.8   33 0.000
 627.541667  627.583333 9999.9 9999 0.999
 627.583333  627.625000   69.8   35 0.000
 627.625000  627.666667   73.8   37 0.000
 627.666667  627.708333   75.8   38 0.000
 627.708333  627.750000   77.8   39 0.000
 627.750000  627.791667   77.8   39 0.000
 627.791667  627.833333   77.8   39 0.000
 627.833333  627.875000   75.8   38 0.000
 627.875000  627.916667   77.8   39 0.000
 627.916667  627.958333   77.8   39 0.000
 627.958333  628.000000   73.8   37 0.000
 628.000000  628.041667   73.8   37 0.000
 628.041667  628.083333   75.8   38 0.000
 628.083333  628.125000   73.8   37 0.000
 628.125000  628.166667   73.8   37 0.000
 628.166667  628.208333   71.8   36 0.000
 628.208333  628.250000   71.8   36 0.000
 628.250000  628.291667   71.8   36 0.000
 628.291667  628.333333   71.8   36 0.000
 628.333333  628.375000   75.8   38 0.000
 628.375000  628.416667   71.8   36 0.000
 628.416667  628.458333   69.8   35 0.000
 628.458333  628.500000   67.8   34 0.000
 628.500000  628.541667   65.8   33 0.000
 628.541667  628.583333   65.8   33 0.000
 628.583333  628.625000   65.8   33 0.000
 628.625000  628.666667   67.8   34 0.000
 628.666667  628.708333   69.8   35 0.000
 628.708333  628.750000   69.8   35 0.000
 628.750000  628.791667   71.8   36 0.000
 628.791667  628.833333   73.8   37 0.000
 628.833333  628.875000   75.8   38 0.000
 628.875000  628.916667   79.8   40 0.000
 628.916667  628.958333   77.8   39 0.000
 628.958333  629.000000   75.8   38 0.000
 629.000000  629.041667   75.8   38 0.000
 629.041667  629.083333   77.8   39 0.000
 629.083333  629.125000   75.8   38 0.000
 629.125000  629.166667   71.8   36 0.000
 629.166667  629.208333   67.8   34 0.000
 629.208333  629.250000   67.8   34 0.000
 629.250000  629.291667   63.9   32 0.000
 629.291667  629.333333   59.9   30 0.000
 629.333333  629.375000 9999.9 9999 0.999
 629.375000  629.416667 9999.9 9999 0.999
 629.416667  629.458333   43.9   22 0.000
 629.458333  629.500000   45.9   23 0.000
 629.500000  629.541667   49.9   25 0.000
 629.541667  629.583333   51.9   26 0.000
 629.583333  629.625000   59.9   30 0.000
 629.625000  629.666667   61.9   31 0.000
 629.666667  629.708333   63.9   32 0.000
 629.708333  629.750000   61.9   31 0.000
 629.750000  629.791667   61.9   31 0.000
 629.791667  629.833333   61.9   31 0.000
 629.833333  629.875000   61.9   31 0.000
 629.875000  629.916667   61.9   31 0.000
 629.916667  629.958333   59.9   30 0.000
 629.958333  630.000000   49.9   25 0.000
 630.000000  630.041667   41.9   21 0.000
 630.041667  630.083333   45.9   23 0.000
 630.083333  630.125000   41.9   21 0.000
 630.125000  630.166667   43.9   22 0.000
 630.166667  630.208333   45.9   23 0.000
 630.208333  630.250000   43.9   22 0.000
 630.250000  630.291667   47.9   24 0.000
 630.291667  630.333333   43.9   22 0.000
 630.333333  630.375000   41.9   21 0.000
 630.375000  630.416667   35.9   18 0.000
 630.416667  630.458333   31.9   16 0.000
 630.458333  630.500000   23.9   12 0.000
 630.500000  630.541667   23.9   12 0.000
 630.541667  630.583333   16.0    8 0.000
 630.583333  630.625000   37.9   19 0.000
 630.625000  630.666667   55.9   28 0.000
 630.666667  630.708333   59.9   30 0.000
 630.708333  630.750000   61.9   31 0.000
 630.750000  630.791667   61.9   31 0.000
 630.791667  630.833333   65.8   33 0.000
 630.833333  630.875000   65.8   33 0.000
 630.875000  630.916667   63.9   32 0.000
 630.916667  630.958333   59.9   30 0.000
 630.958333  631.000000   57.9   29 0.000
 631.000000  631.041667   61.9   31 0.000
 631.041667  631.083333   59.9   30 0.000
 631.083333  631.125000   59.9   30 0.000
 631.125000  631.166667   59.9   30 0.000
 631.166667  631.208333   61.9   31 0.000
 631.208333  631.250000   63.9   32 0.000
 631.250000  631.291667   63.9   32 0.000
 631.291667  631.333333   61.9   31 0.000
 631.333333  631.375000   65.8   33 0.000
 631.375000  631.416667   67.8   34 0.000
 631.416667  631.458333   67.8   34 0.000
 631.458333  631.500000   67.8   34 0.000
 631.500000  631.541667   69.8   35 0.000
 631.541667  631.583333   69.8   35 0.000
 631.583333  631.625000   69.8   35 0.000
 631.625000  631.666667   69.8   35 0.000
 631.666667  631.708333   71.8   36 0.000
 631.708333  631.750000   73.8   37 0.000
 631.750000  631.791667   73.8   37 0.000
 631.791667  631.833333   73.8   37 0.000
 631.833333  631.875000   73.8   37 0.000
 631.875000  631.916667   71.8   36 0.000
 631.916667  631.958333   71.8   36 0.000
 631.958333  632.000000   71.8   36 0.000
 632.000000  632.041667   69.8   35 0.000
 632.041667  632.083333   69.8   35 0.000
 632.083333  632.125000   65.8   33 0.000
 632.125000  632.166667   57.9   29 0.000
 632.166667  632.208333   55.9   28 0.000
 632.208333  632.250000   49.9   25 0.000
 632.250000  632.291667   47.9   24 0.000
 632.291667  632.333333   47.9   24 0.000
 632.333333  632.375000   45.9   23 0.000
 632.375000  632.416667   43.9   22 0.000
 632.416667  632.458333   41.9   21 0.000
 632.458333  632.500000   39.9   20 0.000
 632.500000  632.541667   39.9   20 0.000
 632.541667  632.583333   43.9   22 0.000
 632.583333  632.625000   61.9   31 0.000
 632.625000  632.666667   65.8   33 0.000
 632.666667  632.708333   77.8   39 0.000
 632.708333  632.750000   81.8   41 0.000
 632.750000  632.791667   85.8   43 0.000
 632.791667  632.833333   87.8   44 0.000
 632.833333  632.875000   87.8   44 0.000
 632.875000  632.916667   85.8   43 0.000
 632.916667  632.958333   87.8   44 0.000
 632.958333  633.000000   81.8   41 0.000
 633.000000  633.041667   71.8   36 0.000
 633.041667  633.083333   67.8   34 0.000
 633.083333  633.125000   65.8   33 0.000
 633.125000  633.166667   65.8   33 0.000
 633.166667  633.208333   67.8   34 0.000
 633.208333  633.250000   65.8   33 0.000
 633.250000  633.291667   65.8   33 0.000
 633.291667  633.333333   67.8   34 0.000
 633.333333  633.375000   65.8   33 0.000
 633.375000  633.416667   67.8   34 0.000
 633.416667  633.458333   71.8   36 0.000
 633.458333  633.500000   75.8   38 0.000
 633.500000  633.541667   75.8   38 0.000
