CVAO_datasets/unh-fp_capeverde_20070520.na
77 1001
Alex Pszenny
U. New Hampshire, EOS/ESRC - Morse Hall, 8 College Rd., Durham, NH 03824 USA; Email: alex.pszenny@unh.edu
47 mm diameter filter packs
RHaMBLe Cape Verde Intensive
1 1
2007 05 20 2013 01 15
0
Start time, UT
32
1 1 1 1 1 1 1 1 1 1 1 1 1 1 1 1 1 1 1 1 1 1 1 1 1 1 1 1 1 1 1 1
9999 9999 9999 9999 9999 9999 9999 9999 9999 9999 9999 9999 9999 9999 9999 9999 9999 9999 9999 9999 9999 9999 9999 9999 9999 9999 9999 9999 9999 9999 9999 9999
Filter pack sample number
Sample duration, minutes
Micrograms total aerosol Na per cubic meter STP (0 C, 1 atm)
Estimated standard error in total aerosol Na value
Micrograms Al per cubic meter STP (0 C, 1 atm)
Estimated standard error in Al value
Micrograms total aerosol Cl per cubic meter STP (0 C, 1 atm)
Estimated standard error in total aerosol Cl value
Nanograms V per cubic meter STP (0 C, 1 atm)
Estimated standard error in V value
Nanograms Mn per cubic meter STP (0 C, 1 atm)
Estimated standard error in Mn value
Nanograms total aerosol Br per cubic meter STP (0 C, 1 atm)
Estimated standard error in total aerosol Br value
Nanograms volatile inorganic Br per cubic meter STP (0 C, 1 atm)
Estimated standard error in volatile inorganic Br value
Micrograms aerosol chloride per cubic meter STP (0 C, 1 atm)
Estimated standard error in aerosol chloride value
Nanograms aerosol bromide per cubic meter STP (0 C, 1 atm)
Estimated standard error in aerosol bromide value
Micrograms aerosol sulfate per cubic meter STP (0 C, 1 atm)
Estimated standard error in aerosol sulfate value
Micrograms aerosol sodium ion per cubic meter STP (0 C, 1 atm)
Estimated standard error in aerosol sodium ion value
Micrograms aerosol ammonium per cubic meter STP (0 C, 1 atm)
Estimated standard error in aerosol ammonium value
Micrograms aerosol potassium ion per cubic meter STP (0 C, 1 atm)
Estimated standard error in aerosol potassium ion value
Micrograms aerosol magnesium ion per cubic meter STP (0 C, 1 atm)
Estimated standard error in aerosol magnesium ion value
Micrograms aerosol calcium ion per cubic meter STP (0 C, 1 atm)
Estimated standard error in aerosol calcium ion value
17
Secondary contact: Bill Keene, U. Virginia, Dept. of Environ. Sciences, Charlottesville, VA 22904; Email: wck@virginia.edu
Analytes:  Total Na, Al, Cl, V, Mn, and Br; water-soluble chloride, bromide, sulfate,
                 sodium, ammonium, potassium, magnesium, and calcium in bulk aerosol; total gaseous inorganic Br
Sampling media
   Aerosol -- Whatman-41 filters pre-washed with deionized water
   Br gas -- Rayon filters (similar to Schleicher & Schuell Grade 5S) impregnated with 10 percent w/v LiOH in 10 percent v/v glycerol solution
Analytical techniques:  Neutron activation (NAA), ion chromatography (IC)
Mass flow meter calibrated at factory prior to shipment to Cape Verde and directly intercompared on site immediately before and after the measurement campaign
Units are mass of element or ion per standard cubic meter (0 C, 1 atm)
Blank corrections based on daily handling blanks (n = 23) that were loaded, unloaded, and analyzed using procedures identical to those for samples
"Err" columns give standard errors estimated from peak area uncertainties or blank variability and flow rate variations combined using standard error propagation formulas
[...]
    67(10), 1699-1723.
Analytical accuracies are estimated to be +/- 5 percent or better on based replicate analyses of certified commercial standard solutions (Ultra Scientific, N. Kingstown, RI).
14
These data were generated or collected within the framework of the RHaMBLe Cape Verde Intensive Period (IP).
The user agrees:
 - as long as feasible, to contact the Data Originator prior to any use of the data;
 - not to disclose the data to other parties with prior permission of the Data Originator;
 - not to use the data for commercial purposes;
 - that the Intellectual Property Right remains with the Data Originator;
- to offer the Data Originator co-authorship of any publication or communication based on
   RHaMBLe Cape Verde IP data; in the event that the offer is declined or when the Data Originator
   cannot be contacted, Data Originator must be duly acknowledged.
 -------------------------------------------------------------------------------------------
This file uses the NASA Ames format developed in
S. E. Gaines and R. S. Hipskind, Format Specification for Data Exchange, Version 1.3, 1998.
 -------------------------------------------------------------------------------------------
Start_UT FP_No Duration_minutes Na_NAA_ug Na_NAA_err Al_ug Al_err Cl_NAA_ug Cl_NAA_err V_ng V_err Mn_ng Mn_err Br_NAA_ng_aer Br_NAA_aer_err Br_ng_gas Br_gas_err Cl_IC_ug Cl_IC_err Br_IC_ng_aer Br_IC_aer_err SO4_ug SO4_err Na_IC_ug Na_IC_err NH4_ug NH4_err K_ug K_err Mg_ug Mg_err Ca_ug Ca_err
[from data line 139]
39243.6 160 189 5.21 0.42 0.011 0.007 5.51 0.49 0.75 0.75 0.66 0.08 1.86 0.73 32.84 3.19 6.01574 0.800093 1.94615 0.2277 2.3459 0.518443 5.15815 0.252749 0.202017 0.00727261 0.206166 0.0103083 0.654199 0.0111214 0.223344 0.0127306
39243.7 161 184 4.95 0.38 0.027 0.005 4.98 0.42 0.2 0.2 0.29 0.05 8.78 0.86 30.57 2.79 5.46854 0.727316 5.63776 0.659618 2.12846 0.47039 5.00455 0.245223 0.0905969 0.00326149 0.198218 0.0099109 0.621885 0.010572 0.22454 0.0127988
39243.8 163 193 5.1 0.39 0.025 0.007 5.71 0.47 0.45 0.45 0.15 0.04 12.94 1.21 24.51 2.57 6.1748 0.821248 4.21285 0.492904 2.04567 0.452093 5.13435 0.251583 0.159871 0.00575536 0.199723 0.00998616 0.640532 0.010889 0.201734 0.0114988
39244 164 212 6.51 0.53 0.029 0.022 6.77 0.59 1.08 1.08 -0.37 0.07 4.04 1.17 16.81 2.19 6.27697 0.834837 9.53315 1.11538 2.33204 0.515382 5.54855 0.271879 0.178324 0.00641967 0.216586 0.0108293 0.694771 0.0118111 0.229302 0.0130702
39244.1 165 225 5.19 0.39 0.021 0.006 5.94 0.48 0.08 0.08 0.15 0.04 21.19 1.75 12.55 1.84 6.9576 0.92536 16.7054 1.95454 2.18178 0.482174 5.46922 0.267992 0.144964 0.00521871 0.217927 0.0108963 0.680953 0.0115762 0.219072 0.0124871
39244.3 166 143 6.25 0.51 0.016 0.011 6.18 0.55 0.91 0.91 -0.55 0.07 9.26 1.64 9.06 2.76 5.9679 0.793731 6.91274 0.808791 2.2629 0.500102 5.78216 0.283326 0.218 0.00784799 0.225373 0.0112687 0.727459 0.0123668 0.245465 0.0139915
39244.4 167 188 5.61 0.43 0.028 0.005 6.13 0.5 0.44 0.44 0.25 0.05 10.14 0.98 22.35 2.55 6.88725 0.916004 5.1772 0.605733 2.53584 0.56042 5.88454 0.288343 0.182127 0.00655657 0.230236 0.0115118 0.740291 0.0125849 0.242072 0.0137981
39244.6 168 185 6.31 0.51 0.01 0.009 6.8 0.6 1.04 1.04 -0.43 0.06 3.15 1.05 32.7 3.27 6.67968 0.888397 5.67816 0.664345 2.71072 0.59907 6.0101 0.294495 0.17828 0.00641808 0.239269 0.0119634 0.754384 0.0128245 0.22274 0.0126962
39244.7 170 193 5.7 0.46 0.023 0.013 5.46 0.48 0.83 0.83 -0.39 0.06 5.59 0.98 24.83 2.64 5.78323 0.76917 3.725 0.435825 2.67847 0.591941 5.67719 0.278182 0.206539 0.00743542 0.225262 0.0112631 0.709373 0.0120593 0.255007 0.0145354
39244.8 171 128 7.69 0.58 0.054 0.008 6.84 0.57 0.9 0.9 0.6 0.09 21.37 1.89 41.67 4.29 7.66177 1.01901 9.11467 1.06642 4.13428 0.913675 7.90799 0.387492 0.299928 0.0107974 0.309691 0.0154845 0.979227 0.0166469 0.351404 0.02003
