CVAO_datasets/unh-fp_capeverde_20070520.na
77 1001
Alex Pszenny
U. New Hampshire, EOS/ESRC - Morse Hall, 8 College Rd., Durham, NH 03824 USA; Email: alex.pszenny@unh.edu
47 mm diameter filter packs
RHaMBLe Cape Verde Intensive
1 1
2007 05 20 2013 01 15
0
Start time, UT
32
1 1 1 1 1 1 1 1 1 1 1 1 1 1 1 1 1 1 1 1 1 1 1 1 1 1 1 1 1 1 1 1
9999 9999 9999 9999 9999 9999 9999 9999 9999 9999 9999 9999 9999 9999 9999 9999 9999 9999 9999 9999 9999 9999 9999 9999 9999 9999 9999 9999 9999 9999 9999 9999
Filter pack sample number
Sample duration, minutes
Micrograms total aerosol Na per cubic meter STP (0 C, 1 atm)
Estimated standard error in total aerosol Na value
Micrograms Al per cubic meter STP (0 C, 1 atm)
Estimated standard error in Al value
Micrograms total aerosol Cl per cubic meter STP (0 C, 1 atm)
Estimated standard error in total aerosol Cl value
Nanograms V per cubic meter STP (0 C, 1 atm)
Estimated standard error in V value
Nanograms Mn per cubic meter STP (0 C, 1 atm)
Estimated standard error in Mn value
Nanograms total aerosol Br per cubic meter STP (0 C, 1 atm)
Estimated standard error in total aerosol Br value
Nanograms volatile inorganic Br per cubic meter STP (0 C, 1 atm)
Estimated standard error in volatile inorganic Br value
Micrograms aerosol chloride per cubic meter STP (0 C, 1 atm)
Estimated standard error in aerosol chloride value
Nanograms aerosol bromide per cubic meter STP (0 C, 1 atm)
Estimated standard error in aerosol bromide value
Micrograms aerosol sulfate per cubic meter STP (0 C, 1 atm)
Estimated standard error in aerosol sulfate value
Micrograms aerosol sodium ion per cubic meter STP (0 C, 1 atm)
Estimated standard error in aerosol sodium ion value
Micrograms aerosol ammonium per cubic meter STP (0 C, 1 atm)
Estimated standard error in aerosol ammonium value
Micrograms aerosol potassium ion per cubic meter STP (0 C, 1 atm)
Estimated standard error in aerosol potassium ion value
Micrograms aerosol magnesium ion per cubic meter STP (0 C, 1 atm)
Estimated standard error in aerosol magnesium ion value
Micrograms aerosol calcium ion per cubic meter STP (0 C, 1 atm)
Estimated standard error in aerosol calcium ion value
17
Secondary contact: Bill Keene, U. Virginia, Dept. of Environ. Sciences, Charlottesville, VA 22904; Email: wck@virginia.edu
Analytes:  Total Na, Al, Cl, V, Mn, and Br; water-soluble chloride, bromide, sulfate,
                 sodium, ammonium, potassium, magnesium, and calcium in bulk aerosol; total gaseous inorganic Br
Sampling media
   Aerosol -- Whatman-41 filters pre-washed with deionized water
   Br gas -- Rayon filters (similar to Schleicher & Schuell Grade 5S) impregnated with 10 percent w/v LiOH in 10 percent v/v glycerol solution
Analytical techniques:  Neutron activation (NAA), ion chromatography (IC)
Mass flow meter calibrated at factory prior to shipment to Cape Verde and directly intercompared on site immediately before and after the measurement campaign
Units are mass of element or ion per standard cubic meter (0 C, 1 atm)
Blank corrections based on daily handling blanks (n = 23) that were loaded, unloaded, and analyzed using procedures identical to those for samples
"Err" columns give standard errors estimated from peak area uncertainties or blank variability and flow rate variations combined using standard error propagation formulas
[...]
    67(10), 1699-1723.
Analytical accuracies are estimated to be +/- 5 percent or better on based replicate analyses of certified commercial standard solutions (Ultra Scientific, N. Kingstown, RI).
14
These data were generated or collected within the framework of the RHaMBLe Cape Verde Intensive Period (IP).
The user agrees:
 - as long as feasible, to contact the Data Originator prior to any use of the data;
 - not to disclose the data to other parties with prior permission of the Data Originator;
 - not to use the data for commercial purposes;
 - that the Intellectual Property Right remains with the Data Originator;
- to offer the Data Originator co-authorship of any publication or communication based on
   RHaMBLe Cape Verde IP data; in the event that the offer is declined or when the Data Originator
   cannot be contacted, Data Originator must be duly acknowledged.
 -------------------------------------------------------------------------------------------
This file uses the NASA Ames format developed in
S. E. Gaines and R. S. Hipskind, Format Specification for Data Exchange, Version 1.3, 1998.
 -------------------------------------------------------------------------------------------
Start_UT FP_No Duration_minutes Na_NAA_ug Na_NAA_err Al_ug Al_err Cl_NAA_ug Cl_NAA_err V_ng V_err Mn_ng Mn_err Br_NAA_ng_aer Br_NAA_aer_err Br_ng_gas Br_gas_err Cl_IC_ug Cl_IC_err Br_IC_ng_aer Br_IC_aer_err SO4_ug SO4_err Na_IC_ug Na_IC_err NH4_ug NH4_err K_ug K_err Mg_ug Mg_err Ca_ug Ca_err
[from data line 70]
39232.4 81 189 4.23 0.33 0.123 0.01 3.51 0.31 0.92 0.92 1.03 0.1 12.29 1.14 21.61 2.41 4.03653 0.536859 5.27199 0.616822 2.50784 0.554233 4.15852 0.203767 0.300935 0.0108337 0.169281 0.00846403 0.537523 0.00913788 0.268648 0.0153129
39232.6 83 187 4.49 0.35 0.081 0.007 3.94 0.34 0.84 0.84 0.85 0.09 12.31 1.13 22.42 2.47 4.54291 0.604207 4.58852 0.536857 2.99794 0.662544 4.82766 0.236555 0.303074 0.0109107 0.190207 0.00951033 0.615151 0.0104576 0.210566 0.0120023
39232.7 84 190 5.01 0.41 0.07 0.015 4.73 0.42 0.55 0.55 0.66 0.08 6.42 1.26 15.85 2.35 5.03724 0.669953 7.91998 0.926637 3.29268 0.727683 5.04783 0.247344 0.337492 0.0121497 0.2167 0.010835 0.637423 0.0108362 0.258105 0.014712
39232.8 85 232 4.1 0.32 0.052 0.005 4.08 0.34 1.06 1.06 0.57 0.07 11.74 1.05 32.59 2.84 4.86554 0.647116 5.38216 0.629712 2.82313 0.623912 4.50501 0.220746 0.274009 0.00986432 0.204313 0.0102157 0.566543 0.00963123 0.229071 0.013057
39233 86 197 4.6 0.37 0.065 0.012 4.12 0.37 1.18 1.18 0.45 0.06 5.24 1.14 27.05 3.14 4.64029 0.617158 7.6966 0.900502 3.11404 0.688202 4.50149 0.220573 0.33033 0.0118919 0.174116 0.0087058 0.570623 0.00970059 0.197165 0.0112384
39233.2 87 200 4.23 0.33 0.054 0.008 4.1 0.35 1.45 1.45 0.69 0.08 11.66 1.11 27.72 2.6 4.76819 0.634169 5.02006 0.587347 3.10268 0.685692 4.40986 0.216083 0.296607 0.0106779 0.170133 0.00850665 0.564514 0.00959674 0.215981 0.0123109
39233.3 88 159 4.05 0.33 0.08 0.013 2.74 0.27 1.26 1.26 0.79 0.09 8.5 1.33 20.45 2.85 3.06536 0.407693 5.55277 0.649674 3.10007 0.685115 4.11644 0.201706 0.338786 0.0121963 0.174586 0.00872932 0.523387 0.00889758 0.190225 0.0108428
39233.4 89 174 3.88 0.3 0.137 0.009 3.1 0.28 1.27 1.27 1.46 0.14 10.67 1 16.9 2.57 3.45014 0.458868 3.25029 0.380284 3.04163 0.6722 3.98703 0.195364 0.375082 0.013503 0.154085 0.00770427 0.513791 0.00873444 0.207423 0.0118231
39233.6 90 190 4.09 0.33 0.092 0.011 3.03 0.28 1.31 1.31 1.03 0.1 2.43 0.84 28.37 2.94 3.28993 0.437561 4.42597 0.517838 3.59506 0.794507 3.84675 0.188491 0.386117 0.0139002 0.151918 0.00759591 0.493646 0.00839198 0.202822 0.0115609
39233.7 92 189 4.61 0.37 0.088 0.012 2.96 0.28 0.82 0.82 1.33 0.13 12.05 1.49 29.28 3.02 3.00228 0.399304 6.67478 0.780949 3.55493 0.78564 4.07385 0.199619 0.297791 0.0107205 0.163392 0.00816961 0.518924 0.00882171 0.15755 0.00898035
39233.8 93 212 4.46 0.34 0.062 0.007 3.49 0.3 1.14 1.14 1.04 0.1 12.36 1.12 30.91 2.64 4.02188 0.53491 4.59773 0.537935 3.43227 0.758531 4.48012 0.219526 0.260957 0.00939444 0.178643 0.00893214 0.569577 0.00968281 0.214241 0.0122117
39234 94 211 5.89 0.48 0.059 0.012 5.52 0.49 0.86 0.86 1.16 0.11 2.87 0.92 30.38 2.95 5.62719 0.748416 5.4603 0.638855 3.9971 0.883358 5.14483 0.252097 0.275788 0.00992835 0.20495 0.0102475 0.645873 0.0109798 0.229427 0.0130773
39234.2 95 194 4.5 0.34 0.062 0.006 3.71 0.32 1.72 1.72 0.98 0.1 13.04 1.17 23.33 2.45 3.91545 0.520755 4.55297 0.532697 3.27763 0.724355 3.98838 0.195431 0.261365 0.00940914 0.1598 0.00799002 0.49924 0.00848708 0.16 0.00911999
39234.3 96 175 4.04 0.32 0.062 0.008 2.71 0.27 1.52 1.52 1.06 0.11 4.63 1.03 14.08 2.41 2.72635 0.362604 4.79311 0.560794 3.41079 0.753785 3.77712 0.185079 0.299372 0.0107774 0.154383 0.00771915 0.481243 0.00818113 0.161105 0.00918297
39234.4 97 181 4.11 0.32 0.076 0.007 3.06 0.27 1.39 1.39 0.91 0.1 10.07 0.97 20.43 2.44 3.57359 0.475287 3.24029 0.379113 3.52685 0.779434 4.12901 0.202322 0.332508 0.0119703 0.160753 0.00803765 0.526325 0.00894753 0.214441 0.0122231
39234.6 98 196 5.14 0.41 0.065 0.013 4.36 0.4 1.16 1.16 1.12 0.11 1.77 0.77 22.84 2.75 4.1946 0.557882 2.92265 0.34195 3.47568 0.768124 4.85652 0.237969 0.322691 0.0116169 0.19056 0.00952799 0.614532 0.010447 0.214598 0.0122321
39234.7 99 180 4.9 0.38 0.089 0.01 3.44 0.3 1.35 1.35 0.83 0.09 14.62 1.36 21.5 2.55 3.75716 0.499702 4.72152 0.552418 3.61325 0.798529 4.82373 0.236363 0.243285 0.00875824 0.190479 0.00952396 0.616831 0.0104861 0.206706 0.0117822
39234.8 101 223 4.55 0.35 0.089 0.008 3.53 0.3 1.1 1.1 1.05 0.1 9.69 0.92 23.52 2.34 4.31982 0.574536 3.73291 0.436751 3.68483 0.814348 4.54196 0.222556 0.303304 0.010919 0.178518 0.00892589 0.580019 0.00986032 0.202307 0.0115315
39235 102 217 5.43 0.44 0.072 0.012 4.35 0.39 1.75 1.75 1.05 0.1 2.72 1.12 24.5 2.62 4.35445 0.579142 3.07089 0.359294 3.55597 0.785869 4.78057 0.234248 0.289862 0.010435 0.190242 0.00951208 0.609027 0.0103535 0.264258 0.0150627
39235.2 103 187 4.33 0.33 0.103 0.007 2.87 0.26 1.51 1.51 1.29 0.12 8.87 0.84 21.4 2.52 3.25232 0.432558 2.94887 0.345018 3.56977 0.78892 4.40897 0.216039 0.252527 0.00909096 0.176128 0.0088064 0.569073 0.00967424 0.265522 0.0151348
39235.3 104 200 3.83 0.31 0.087 0.009 2.77 0.26 1.74 1.74 1.05 0.1 7.63 0.8 15.2 2.2 3.24346 0.431381 4.00454 0.468531 3.44507 0.76136 4.00745 0.196365 0.291992 0.0105117 0.153499 0.00767495 0.517232 0.00879294 0.211378 0.0120485
39235.4 105 179 4.29 0.33 0.104 0.008 3.1 0.28 2.22 2.22 1.1 0.11 9.14 0.9 25.23 2.64 3.57781 0.475849 3.64886 0.426916 3.43735 0.759654 4.32591 0.21197 0.349719 0.0125899 0.168937 0.00844683 0.556441 0.0094595 0.313705 0.0178812
39235.6 106 185 4.28 0.34 0.067 0.012 3.43 0.32 0.56 0.56 1.01 0.11 3.29 0.75 20.85 2.65 3.88514 0.516724 4.06384 0.47547 3.28647 0.72631 4.29067 0.210243 0.353825 0.0127377 0.173706 0.00868532 0.541744 0.00920964 0.2582 0.0147174
39235.7 108 188 3.89 0.31 0.07 0.009 2.35 0.23 0.26 0.26 0.77 0.09 5.03 0.94 25.31 3.05 2.78199 0.370005 5.46972 0.639958 3.63088 0.802424 4.12314 0.202034 0.393329 0.0141599 0.166551 0.00832756 0.527859 0.0089736 0.281491 0.016045
39235.8 109 205 4.14 0.32 0.123 0.008 2.78 0.25 1.08 1.08 1.74 0.15 18.71 1.56 10.62 1.87 3.01412 0.400877 10.1105 1.18293 5.71363 1.26271 4.18235 0.204935 0.663049 0.0238698 0.200555 0.0100277 0.542744 0.00922665 0.219183 0.0124935
39236 110 219 3.86 0.31 0.106 0.012 2.44 0.24 0.4 0.4 1.79 0.16 8.92 1.38 9.56 1.9 2.57606 0.342615 8.12052 0.950101 5.11077 1.12948 3.65904 0.179293 0.619174 0.0222903 0.171534 0.00857668 0.476324 0.00809751 0.200194 0.011411
39236.2 111 204 3.31 0.26 0.153 0.01 2.77 0.25 0.74 0.74 2.04 0.17 16.32 1.38 11.17 1.9 2.89427 0.384938 6.6545 0.778576 5.18199 1.14522 3.08013 0.150926 0.632385 0.0227659 0.154202 0.00771009 0.405892 0.00690016 0.159665 0.0091009
39236.3 112 158 3.33 0.27 0.147 0.015 2.6 0.26 0.92 0.92 1.69 0.16 22.22 2.46 16.71 2.76 2.5968 0.345374 7.65723 0.895895 4.84023 1.06969 2.99306 0.14666 0.59905 0.0215658 0.148235 0.00741177 0.392856 0.00667855 0.14248 0.00812134
39236.4 113 190 3.01 0.23 0.129 0.008 2.41 0.22 0.79 0.79 1.69 0.15 14.02 1.22 20.19 2.37 2.64498 0.351783 5.13429 0.600712 4.52306 0.999596 2.86835 0.140549 0.572306 0.020603 0.136463 0.00682314 0.376605 0.00640228 0.121759 0.00694028
39236.6 115 186 3.07 0.24 0.115 0.009 2.44 0.23 0.62 0.62 1.7 0.15 14.43 1.27 3.26 2.01 2.31898 0.308425 5.34246 0.625068 4.27042 0.943762 2.8886 0.141541 0.480347 0.0172925 0.138483 0.00692416 0.378606 0.0064363 0.105868 0.00603446
39236.7 116 187 2.83 0.22 0.113 0.009 2.11 0.2 0.44 0.44 1.41 0.13 8.71 1.14 15.85 2.24 2.21131 0.294104 4.65701 0.54487 3.48448 0.77007 2.87382 0.140817 0.325903 0.0117325 0.127347 0.00636735 0.379588 0.006453 0.131091 0.00747216
39236.8 117 241 3.55 0.29 0.076 0.013 3.1 0.29 0.61 0.61 1.12 0.11 4.73 1.1 19.96 2.27 3.3098 0.440203 4.09179 0.478739 3.52725 0.779523 3.18228 0.155932 0.320751 0.011547 0.134858 0.00674289 0.408617 0.00694648 0.159394 0.00908544
39238.3 118 149 4.18 0.32 0.103 0.011 3.65 0.33 1.64 1.64 1.16 0.12 11.34 1.16 13.21 2.61 3.69397 0.491299 2.96801 0.347257 3.91307 0.864789 4.01214 0.196595 0.603206 0.0217154 0.172794 0.00863972 0.509613 0.00866343 0.164704 0.00938811
39238.4 119 175 3.89 0.32 0.086 0.015 3.45 0.33 0.47 0.47 1.18 0.12 4.16 1.04 13.77 2.52 3.75992 0.50007 2.86151 0.334797 4.01743 0.887853 3.7646 0.184466 0.688995 0.0248038 0.164759 0.00823794 0.481999 0.00819399 0.149505 0.00852177
39238.6 120 187 3.92 0.3 0.116 0.01 3.41 0.3 1.97 1.97 1.48 0.14 11.19 1.08 21.13 2.48 3.61934 0.481373 3.79077 0.443521 4.49442 0.993268 3.77152 0.184805 0.837643 0.0301552 0.184519 0.00922598 0.480352 0.00816599 0.19967 0.0113812
39238.7 121 184 3.98 0.32 0.121 0.014 1.91 0.2 1.83 1.83 1.74 0.16 8.78 1.22 15.83 2.5 2.0168 0.268234 3.33747 0.390484 6.03478 1.33369 3.91987 0.192074 1.1083 0.0398989 0.192778 0.00963888 0.505817 0.00859889 0.213171 0.0121508
39238.8 122 244 3.88 0.3 0.137 0.009 2.51 0.22 1.29 1.29 1.75 0.15 11.13 1 12.21 1.95 3.10985 0.413609 4.36653 0.510884 6.25714 1.38283 4.02506 0.197228 1.00543 0.0361954 0.171213 0.00856063 0.516075 0.00877327 0.205441 0.0117101
39239 123 181 4.28 0.33 0.161 0.011 3.04 0.27 1.02 1.02 2.01 0.18 10.6 0.99 6.42 2.15 3.38237 0.449855 4.62398 0.541005 5.99113 1.32404 4.24467 0.207989 0.997277 0.035902 0.167632 0.00838159 0.545169 0.00926787 0.191149 0.0108955
39239.2 125 171 3.81 0.29 0.167 0.011 2.04 0.2 1.3 1.3 2.2 0.19 11.53 1.06 10.76 2.33 2.15634 0.286793 5.77836 0.676068 5.99739 1.32542 3.994 0.195706 1.09621 0.0394635 0.156236 0.00781181 0.517359 0.00879511 0.24657 0.0140545
39239.3 126 173 3.4 0.28 0.175 0.013 2.18 0.23 1.13 1.13 2.33 0.2 9.09 0.96 12.1 2.59 2.0269 0.269578 4.6514 0.544214 5.20385 1.15005 3.24825 0.159164 1.02011 0.036724 0.132514 0.0066257 0.425933 0.00724086 0.22271 0.0126945
39239.4 127 176 3.53 0.27 0.202 0.013 2.16 0.21 1.06 1.06 2.1 0.18 10.89 1.01 17.15 2.5 2.35053 0.312621 4.92362 0.576063 5.1639 1.14122 3.54961 0.173931 0.977239 0.0351806 0.132859 0.00664293 0.46031 0.00782527 0.196485 0.0111997
39239.6 129 188 3.14 0.24 0.13 0.009 1.73 0.18 1.47 1.47 1.94 0.17 7.08 0.84 12.41 2.23 1.97449 0.262607 4.21993 0.493732 4.83377 1.06826 3.23328 0.158431 0.76338 0.0274817 0.122929 0.00614643 0.423055 0.00719193 0.170254 0.00970446
39239.7 130 186 2.98 0.24 0.089 0.008 1.16 0.14 1.33 1.33 1.14 0.11 6.17 0.9 12.98 2.42 1.15345 0.153408 3.94037 0.461023 3.86406 0.853958 2.83746 0.139036 0.588569 0.0211885 0.108708 0.00543541 0.369241 0.00627709 0.163647 0.0093279
39239.8 131 251 2.74 0.21 0.098 0.007 1.54 0.15 1.71 1.71 1.36 0.12 7.42 0.7 9.91 1.64 1.62872 0.21662 3.17308 0.37125 3.39443 0.75017 2.63677 0.129202 0.441694 0.015901 0.102865 0.00514326 0.346444 0.00588954 0.145635 0.00830118
39240 132 261 3.3 0.26 0.118 0.01 1.93 0.19 0.74 0.74 1.24 0.11 2.59 0.58 11.77 1.88 1.93508 0.257366 3.49808 0.409275 2.99441 0.661765 3.1392 0.153821 0.359656 0.0129476 0.123718 0.0061859 0.409882 0.006968 0.174679 0.00995668
39240.2 133 144 2.91 0.23 0.109 0.008 1.84 0.2 0.49 0.49 1.74 0.17 5.13 0.72 10.83 2.69 1.78123 0.236904 16.3555 1.9136 2.52374 0.557746 2.95647 0.144867 0.308197 0.0110951 0.118013 0.00590066 0.389596 0.00662313 0.228514 0.0130253
39240.3 134 166 2.85 0.23 0.12 0.01 1.68 0.19 0.42 0.42 1.37 0.13 10.05 1.34 12.08 2.58 1.7182 0.228521 4.08455 0.477893 2.53284 0.559757 2.93956 0.144038 0.360489 0.0129776 0.113997 0.00569983 0.388033 0.00659656 0.179649 0.01024
39240.4 135 186 2.6 0.21 0.146 0.01 1.61 0.17 0.56 0.56 1.45 0.14 6.19 0.66 8.71 2.12 1.84327 0.245155 8.50099 0.994615 2.46527 0.544824 2.8309 0.138714 0.346565 0.0124763 0.112094 0.00560471 0.378621 0.00643655 0.170665 0.00972788
39240.6 136 190 2.51 0.2 0.128 0.01 1.53 0.17 0.59 0.59 1.53 0.14 3.09 0.69 12.38 2.36 1.61544 0.214854 7.39787 0.865551 2.25862 0.499156 2.45246 0.12017 0.248314 0.00893929 0.0972738 0.00486369 0.323938 0.00550694 0.14649 0.0083499
39240.7 138 186 2.27 0.19 0.124 0.01 1.25 0.15 0.8 0.8 1.35 0.13 3.43 0.64 12.85 2.42 1.35791 0.180602 1.949 0.228033 2.18289 0.482418 2.3922 0.117218 0.3188 0.0114768 0.0947948 0.00473974 0.316598 0.00538217 0.176562 0.010064
39240.8 139 251 2.47 0.19 0.127 0.009 1.62 0.16 0.69 0.69 1.23 0.11 3.18 0.46 12.68 1.73 1.73149 0.230289 2.35718 0.27579 2.33547 0.516139 2.53389 0.124161 0.238528 0.00858702 0.101623 0.00508114 0.33831 0.00575127 0.167034 0.00952096
39241 140 193 2.68 0.22 0.171 0.014 1.47 0.16 0.8 0.8 1.52 0.14 2.21 0.69 14.66 2.34 1.43393 0.190713 2.04308 0.23904 2.37735 0.525394 2.39295 0.117254 0.158991 0.00572367 0.110141 0.00550705 0.359672 0.00611442 0.18691 0.0106539
39241.2 141 182 2.35 0.19 0.216 0.013 1.23 0.14 0.61 0.61 2 0.17 3.27 0.58 16.96 2.4 1.2002 0.159627 4.44145 0.519649 2.22025 0.490675 2.33972 0.114646 0.22546 0.00811657 0.09443 0.0047215 0.311864 0.00530168 0.166992 0.00951855
39241.3 142 186 1.69 0.14 0.148 0.011 0.62 0.1 0.34 0.34 1.38 0.13 2.2 0.55 7.54 2.09 0.411538 0.0547346 2.92492 0.342216 1.64669 0.363918 1.629 0.0798209 0.208953 0.00752231 0.0649298 0.00324649 0.219487 0.00373128 0.126792 0.00722716
39241.4 143 187 1.76 0.14 0.16 0.01 0.68 0.1 0.61 0.61 1.48 0.14 3.18 0.53 12.78 2.22 0.585025 0.0778084 10.5125 1.22996 1.82163 0.402581 1.74937 0.0857191 0.207683 0.00747658 0.0704814 0.00352407 0.236388 0.00401859 0.110466 0.00629654
39241.6 144 191 1.39 0.12 0.088 0.008 0.52 0.08 0.74 0.74 0.79 0.09 1.81 0.53 8.06 2.1 0.412178 0.0548196 6.20223 0.725661 1.69784 0.375223 1.48866 0.0729444 0.163444 0.005884 0.0575972 0.00287986 0.199175 0.00338598 0.111422 0.00635106
39241.7 145 182 1.12 0.1 0.086 0.006 0.39 0.07 0.55 0.55 0.82 0.09 3.25 0.51 10.68 2.16 0.266488 0.0354428 3.7133 0.434456 1.40416 0.31032 1.11485 0.0546274 0.116582 0.00419696 0.0432797 0.00216398 0.153023 0.0026014 0.0888515 0.00506454
39241.8 147 247 1.19 0.1 0.094 0.006 0.49 0.07 0.58 0.58 0.89 0.09 3.38 0.45 8.17 1.58 0.442043 0.0587918 1.39993 0.163792 1.43823 0.317849 1.25973 0.0617267 0.128749 0.00463496 0.0491745 0.00245873 0.170961 0.00290634 0.0707409 0.00403223
39242 148 175 1.37 0.12 0.113 0.009 0.52 0.09 0.3 0.3 1.58 0.15 3.38 0.67 7.47 9999 0.260608 0.0346608 1.51577 0.177345 1.41407 0.312509 1.37248 0.0672514 0.126862 0.00456704 0.0527476 0.00263738 0.185172 0.00314792 0.119567 0.00681534
39242.2 149 199 1.21 0.1 0.168 0.01 0.51 0.08 0.43 0.43 1.63 0.14 2.15 0.4 6.59 1.85 0.418805 0.0557011 1.26794 0.148349 1.21021 0.267456 1.24962 0.0612313 0.110028 0.00396101 0.050409 0.00252045 0.170025 0.00289043 0.0959904 0.00547145
39242.3 150 208 1.23 0.1 0.221 0.014 0.53 0.08 0.43 0.43 2.52 0.21 4.66 0.78 5.96 1.89 0.474301 0.063082 1.74185 0.203797 1.15017 0.254189 1.28471 0.0629508 0.1179 0.00424438 0.0530858 0.00265429 0.17817 0.00302889 0.105111 0.00599132
39242.5 151 146 1.22 0.1 0.186 0.012 0.98 0.13 0.2 0.2 1.6 0.15 1.03 0.49 9.8 2.49 0.930802 0.123797 1.40348 0.164207 0.948645 0.209651 1.25831 0.061657 0.171754 0.00618313 0.0498361 0.0024918 0.174807 0.00297172 0.131626 0.00750266
39242.6 153 190 1.44 0.12 0.115 0.008 1.13 0.13 0.22 0.22 0.97 0.1 2.92 0.56 13.83 2.12 1.14114 0.151772 2.09106 0.244654 1.04714 0.231419 1.50179 0.0735877 0.0678523 0.00244268 0.0597027 0.00298513 0.200665 0.0034113 0.0695219 0.00396275
39242.8 154 80 2.05 0.18 0.025 0.008 1.36 0.21 0.56 0.56 0.98 0.14 3.51 0.93 11.6 4.86 1.206 0.160397 1.36072 0.159204 1.43914 0.31805 2.21791 0.108678 0.125162 0.00450583 0.0820731 0.00410366 0.287475 0.00488708 0.114431 0.00652259
39242.8 155 183 2.34 0.19 0.053 0.005 2.04 0.2 0.29 0.29 0.46 0.06 8.65 0.82 9.14 2.06 2.1456 0.285364 3.14649 0.368139 1.50346 0.332266 2.32469 0.11391 0.0878295 0.00316186 0.0892532 0.00446266 0.299367 0.00508923 0.091038 0.00518916
39243 156 258 3.02 0.24 0.05 0.007 2.98 0.27 0.46 0.46 0.58 0.06 15.03 1.77 10.07 1.68 2.73338 0.36354 6.6764 0.781138 1.70563 0.376945 2.75108 0.134803 0.166664 0.00599991 0.105261 0.00526303 0.347564 0.00590859 0.104299 0.00594504
39243.2 157 182 3.4 0.27 0.04 0.006 3.48 0.31 0.31 0.31 0.4 0.06 17.3 1.5 10.61 2.21 1.4091 0.18741 7.76828 0.908889 2.11467 0.467343 3.48683 0.170854 0.811027 0.029197 0.135985 0.00679927 0.441181 0.00750008 0.145838 0.00831274
39243.3 158 164 4.37 0.35 0.036 0.011 4.45 0.41 0.74 0.74 0.6 0.08 8.93 1 11.3 2.65 4.86594 0.64717 4.22988 0.494896 2.09417 0.462812 4.37692 0.214469 0.177679 0.00639644 0.169695 0.00848473 0.554595 0.00942811 0.166463 0.00948837
