CVAO_datasets/unh-fp_capeverde_20070520.na
77 1001
Alex Pszenny
U. New Hampshire, EOS/ESRC - Morse Hall, 8 College Rd., Durham, NH 03824 USA; Email: alex.pszenny@unh.edu
47 mm diameter filter packs
RHaMBLe Cape Verde Intensive
1 1
2007 05 20 2013 01 15
0
Start time, UT
32
1 1 1 1 1 1 1 1 1 1 1 1 1 1 1 1 1 1 1 1 1 1 1 1 1 1 1 1 1 1 1 1
9999 9999 9999 9999 9999 9999 9999 9999 9999 9999 9999 9999 9999 9999 9999 9999 9999 9999 9999 9999 9999 9999 9999 9999 9999 9999 9999 9999 9999 9999 9999 9999
Filter pack sample number
Sample duration, minutes
Micrograms total aerosol Na per cubic meter STP (0 C, 1 atm)
Estimated standard error in total aerosol Na value
Micrograms Al per cubic meter STP (0 C, 1 atm)
Estimated standard error in Al value
Micrograms total aerosol Cl per cubic meter STP (0 C, 1 atm)
Estimated standard error in total aerosol Cl value
Nanograms V per cubic meter STP (0 C, 1 atm)
Estimated standard error in V value
Nanograms Mn per cubic meter STP (0 C, 1 atm)
Estimated standard error in Mn value
Nanograms total aerosol Br per cubic meter STP (0 C, 1 atm)
Estimated standard error in total aerosol Br value
Nanograms volatile inorganic Br per cubic meter STP (0 C, 1 atm)
Estimated standard error in volatile inorganic Br value
Micrograms aerosol chloride per cubic meter STP (0 C, 1 atm)
Estimated standard error in aerosol chloride value
Nanograms aerosol bromide per cubic meter STP (0 C, 1 atm)
Estimated standard error in aerosol bromide value
Micrograms aerosol sulfate per cubic meter STP (0 C, 1 atm)
Estimated standard error in aerosol sulfate value
Micrograms aerosol sodium ion per cubic meter STP (0 C, 1 atm)
Estimated standard error in aerosol sodium ion value
Micrograms aerosol ammonium per cubic meter STP (0 C, 1 atm)
Estimated standard error in aerosol ammonium value
Micrograms aerosol potassium ion per cubic meter STP (0 C, 1 atm)
Estimated standard error in aerosol potassium ion value
Micrograms aerosol magnesium ion per cubic meter STP (0 C, 1 atm)
Estimated standard error in aerosol magnesium ion value
Micrograms aerosol calcium ion per cubic meter STP (0 C, 1 atm)
Estimated standard error in aerosol calcium ion value
17
Secondary contact: Bill Keene, U. Virginia, Dept. of Environ. Sciences, Charlottesville, VA 22904; Email: wck@virginia.edu
Analytes:  Total Na, Al, Cl, V, Mn, and Br; water-soluble chloride, bromide, sulfate,
                 sodium, ammonium, potassium, magnesium, and calcium in bulk aerosol; total gaseous inorganic Br
Sampling media
   Aerosol -- Whatman-41 filters pre-washed with deionized water
   Br gas -- Rayon filters (similar to Schleicher & Schuell Grade 5S) impregnated with 10 percent w/v LiOH in 10 percent v/v glycerol solution
Analytical techniques:  Neutron activation (NAA), ion chromatography (IC)
Mass flow meter calibrated at factory prior to shipment to Cape Verde and directly intercompared on site immediately before and after the measurement campaign
Units are mass of element or ion per standard cubic meter (0 C, 1 atm)
Blank corrections based on daily handling blanks (n = 23) that were loaded, unloaded, and analyzed using procedures identical to those for samples
"Err" columns give standard errors estimated from peak area uncertainties or blank variability and flow rate variations combined using standard error propagation formulas
[...]
    67(10), 1699-1723.
Analytical accuracies are estimated to be +/- 5 percent or better on based replicate analyses of certified commercial standard solutions (Ultra Scientific, N. Kingstown, RI).
14
These data were generated or collected within the framework of the RHaMBLe Cape Verde Intensive Period (IP).
The user agrees:
 - as long as feasible, to contact the Data Originator prior to any use of the data;
 - not to disclose the data to other parties with prior permission of the Data Originator;
 - not to use the data for commercial purposes;
 - that the Intellectual Property Right remains with the Data Originator;
- to offer the Data Originator co-authorship of any publication or communication based on
   RHaMBLe Cape Verde IP data; in the event that the offer is declined or when the Data Originator
   cannot be contacted, Data Originator must be duly acknowledged.
 -------------------------------------------------------------------------------------------
This file uses the NASA Ames format developed in
S. E. Gaines and R. S. Hipskind, Format Specification for Data Exchange, Version 1.3, 1998.
 -------------------------------------------------------------------------------------------
Start_UT FP_No Duration_minutes Na_NAA_ug Na_NAA_err Al_ug Al_err Cl_NAA_ug Cl_NAA_err V_ng V_err Mn_ng Mn_err Br_NAA_ng_aer Br_NAA_aer_err Br_ng_gas Br_gas_err Cl_IC_ug Cl_IC_err Br_IC_ng_aer Br_IC_aer_err SO4_ug SO4_err Na_IC_ug Na_IC_err NH4_ug NH4_err K_ug K_err Mg_ug Mg_err Ca_ug Ca_err
39222.4 2 186 2.18 0.18 0.064 0.008 2 0.2 0.42 0.42 0.48 0.06 4.52 0.86 7.1 2.18 1.75314 0.233168 3.32479 0.389 1.25249 0.276799 2.08144 0.10199 0.19605 0.00705779 0.0871274 0.00435637 0.271624 0.00461761 0.100327 0.00571866
39222.6 3 186 2.31 0.18 0.047 0.005 1.97 0.19 0.3 0.3 0.59 0.07 9.98 0.93 20.16 2.39 1.88097 0.250169 4.8049 0.562173 1.90967 0.422038 2.5606 0.12547 0.284429 0.0102395 0.106523 0.00532613 0.32535 0.00553096 0.12167 0.00693519
39222.7 4 192 2.01 0.17 0.053 0.008 1.65 0.17 0.35 0.35 0.77 0.08 6.03 0.89 12.85 2.21 1.19941 0.159522 5.99416 0.701317 2.14734 0.474563 1.86821 0.0915423 0.412543 0.0148515 0.159411 0.00797053 0.243246 0.00413518 0.131264 0.00748205
39222.8 5 203 3.21 0.25 0.106 0.008 2.71 0.24 1.5 1.5 1.38 0.13 14.31 1.25 14.78 2.08 2.62295 0.348852 6.48072 0.758244 4.77808 1.05596 3.05648 0.149768 0.761393 0.0274101 0.165225 0.00826126 0.391288 0.00665189 0.191633 0.0109231
39223 6 201 9999 9999 9999 9999 9999 9999 9999 9999 9999 9999 9999 9999 15.09 2.09 9999 9999 9999 9999 9999 9999 9999 9999 9999 9999 9999 9999 9999 9999 9999 9999
39223.1 7 218 4.12 0.33 0.1 0.014 4.32 0.38 0.4 0.4 1.34 0.12 6.37 1.17 18.52 2.35 3.39715 0.451821 6.41171 0.750171 4.1044 0.907072 3.2589 0.159686 0.624767 0.0224916 0.161449 0.00807246 0.407045 0.00691976 0.150983 0.00860602
39223.3 8 186 3.37 0.26 0.085 0.009 2.9 0.26 0.64 0.64 1.13 0.11 11.12 1.21 16.54 2.21 3.00954 0.400269 7.13811 0.835159 4.61217 1.01929 3.43105 0.168121 0.631765 0.0227436 0.154699 0.00773495 0.433364 0.00736719 0.187667 0.010697
39223.4 9 178 2.96 0.24 0.075 0.013 2.1 0.21 0.45 0.45 0.72 0.08 16.2 1.99 14.31 2.4 1.95059 0.259429 5.24622 0.613808 3.8297 0.846363 2.99395 0.146703 0.556013 0.0200165 0.123209 0.00616043 0.378211 0.00642959 0.186564 0.0106341
39223.6 10 195 3.23 0.25 0.131 0.01 2.73 0.24 0.56 0.56 1.06 0.1 14.89 1.29 19.05 2.32 2.81566 0.374483 8.53785 0.998928 2.82603 0.624554 3.51091 0.172035 0.446383 0.0160698 0.140687 0.00703435 0.454677 0.00772952 0.222976 0.0127096
39223.7 11 194 3.42 0.28 0.066 0.01 3.79 0.34 0.16 0.16 1.05 0.1 6.68 1.15 8.8 1.96 3.53141 0.469677 6.00302 0.702353 2.00626 0.443384 3.37069 0.165164 0.229937 0.00827774 0.14254 0.007127 0.43727 0.00743359 0.2009 0.0114513
39223.8 13 189 3.76 0.3 0.07 0.01 4.19 0.38 0.35 0.35 0.77 0.09 3.76 0.97 28.83 2.84 4.08261 0.542987 5.18623 0.606789 2.0743 0.458421 3.43391 0.168262 0.279646 0.0100673 0.14244 0.00712198 0.435457 0.00740277 0.190203 0.0108415
39224 14 253 3.33 0.26 0.049 0.005 4.03 0.33 0.29 0.29 0.72 0.07 12.7 1.1 31.55 2.59 4.61334 0.613574 6.06316 0.70939 2.13412 0.471641 3.4836 0.170697 0.237522 0.00855078 0.146006 0.00730028 0.44031 0.00748526 0.193767 0.0110447
39224.2 15 182 3.53 0.29 0.098 0.012 4.4 0.39 0.75 0.75 1.11 0.11 7.37 1.31 26.94 2.85 4.07028 0.541347 7.57837 0.886669 2.14183 0.473344 3.23863 0.158693 0.3636 0.0130896 0.156155 0.00780774 0.417759 0.00710191 0.237832 0.0135564
39224.3 16 166 3.68 0.29 0.101 0.011 4.97 0.42 0.45 0.45 1.11 0.11 19.07 1.67 28.02 3.01 4.71983 0.627737 8.10982 0.948849 1.98023 0.437631 3.49488 0.171249 0.256522 0.00923479 0.163863 0.00819315 0.437011 0.00742918 0.15775 0.00899177
39224.4 18 187 3.31 0.26 0.072 0.007 4.12 0.35 0.18 0.18 0.73 0.08 14.94 1.3 35.01 3.08 4.80341 0.638853 6.01292 0.703511 1.79103 0.395818 3.51825 0.172394 0.16729 0.00602244 0.147107 0.00735534 0.452641 0.0076949 0.18613 0.0106094
39224.6 19 187 4.16 0.34 0.065 0.012 5.36 0.47 0.82 0.82 1.17 0.12 20.86 2.69 28.28 2.86 4.38977 0.583839 5.92258 0.692942 1.73684 0.383843 3.29954 0.161677 0.171941 0.00618987 0.138476 0.00692382 0.41377 0.00703409 0.139357 0.00794335
39224.7 20 185 3.43 0.28 0.035 0.029 4.33 0.39 0.17 0.17 0.67 0.08 16.45 2.43 22 2.41 4.44773 0.591548 7.43128 0.86946 1.78501 0.394487 3.36812 0.165038 0.160127 0.00576459 0.150127 0.00750635 0.426072 0.00724323 0.152344 0.00868363
39224.8 21 219 3.74 0.35 0.079 0.038 4.38 0.45 0.36 0.36 1.21 0.14 5.95 3.93 32.42 2.78 4.44086 0.590634 6.15009 0.71956 1.9265 0.425757 3.52943 0.172942 0.207747 0.00747889 0.146448 0.00732239 0.452308 0.00768923 0.162023 0.00923531
39225 22 254 3.08 0.24 0.039 0.005 3.35 0.28 0.61 0.61 0.65 0.07 10.41 0.93 17.59 1.86 3.24644 0.431777 4.14631 0.485118 1.87828 0.415099 2.9257 0.143359 0.151747 0.0054629 0.124293 0.00621467 0.365825 0.00621902 0.125081 0.00712962
39225.2 23 148 3.24 0.26 0.037 0.008 3.07 0.3 0.6 0.6 0.71 0.09 6.87 1.08 23.72 3.13 2.654 0.352982 5.70982 0.668048 1.9363 0.427921 2.85761 0.140023 0.153936 0.0055417 0.120691 0.00603453 0.357638 0.00607984 0.0995826 0.00567621
39225.3 24 167 2.85 0.22 0.101 0.008 3.45 0.31 0.37 0.37 1.05 0.11 14.2 1.29 18.2 2.49 3.57284 0.475188 6.45741 0.755517 1.6316 0.360584 2.71907 0.133234 0.147416 0.00530699 0.125166 0.00625829 0.354913 0.00603352 0.142233 0.00810729
39225.4 25 187 2.8 0.23 0.077 0.012 3.07 0.28 0.31 0.31 1.02 0.1 16.4 1.97 19.85 2.56 2.6652 0.354472 5.56444 0.651039 1.91563 0.423355 2.52652 0.123799 0.231066 0.00831836 0.111703 0.00558514 0.326056 0.00554296 0.100811 0.00574625
39225.6 26 186 2.83 0.22 0.076 0.006 3.4 0.3 0.35 0.35 1.06 0.11 14.26 1.25 26.01 2.83 3.43771 0.457215 6.22508 0.728334 1.89986 0.419869 2.72031 0.133295 0.149163 0.00536986 0.118774 0.00593871 0.351692 0.00597876 0.110652 0.00630714
39225.7 28 187 2.88 0.22 0.074 0.007 2.95 0.26 0.18 0.18 1.09 0.11 14.99 1.29 6.43 1.97 3.11864 0.414779 6.58232 0.770132 2.09613 0.463245 2.89446 0.141828 0.238631 0.00859073 0.158182 0.00790911 0.367208 0.00624253 0.117543 0.00669993
39225.8 29 247 2.85 0.23 0.055 0.007 2.39 0.22 0.43 0.43 0.72 0.08 10.13 0.96 16.82 2.02 2.28366 0.303727 4.73856 0.554411 1.79067 0.395738 2.67222 0.130939 0.190287 0.00685035 0.115804 0.0057902 0.343959 0.0058473 0.094814 0.0054044
39226 30 182 2.64 0.21 0.047 0.005 1.94 0.19 0.31 0.31 0.57 0.07 8.48 0.81 16.66 2.29 2.09592 0.278757 3.28906 0.38482 1.82813 0.404016 2.64037 0.129378 0.188277 0.00677798 0.115524 0.00577621 0.335654 0.00570612 0.0830182 0.00473204
39226.2 31 191 2.57 0.21 0.038 0.006 1.5 0.16 0.54 0.54 0.57 0.07 8.98 1.34 23.19 2.74 1.40866 0.187352 2.77348 0.324497 1.82685 0.403734 2.36997 0.116128 0.153967 0.00554281 0.0995232 0.00497616 0.298644 0.00507694 0.0649545 0.00370241
39226.3 32 194 2.27 0.18 0.041 0.004 1.52 0.16 0.21 0.21 0.63 0.07 8.55 0.81 14.36 2.15 1.51177 0.201065 3.26058 0.381488 1.69282 0.374114 2.18073 0.106856 0.198275 0.00713791 0.0868178 0.00434089 0.279625 0.00475363 0.0739862 0.00421721
39226.4 33 183 2.85 0.23 0.059 0.008 1.68 0.18 0.43 0.43 1.03 0.1 6.22 0.96 14.89 2.42 1.75987 0.234063 4.62779 0.541452 2.13628 0.472119 2.62955 0.128848 0.231498 0.00833392 0.129167 0.00645833 0.33538 0.00570147 0.0823602 0.00469453
39226.6 34 191 1.97 0.16 0.051 0.004 1.26 0.14 0.18 0.18 0.81 0.09 6.73 0.74 15.38 2.26 1.37202 0.182478 4.32505 0.506031 1.70797 0.377462 1.96756 0.0964105 0.141033 0.00507721 0.0816572 0.00408286 0.252962 0.00430036 0.0705511 0.00402141
39226.7 35 183 1.71 0.14 0.029 0.005 0.92 0.12 0.3 0.3 0.92 0.1 8.48 1.08 6.42 2.12 0.876379 0.116558 4.02398 0.470806 1.41242 0.312145 1.73778 0.085151 0.160565 0.00578035 0.0700683 0.00350341 0.224474 0.00381606 0.0830152 0.00473186
39226.8 37 203 1.65 0.14 0.027 0.005 1.12 0.13 0.26 0.26 0.43 0.06 2.9 0.6 10.03 2.06 1.09583 0.145746 2.75845 0.322739 1.36649 0.301994 1.58095 0.0774665 0.108547 0.00390771 0.0628925 0.00314463 0.200798 0.00341356 0.0647946 0.00369329
39227 38 212 1.44 0.12 0.031 0.004 0.75 0.09 0.15 0.15 0.52 0.06 3.25 0.5 9.58 1.88 0.772155 0.102697 2.6278 0.307453 1.36184 0.300967 1.4988 0.0734413 0.165625 0.00596249 0.0585691 0.00292846 0.190345 0.00323587 0.053446 0.00304642
39227.1 39 223 1.19 0.1 0.025 0.004 0.64 0.09 0.23 0.23 0.38 0.05 2.22 0.44 7.49 1.79 0.519211 0.0690551 1.63674 0.191499 0.866172 0.191424 1.12681 0.0552138 0.0918733 0.00330744 0.045714 0.0022857 0.143456 0.00243875 0.0218205 0.00124377
39227.3 40 137 1.33 0.11 0.034 0.005 0.48 0.09 0.24 0.24 0.45 0.07 7.21 1.06 10.3 2.63 0.167694 0.0223033 2.87576 0.336464 1.09538 0.242079 1.29145 0.0632812 0.151826 0.00546574 0.0549443 0.00274722 0.166004 0.00282208 -0.00727796 -0.000414844
39227.4 41 167 1.5 0.13 0.026 0.006 0.73 0.11 0.15 0.15 0.35 0.06 2.92 0.58 10.54 2.55 0.672589 0.0894543 3.41258 0.399272 1.18825 0.262604 1.50028 0.0735138 0.116564 0.00419631 0.0610432 0.00305216 0.192284 0.00326882 0.0470754 0.0026833
39227.6 43 194 1.36 0.12 0.023 0.005 0.8 0.11 0.29 0.29 0.42 0.06 5.76 0.63 14.84 2.43 0.775033 0.103079 2.50304 0.292856 1.10266 0.243688 1.38806 0.068015 0.128466 0.00462479 0.0768422 0.00384211 0.177113 0.00301091 0.0440814 0.00251264
39227.7 44 196 1.44 0.12 0.052 0.005 1 0.12 0.12 0.12 0.54 0.07 6.68 0.67 14.01 2.18 1.14499 0.152283 2.94033 0.344019 1.40333 0.310135 1.48705 0.0728653 0.0735625 0.00264825 0.081468 0.0040734 0.193722 0.00329327 0.0489428 0.00278974
39227.8 45 254 1.7 0.14 0.095 0.008 1.22 0.13 0.53 0.53 0.93 0.09 2.75 0.5 12.18 1.75 1.4001 0.186213 1.77175 0.207295 1.58861 0.351083 1.72901 0.0847215 0.185401 0.00667444 0.100561 0.00502804 0.23446 0.00398583 0.131399 0.00748976
39228 46 186 1.62 0.13 0.201 0.012 1.04 0.12 0.85 0.85 1.89 0.17 4.67 0.62 18.16 2.38 1.14818 0.152708 2.9381 0.343758 1.8636 0.411855 1.73164 0.0848503 0.246333 0.00886797 0.107644 0.00538222 0.239978 0.00407962 0.173394 0.00988344
39228.2 47 176 1.78 0.15 0.211 0.015 1.42 0.16 0.33 0.33 2.13 0.19 3.29 0.69 17.98 2.67 1.17544 0.156333 2.37689 0.278096 1.79321 0.3963 1.82394 0.0893732 0.304552 0.0109639 0.117738 0.00588689 0.257871 0.00438381 0.187168 0.0106686
39228.3 48 160 1.83 0.15 0.215 0.013 1.3 0.15 0.68 0.68 2.11 0.19 6.58 0.69 11.9 9999 1.5133 0.201268 3.99603 0.467535 1.96482 0.434225 1.99643 0.097825 0.258054 0.00928994 0.127676 0.00638379 0.28004 0.00476068 0.19708 0.0112336
39228.4 49 189 2 0.17 0.201 0.013 1.47 0.16 0.54 0.54 1.94 0.17 4.44 0.72 17.32 2.44 1.67149 0.222308 4.3028 0.503428 2.0003 0.442067 1.97061 0.0965598 0.332949 0.0119862 0.127533 0.00637666 0.271739 0.00461957 0.235284 0.0134112
39228.6 50 184 1.78 0.14 0.331 0.019 1.17 0.13 0.87 0.87 3.02 0.25 5.45 0.69 22.03 2.47 1.35077 0.179652 3.70471 0.433451 2.07041 0.45756 1.81076 0.088727 0.371045 0.0133576 0.11706 0.00585298 0.266252 0.00452629 0.251902 0.0143584
39228.7 52 194 1.93 0.15 0.559 0.03 1.21 0.13 1.08 1.08 4.98 0.39 4.36 0.61 14.63 2.21 1.41171 0.187758 4.86634 0.569362 2.14683 0.474448 1.99537 0.097773 0.307782 0.0110802 0.124688 0.00623441 0.321878 0.00547193 0.429525 0.024483
39228.8 53 209 2.03 0.17 0.393 0.024 1.28 0.14 0.72 0.72 3.4 0.27 1.8 0.53 16.98 2.24 1.55025 0.206183 3.5359 0.4137 2.07232 0.457982 2.06831 0.101347 0.338048 0.0121697 0.133853 0.00669263 0.314537 0.00534714 0.355545 0.0202661
39229 54 192 1.89 0.15 0.314 0.018 1.31 0.14 0.79 0.79 2.86 0.23 4.72 0.61 9.57 1.97 1.52442 0.202747 2.67309 0.312752 1.63711 0.361801 1.93233 0.0946841 0.230366 0.00829317 0.115797 0.00578987 0.282492 0.00480236 0.244367 0.0139289
39229.1 55 216 2.08 0.17 0.16 0.011 1.22 0.14 0.37 0.37 1.24 0.12 1.22 0.55 17.75 2.22 1.35445 0.180142 1.7063 0.199637 1.55076 0.342717 2.04493 0.100201 0.184724 0.00665005 0.145034 0.00725169 0.271906 0.00462239 0.167635 0.00955518
39229.3 56 177 2.1 0.17 0.12 0.008 1.33 0.14 0.61 0.61 1.16 0.11 10.37 0.95 11.02 2.1 1.33631 0.17773 4.02111 0.47047 1.77747 0.39282 2.14079 0.104899 0.28809 0.0103712 0.136128 0.00680642 0.278772 0.00473912 0.215622 0.0122904
39229.4 57 182 2.49 0.2 0.166 0.012 1.69 0.18 0.89 0.89 1.63 0.15 4.78 0.74 15.53 2.57 1.74788 0.232468 3.25713 0.381085 2.35996 0.521551 2.4057 0.117879 0.280909 0.0101127 0.133647 0.00668237 0.324054 0.00550891 0.199673 0.0113814
39229.6 58 97 2.41 0.2 0.167 0.012 1.19 0.17 0.81 0.81 1.6 0.17 6.06 1.16 15.1 3.84 1.5223 0.202466 3.64079 0.425972 2.20036 0.48628 2.56455 0.125663 0.392324 0.0141237 0.15962 0.00798099 0.340339 0.00578577 0.178673 0.0101844
39229.7 59 177 2.55 0.21 0.176 0.013 1.51 0.17 0.38 0.38 1.69 0.15 5.39 0.9 16.83 2.56 1.70995 0.227423 4.42711 0.517971 1.8515 0.40918 2.64639 0.129673 0.296242 0.0106647 0.141731 0.00708654 0.356589 0.00606201 0.260263 0.014835
39229.8 61 201 2.87 0.23 0.364 0.024 1.89 0.19 0.56 0.56 2.61 0.22 5.25 0.85 19.54 2.44 2.13719 0.284247 4.55564 0.53301 2.12055 0.468641 2.99346 0.14668 0.317137 0.0114169 0.182223 0.00911113 0.41596 0.00707132 0.336814 0.0191984
39230 62 288 2.84 0.22 0.388 0.021 2.35 0.2 0.79 0.79 3.32 0.26 7.58 0.7 21.58 1.87 2.8884 0.384158 3.79095 0.443541 2.18383 0.482626 2.97893 0.145968 0.289266 0.0104136 0.174264 0.0087132 0.418299 0.00711109 0.344599 0.0196421
39230.2 63 113 3.27 0.27 0.376 0.026 1.58 0.2 0.71 0.71 2.75 0.25 17.45 2.21 26.33 3.89 1.79066 0.238157 4.8239 0.564396 2.50221 0.552988 3.50404 0.171698 0.460588 0.0165812 0.224389 0.0112194 0.480257 0.00816436 0.359146 0.0204713
39230.3 64 155 3.13 0.25 0.293 0.017 1.92 0.2 0.94 0.94 2.57 0.22 10.31 1 14.62 2.47 2.58816 0.344225 4.47548 0.523632 2.41421 0.533541 3.0562 0.149754 0.310749 0.011187 0.165431 0.00827156 0.410813 0.00698382 0.321882 0.0183473
39230.4 65 204 3.09 0.25 0.208 0.015 2.01 0.2 0.88 0.88 2.15 0.18 5.06 1.01 16.92 2.32 2.34288 0.311604 3.87553 0.453437 2.42732 0.536439 3.20283 0.156939 0.366157 0.0131817 0.23734 0.011867 0.425586 0.00723496 0.238739 0.0136081
39230.6 67 191 3.17 0.26 0.22 0.016 1.65 0.18 1.04 1.04 2.39 0.2 10.45 1.48 20.85 2.66 1.44469 0.192144 4.54061 0.531252 2.72932 0.60318 3.1358 0.153654 0.395805 0.014249 0.13121 0.0065605 0.421 0.00715701 0.213174 0.0121509
39230.7 68 187 3.53 0.27 0.174 0.011 2.29 0.21 1.56 1.56 1.64 0.15 9.27 1.01 21.67 2.4 2.42156 0.322067 5.88003 0.687964 3.00873 0.664929 3.59193 0.176005 0.383921 0.0138212 0.144575 0.00722876 0.469727 0.00798536 0.216502 0.0123406
39230.8 69 223 5.15 0.42 0.278 0.021 4.56 0.41 1.48 1.48 2.7 0.23 3.81 0.98 31.64 2.87 4.4784 0.595627 5.85261 0.684755 3.46168 0.76503 4.73189 0.231863 0.512395 0.0184462 0.196589 0.00982945 0.620886 0.0105551 0.301922 0.0172096
39231 70 201 4.95 0.38 0.272 0.017 4.55 0.38 1.55 1.55 2.69 0.22 11.38 1.06 26.27 2.44 5.0589 0.672834 5.61611 0.657085 3.12299 0.690181 5.13129 0.251433 0.463988 0.0167036 0.206661 0.0103331 0.684037 0.0116286 0.410006 0.0233704
39231.2 71 190 5.69 0.46 0.26 0.022 6.37 0.55 1.86 1.86 2.49 0.21 11.86 1.27 26.55 2.78 5.87575 0.781475 5.81989 0.680927 2.95426 0.652892 5.02411 0.246181 0.440385 0.0158539 0.200685 0.0100342 0.667287 0.0113439 0.41354 0.0235718
39231.3 72 177 4.74 0.36 0.271 0.016 4.94 0.41 1.64 1.64 2.2 0.19 15.42 1.35 30.44 2.96 5.53638 0.736338 6.00463 0.702542 2.88228 0.636983 4.56033 0.223456 0.406728 0.0146422 0.197405 0.00987026 0.601996 0.0102339 0.353904 0.0201725
39231.4 73 202 4.74 0.38 0.157 0.013 4.36 0.39 1.12 1.12 1.45 0.13 10.79 1.09 30.69 2.96 4.66652 0.620647 5.22812 0.61169 2.92855 0.647209 4.73866 0.232194 0.440532 0.0158592 0.183426 0.00917129 0.618623 0.0105166 0.301851 0.0172055
39231.6 74 187 4.67 0.36 0.139 0.012 4.97 0.41 1.66 1.66 1.34 0.13 13.63 1.24 38.27 3.17 5.61406 0.74667 5.96553 0.697967 2.97 0.656369 4.95009 0.242554 0.379483 0.0136614 0.210244 0.0105122 0.638416 0.0108531 0.265244 0.0151189
39231.7 75 187 9999 9999 9999 9999 9999 9999 9999 9999 9999 9999 9999 9999 26.11 2.72 9999 9999 9999 9999 9999 9999 9999 9999 9999 9999 9999 9999 9999 9999 9999 9999
39231.8 77 191 4.98 0.38 0.156 0.012 5.36 0.45 2.02 2.02 1.55 0.14 17.98 1.59 33.23 3.04 5.96114 0.792832 6.53749 0.764886 3.42193 0.756247 4.97916 0.243979 0.401151 0.0144415 0.200869 0.0100435 0.641769 0.0109101 0.285264 0.0162601
39232 78 220 5.43 0.44 0.243 0.024 5.62 0.5 0.88 0.88 1.76 0.16 4.28 1.12 30.75 2.88 6.43074 0.855288 5.22393 0.6112 3.53789 0.781873 5.29988 0.259694 0.384893 0.0138562 0.212606 0.0106303 0.695162 0.0118178 0.41999 0.0239394
39232.1 79 226 4.7 0.36 0.287 0.017 5.66 0.46 1.73 1.73 2.15 0.18 15.19 1.31 24.14 2.57 6.95824 0.925446 8.46624 0.99055 3.43554 0.759255 5.07961 0.248901 0.499576 0.0179847 0.201797 0.0100898 0.683818 0.0116249 0.63201 0.0360246
