CVAO_datasets/Ebas_220513_0745/CV0001G.20150602000000.20170718000000.online_crds.carbon_monoxide.air.7mo.1h.GB12L_CVO_Picarro_G2301.GB12L_Picarro.lev2.nas
71 1001
Read, Katie
GB12L, National Centre for Atmospheric Science, NCAS, , Department of Chemistry, University of York, YO10 5DD, York, United Kingdom
Read, Katie
Independent
1 1
2015 01 01 2017 07 18
0.041667
days from file reference point
6
1 1 1 1 1 1
999.999999 9999.9 9999.9 9999.9 999.9 9.999
end_time of measurement, days from the file reference point
carbon_monoxide, nmol/mol, Statistics=arithmetic mean, Measurement uncertainty=4.0 nmol/mol, Measurement uncertainty expl.="sqrt of bkgrd/sig/sens. Data accuracy = +/-2 nmol/mol."
carbon_monoxide, nmol/mol, Statistics=maximum
carbon_monoxide, nmol/mol, Statistics=minimum
carbon_monoxide, nmol/mol, Statistics=stddev
numflag, no unit
0
51
Data definition:              EBAS_1.1
Set type code:                TU
Timezone:                     UTC
File name:                    CV0001G.20150602000000.20170718000000.online_crds.carbon_monoxide.air.7mo.1h.GB12L_CVO_Picarro_G2301.GB12L_Picarro.lev2.nas
File creation:                20220513054626423000
Export state:                 20220513054557816000
Export filter:                exclude-900,exclude-invalid
Startdate:                    20150101000000
Revision date:                20170718000000
Version:                      1
Version description:          initial revision, manually inspected
Data level:                   2
Period code:                  7mo
Resolution code:              1h
Sample duration:              1h
Orig. time res.:              4s
Station code:                 CV0001G
Platform code:                CV0001S
Station name:                 Cape Verde Atmospheric Observatory
Station GAW-ID:               CVO
Station GAW-Name:             Cape Verde Observatory
Station land use:             Gravel and stone
Station setting:              Coastal
Station GAW type:             G
Station WMO region:           1
Station latitude:             16.86403
Station longitude:            -24.86752
Station altitude:             10.0 m
Measurement height:           10.0 m
Regime:                       IMG
Component:                    carbon_monoxide
Unit:                         nmol/mol
Matrix:                       air
Laboratory code:              GB12L
Instrument type:              online_crds
Instrument name:              CVO_Picarro_G2301
Instrument manufacturer:      Picarro
Instrument model:             G2301
Instrument serial number:     2190-CFKADS2179
Method ref:                   GB12L_Picarro
Calibration scale:            WMO CO X2014A
Calibration standard ID:      NOAA, CB09507
Inlet type:                   Hat or hood
Inlet description:            Downward facing with hood
Volume std. temperature:      273.15 K
Volume std. pressure:         1013.25 hPa
Originator:                   Read, Katie, katie.read@ncas.ac.uk, National centre for Atmospheric Science, NCAS, WACL, University of York, Heslington, YO10 5DD, York, United Kingdom
Submitter:                    Read, Katie, katie.read@ncas.ac.uk, National centre for Atmospheric Science, NCAS, WACL, University of York, Heslington, YO10 5DD, York, United Kingdom
Acknowledgement:              In the event of publications using this data the author must contact the Atmospheric Measurement Facility (AMF), National Centre for Atmospheric Science (NCAS).
Comment:                      Sample not dried
starttime endtime CO CO CO CO flag
[from data line 873]
188.375000 188.416667   84.6   87.7   82.7   1.1 0.000
188.416667 188.458333   85.5   87.9   83.2   1.1 0.000
188.458333 188.500000   85.1   87.7   83.2   0.9 0.000
188.500000 188.541667   83.6   86.3   81.6   1.1 0.000
188.541667 188.583333   83.2   84.9   80.7   0.9 0.000
188.583333 188.625000   84.3   86.5   82.3   0.9 0.000
188.625000 188.666667   84.1   86.9   81.7   1.1 0.000
188.666667 188.708333   83.9   86.7   81.5   1.0 0.000
188.708333 188.750000   84.2   86.3   81.2   1.0 0.000
188.750000 188.791667   84.4   87.0   82.5   1.0 0.000
188.791667 188.833333   84.7   90.4   82.4   1.3 0.000
188.833333 188.875000   84.2   86.8   81.6   1.0 0.000
188.875000 188.916667   84.1   86.4   81.4   1.1 0.000
188.916667 188.958333   84.9   86.9   82.1   0.9 0.000
188.958333 189.000000   84.4   87.3   81.5   1.1 0.000
189.000000 189.041667   84.8   89.5   82.1   1.2 0.000
189.041667 189.083333   84.5   87.0   82.6   1.0 0.000
189.083333 189.125000   85.0   86.7   82.9   0.9 0.000
189.125000 189.166667   84.3   86.5   80.4   0.9 0.000
189.166667 189.208333   84.3   86.6   81.9   1.1 0.000
189.208333 189.250000   84.8   86.6   82.6   0.9 0.000
189.250000 189.291667   84.7   86.4   82.9   0.9 0.000
189.291667 189.333333   85.2   90.9   83.2   1.5 0.000
189.333333 189.375000   85.4   88.0   83.0   1.1 0.000
189.375000 189.416667   86.0   88.1   84.0   1.0 0.000
189.416667 189.458333   85.9   89.3   83.1   1.3 0.000
189.458333 189.500000   85.7   93.1   83.3   1.5 0.000
189.500000 189.541667   85.5   87.6   82.8   1.1 0.000
189.541667 189.583333   85.2   87.0   83.2   0.9 0.000
189.583333 189.625000   86.1  105.1   83.3   3.1 0.000
189.625000 189.666667   85.5   92.7   82.4   1.8 0.000
189.666667 189.708333 9999.9 9999.9 9999.9 999.9 0.999
189.708333 189.750000   85.5   88.0   83.8   0.9 0.000
189.750000 189.791667   85.2   87.8   83.0   0.9 0.000
189.791667 189.833333   85.2   87.2   83.2   1.0 0.000
189.833333 189.875000   85.2   87.4   82.8   1.1 0.000
189.875000 189.916667   85.5   87.3   83.6   0.8 0.000
189.916667 189.958333   85.3   87.3   82.7   0.9 0.000
189.958333 190.000000   85.1   89.2   82.8   1.3 0.000
190.000000 190.041667   85.8   88.2   83.6   0.9 0.000
190.041667 190.083333   85.6   88.6   83.5   1.0 0.000
190.083333 190.125000   85.4   88.7   83.5   1.0 0.000
190.125000 190.166667   85.5   88.2   81.9   1.1 0.000
190.166667 190.208333   85.8   87.8   83.5   0.9 0.000
190.208333 190.250000   85.5   88.3   82.7   1.1 0.000
190.250000 190.291667   85.5   87.4   83.0   1.0 0.000
190.291667 190.333333   89.6  118.9   83.2   7.5 0.000
190.333333 190.375000   85.7   87.6   83.7   1.0 0.000
190.375000 190.416667   86.4   88.6   83.0   1.1 0.000
190.416667 190.458333   86.4   89.0   83.6   1.0 0.000
190.458333 190.500000   86.5   88.2   84.7   0.9 0.000
190.500000 190.541667   85.5   88.5   83.0   1.1 0.000
190.541667 190.583333   86.3  134.0   81.6   8.4 0.000
190.583333 190.625000   84.6   87.4   81.9   1.1 0.000
190.625000 190.666667   84.6   87.4   82.0   1.0 0.000
190.666667 190.708333   84.6   87.2   81.9   1.0 0.000
190.708333 190.750000   84.0   86.3   82.3   1.1 0.000
190.750000 190.791667   83.8   86.1   81.3   1.1 0.000
190.791667 190.833333   84.1   86.6   81.9   1.0 0.000
190.833333 190.875000   84.1   86.4   82.0   0.9 0.000
190.875000 190.916667   84.6   87.4   82.1   1.1 0.000
190.916667 190.958333   85.8   88.2   82.7   1.2 0.000
190.958333 191.000000   85.9   87.8   83.8   1.0 0.000
191.000000 191.041667   87.4   90.5   83.6   1.4 0.000
191.041667 191.083333   86.4   89.1   84.2   1.2 0.000
191.083333 191.125000   86.7   88.3   84.7   0.9 0.000
191.125000 191.166667   87.2   90.0   84.6   1.2 0.000
191.166667 191.208333   87.8   89.7   86.2   0.8 0.000
191.208333 191.250000   87.8   90.2   85.8   0.9 0.000
191.250000 191.291667   88.6   91.2   85.9   1.1 0.000
191.291667 191.333333   88.8   91.1   86.7   0.9 0.000
191.333333 191.375000   89.0   91.2   86.8   1.1 0.000
191.375000 191.416667   89.9  107.6   87.4   2.8 0.000
191.416667 191.458333   89.5   92.1   87.4   1.1 0.000
191.458333 191.500000   89.8   91.8   86.7   1.0 0.000
191.500000 191.541667   90.4   92.1   88.6   0.8 0.000
191.541667 191.583333   90.5   92.8   87.3   1.0 0.000
191.583333 191.625000   90.0   92.3   88.0   1.0 0.000
191.625000 191.666667   90.2   92.5   88.2   0.9 0.000
191.666667 191.708333   90.3   92.7   88.0   1.2 0.000
191.708333 191.750000   90.1   92.2   88.0   0.9 0.000
191.750000 191.791667   90.2   92.3   87.6   1.0 0.000
191.791667 191.833333   91.1   92.8   89.1   0.9 0.000
191.833333 191.875000   91.3   93.4   89.5   0.9 0.000
191.875000 191.916667   91.7   94.6   89.2   1.2 0.000
191.916667 191.958333   91.9   94.1   89.4   1.1 0.000
191.958333 192.000000   92.1   94.6   89.6   1.1 0.000
192.000000 192.041667   92.3   94.5   90.0   0.9 0.000
192.041667 192.083333   92.2   93.8   89.7   1.0 0.000
192.083333 192.125000   92.6   94.6   89.9   1.1 0.000
192.125000 192.166667   92.6   94.8   90.8   0.9 0.000
192.166667 192.208333   92.4   94.2   89.8   1.0 0.000
192.208333 192.250000   92.5   94.5   90.7   1.0 0.000
192.250000 192.291667   92.8   95.8   90.5   1.0 0.000
192.291667 192.333333   92.8   95.0   90.5   1.0 0.000
192.333333 192.375000   93.3   96.4   91.2   1.0 0.000
192.375000 192.416667   93.2   95.2   91.1   1.1 0.000
192.416667 192.458333   93.3   95.6   91.1   1.0 0.000
192.458333 192.500000   93.1   95.2   90.7   1.0 0.000
192.500000 192.541667   92.9   96.5   90.8   1.0 0.000
192.541667 192.583333   93.1   94.7   90.5   0.9 0.000
192.583333 192.625000   92.9   95.6   90.9   1.0 0.000
192.625000 192.666667   92.8   95.2   90.5   0.9 0.000
192.666667 192.708333   92.5   95.2   89.5   1.1 0.000
192.708333 192.750000   92.2   94.3   89.1   0.9 0.000
192.750000 192.791667   91.6   94.5   88.5   1.4 0.000
192.791667 192.833333   91.1   93.7   89.0   0.9 0.000
192.833333 192.875000   91.2   93.5   89.1   1.0 0.000
192.875000 192.916667   91.5   93.8   89.9   0.9 0.000
192.916667 192.958333   91.3   93.3   88.7   0.9 0.000
192.958333 193.000000   91.2   93.0   89.4   0.8 0.000
193.000000 193.041667   91.6   93.5   90.0   0.8 0.000
193.041667 193.083333   92.5   95.0   90.4   0.9 0.000
193.083333 193.125000   92.3   94.4   90.9   0.8 0.000
193.125000 193.166667   92.1   94.0   89.4   1.0 0.000
193.166667 193.208333   90.9   93.9   88.3   1.3 0.000
193.208333 193.250000   88.9   91.3   86.5   1.0 0.000
193.250000 193.291667   89.2   91.3   86.7   1.0 0.000
193.291667 193.333333   88.8   91.1   84.6   1.1 0.000
193.333333 193.375000   90.6   93.1   87.3   1.2 0.000
193.375000 193.416667   91.8   94.1   88.2   1.0 0.000
193.416667 193.458333   91.5   92.9   89.0   0.8 0.000
193.458333 193.500000   91.6   93.6   89.4   1.0 0.000
193.500000 193.541667   91.0   92.9   88.5   0.8 0.000
193.541667 193.583333   90.4   93.3   87.6   1.0 0.000
193.583333 193.625000   89.2   93.0   86.5   1.5 0.000
193.625000 193.666667   87.2   90.0   84.6   1.2 0.000
193.666667 193.708333   88.0   90.6   85.3   1.2 0.000
193.708333 193.750000   87.9   89.6   86.4   0.8 0.000
193.750000 193.791667   88.4   90.9   85.9   1.2 0.000
193.791667 193.833333   90.6   92.2   88.7   0.9 0.000
193.833333 193.875000   91.3   93.4   88.9   0.9 0.000
193.875000 193.916667   90.7   93.3   87.2   1.3 0.000
193.916667 193.958333   86.8   90.1   84.5   1.3 0.000
193.958333 194.000000   85.6   88.1   82.7   1.0 0.000
194.000000 194.041667   84.8   86.7   82.3   1.0 0.000
194.041667 194.083333   83.1   86.3   80.0   1.3 0.000
194.083333 194.125000   81.0   83.2   77.7   1.2 0.000
194.125000 194.166667   80.8   83.8   78.7   1.2 0.000
194.166667 194.208333   80.6   83.5   78.2   1.1 0.000
194.208333 194.250000   81.4   83.5   79.1   1.0 0.000
194.250000 194.291667   82.9   85.4   80.5   1.0 0.000
194.291667 194.333333   82.3   85.1   79.6   1.2 0.000
194.333333 194.375000   82.8   86.8   80.2   1.5 0.000
194.375000 194.416667   84.6   86.0   81.8   0.9 0.000
194.416667 194.458333   84.0   87.1   81.6   1.1 0.000
194.458333 194.500000   83.8   86.1   81.9   1.0 0.000
194.500000 194.541667   83.1   86.6   81.0   1.1 0.000
194.541667 194.583333   82.5   85.2   80.4   1.1 0.000
194.583333 194.625000   82.0   84.5   79.5   1.0 0.000
194.625000 194.666667   81.0   84.3   78.5   1.1 0.000
194.666667 194.708333   80.6   82.5   78.1   0.9 0.000
194.708333 194.750000   80.9   84.0   77.5   1.3 0.000
194.750000 194.791667   82.9   85.5   81.0   1.0 0.000
194.791667 194.833333   85.0   87.4   82.5   1.1 0.000
194.833333 194.875000   85.3   86.9   83.1   0.9 0.000
194.875000 194.916667   85.3   88.0   83.1   1.0 0.000
194.916667 194.958333   86.4   88.9   83.7   1.2 0.000
194.958333 195.000000   87.5   89.9   85.0   1.0 0.000
195.000000 195.041667   88.1   91.0   85.8   1.2 0.000
195.041667 195.083333   88.1   90.1   86.3   0.8 0.000
195.083333 195.125000   87.9   89.9   85.1   1.0 0.000
195.125000 195.166667   87.7   89.8   86.1   0.9 0.000
195.166667 195.208333   87.7   90.7   85.2   1.0 0.000
195.208333 195.250000   87.4   89.6   85.7   0.9 0.000
195.250000 195.291667   87.2   88.9   85.2   0.8 0.000
195.291667 195.333333   87.3   89.6   84.5   1.1 0.000
195.333333 195.375000   86.0   88.7   82.8   1.1 0.000
195.375000 195.416667   85.8   88.2   84.0   1.0 0.000
195.416667 195.458333   86.0   96.3   83.3   2.6 0.000
195.458333 195.500000   84.5   87.2   82.4   1.1 0.000
195.500000 195.541667   84.1   86.8   81.6   1.0 0.000
195.541667 195.583333   83.7   86.7   80.6   1.2 0.000
195.583333 195.625000   83.9   86.4   80.2   1.2 0.000
195.625000 195.666667   83.0   85.3   81.1   0.9 0.000
195.666667 195.708333   82.7   84.8   80.0   0.9 0.000
195.708333 195.750000   83.0   85.9   79.6   1.1 0.000
195.750000 195.791667   83.1   85.3   80.7   1.0 0.000
195.791667 195.833333   82.4   84.9   80.3   1.0 0.000
195.833333 195.875000   81.7   84.2   79.2   1.1 0.000
195.875000 195.916667   81.3   83.6   78.9   1.2 0.000
195.916667 195.958333   81.5   84.0   79.5   1.0 0.000
195.958333 196.000000   81.6   84.2   79.7   0.9 0.000
196.000000 196.041667   82.1   84.6   79.4   1.2 0.000
196.041667 196.083333   82.6   84.9   80.5   0.9 0.000
196.083333 196.125000   83.2   85.9   80.9   1.0 0.000
196.125000 196.166667   83.0   84.7   81.3   1.0 0.000
196.166667 196.208333   83.6   85.1   81.3   0.9 0.000
196.208333 196.250000   84.1   86.0   82.4   1.0 0.000
196.250000 196.291667   83.9   86.3   81.9   1.0 0.000
196.291667 196.333333   84.9   87.6   83.4   0.9 0.000
196.333333 196.375000   85.8   88.2   83.5   1.1 0.000
196.375000 196.416667   86.4   92.8   84.6   1.5 0.000
196.416667 196.458333   87.2   89.9   85.4   1.1 0.000
196.458333 196.500000   87.0   89.0   84.0   1.1 0.000
196.500000 196.541667   86.5   92.1   84.4   1.4 0.000
196.541667 196.583333   85.9   88.5   83.3   1.1 0.000
196.583333 196.625000   87.6  107.3   83.0   5.4 0.000
196.625000 196.666667   85.1   94.5   82.5   2.0 0.000
196.666667 196.708333   84.7   86.4   82.8   0.9 0.000
196.708333 196.750000   84.1   86.6   81.9   1.0 0.000
196.750000 196.791667   84.2   95.7   80.5   2.0 0.000
196.791667 196.833333   84.0   86.1   81.3   1.1 0.000
196.833333 196.875000   86.2   89.3   83.8   1.2 0.000
196.875000 196.916667   88.1   90.8   85.6   1.3 0.000
196.916667 196.958333   91.3   94.1   88.7   1.4 0.000
196.958333 197.000000   93.7   96.2   91.4   1.1 0.000
197.000000 197.041667   94.6   98.8   92.2   1.4 0.000
197.041667 197.083333   96.2   98.1   93.7   1.0 0.000
197.083333 197.125000   97.4  100.3   95.1   1.0 0.000
197.125000 197.166667   98.5  100.2   96.3   0.9 0.000
197.166667 197.208333   99.1  101.6   96.9   0.9 0.000
197.208333 197.250000   99.1  101.9   97.1   1.0 0.000
197.250000 197.291667   99.6  101.7   97.6   1.0 0.000
197.291667 197.333333   99.7  102.1   97.7   0.9 0.000
197.333333 197.375000  100.3  102.6   98.0   1.0 0.000
197.375000 197.416667  100.9  103.3   98.3   0.9 0.000
197.416667 197.458333  101.4  103.2   98.4   1.0 0.000
197.458333 197.500000  101.7  103.6   99.6   0.9 0.000
197.500000 197.541667  102.5  114.1   99.4   2.2 0.000
197.541667 197.583333  103.8  106.6  100.9   1.2 0.000
197.583333 197.625000  104.2  106.7  101.4   1.3 0.000
197.625000 197.666667  105.2  107.2  103.1   1.1 0.000
197.666667 197.708333  105.1  107.2  103.1   0.9 0.000
197.708333 197.750000  106.2  120.9  104.1   2.4 0.000
197.750000 197.791667  105.7  108.5  103.5   1.1 0.000
197.791667 197.833333  106.6  108.5  104.8   1.0 0.000
197.833333 197.875000  106.8  119.0  103.2   2.2 0.000
197.875000 197.916667  105.5  107.6  103.2   1.0 0.000
197.916667 197.958333  105.4  108.1  103.6   1.0 0.000
197.958333 198.000000  105.1  107.3  103.1   1.0 0.000
198.000000 198.041667  105.0  107.3  102.6   1.0 0.000
198.041667 198.083333  103.9  106.0  101.2   1.1 0.000
198.083333 198.125000  103.2  105.7  100.8   1.1 0.000
198.125000 198.166667  102.0  103.9  100.3   0.9 0.000
198.166667 198.208333  100.8  103.7   97.2   1.1 0.000
198.208333 198.250000   99.0  101.1   96.5   1.0 0.000
198.250000 198.291667   98.3  100.3   96.6   0.9 0.000
198.291667 198.333333   98.1   99.9   95.4   0.9 0.000
198.333333 198.375000   97.9   99.8   95.3   1.0 0.000
198.375000 198.416667   98.4  100.7   96.4   0.9 0.000
198.416667 198.458333  100.0  144.4   96.1   7.9 0.000
198.458333 198.500000  102.8  119.7   99.2   4.3 0.000
198.500000 198.541667   99.8  103.2   97.0   1.2 0.000
198.541667 198.583333   99.5  102.2   96.9   1.0 0.000
198.583333 198.625000  100.2  104.9   97.6   1.6 0.000
198.625000 198.666667   98.1  100.7   95.5   1.1 0.000
198.666667 198.708333   97.8   99.9   95.9   0.9 0.000
198.708333 198.750000   97.1   99.4   94.2   1.2 0.000
198.750000 198.791667   96.6   98.6   94.4   0.9 0.000
198.791667 198.833333   97.2   99.8   95.3   1.1 0.000
198.833333 198.875000   97.2   99.1   95.2   0.9 0.000
198.875000 198.916667   98.4  100.4   95.6   1.2 0.000
198.916667 198.958333   98.7  100.8   96.0   0.9 0.000
198.958333 199.000000   98.4  101.1   96.1   0.9 0.000
199.000000 199.041667   98.6  100.8   96.5   0.9 0.000
199.041667 199.083333   98.3  100.6   92.1   1.3 0.000
199.083333 199.125000   98.9  101.3   96.9   0.9 0.000
199.125000 199.166667   99.4  101.6   97.6   0.9 0.000
199.166667 199.208333   99.2  101.1   96.6   1.0 0.000
199.208333 199.250000   99.6  101.7   96.6   1.1 0.000
199.250000 199.291667   99.5  102.0   97.5   1.0 0.000
199.291667 199.333333   97.9  101.7   95.1   1.4 0.000
199.333333 199.375000   96.9   98.8   94.2   1.1 0.000
199.375000 199.416667   96.4   99.0   94.8   0.9 0.000
199.416667 199.458333   95.8   98.1   93.5   1.0 0.000
199.458333 199.500000   95.5   98.7   92.7   1.2 0.000
199.500000 199.541667   94.7   96.5   92.4   1.0 0.000
199.541667 199.583333   94.1   95.9   92.2   0.9 0.000
199.583333 199.625000   93.2   96.4   90.6   1.2 0.000
199.625000 199.666667   91.9   95.3   88.9   1.2 0.000
199.666667 199.708333   91.4  135.1   87.9   6.4 0.000
199.708333 199.750000   88.6   90.4   86.3   1.0 0.000
199.750000 199.791667   87.3   89.3   85.7   0.8 0.000
199.791667 199.833333   86.0   88.4   83.9   1.0 0.000
199.833333 199.875000   85.6   87.4   83.9   0.9 0.000
199.875000 199.916667   85.3   87.2   82.8   1.0 0.000
199.916667 199.958333   84.3   86.5   82.0   1.0 0.000
199.958333 200.000000   83.9   86.6   81.7   1.0 0.000
200.000000 200.041667   85.4   87.8   82.9   1.3 0.000
200.041667 200.083333   86.5   89.2   82.9   1.2 0.000
200.083333 200.125000   86.3   88.3   84.3   1.1 0.000
200.125000 200.166667   85.7   87.8   83.5   0.9 0.000
200.166667 200.208333   85.4   88.0   83.5   1.0 0.000
200.208333 200.250000   85.3   87.5   81.7   1.1 0.000
200.250000 200.291667   85.7   88.4   82.7   1.2 0.000
200.291667 200.333333   85.9   88.7   83.0   1.0 0.000
200.333333 200.375000   86.4   88.7   84.4   1.0 0.000
200.375000 200.416667   86.4   89.5   84.6   1.0 0.000
200.416667 200.458333   86.5   89.2   84.4   0.9 0.000
