CVAO_datasets/Ebas_220513_0745/CV0001G.20150602000000.20170718000000.online_crds.carbon_monoxide.air.7mo.1h.GB12L_CVO_Picarro_G2301.GB12L_Picarro.lev2.nas
71 1001
Read, Katie
GB12L, National Centre for Atmospheric Science, NCAS, , Department of Chemistry, University of York, YO10 5DD, York, United Kingdom
Read, Katie
Independent
1 1
2015 01 01 2017 07 18
0.041667
days from file reference point
6
1 1 1 1 1 1
999.999999 9999.9 9999.9 9999.9 999.9 9.999
end_time of measurement, days from the file reference point
carbon_monoxide, nmol/mol, Statistics=arithmetic mean, Measurement uncertainty=4.0 nmol/mol, Measurement uncertainty expl.="sqrt of bkgrd/sig/sens. Data accuracy = +/-2 nmol/mol."
carbon_monoxide, nmol/mol, Statistics=maximum
carbon_monoxide, nmol/mol, Statistics=minimum
carbon_monoxide, nmol/mol, Statistics=stddev
numflag, no unit
0
51
Data definition:              EBAS_1.1
Set type code:                TU
Timezone:                     UTC
File name:                    CV0001G.20150602000000.20170718000000.online_crds.carbon_monoxide.air.7mo.1h.GB12L_CVO_Picarro_G2301.GB12L_Picarro.lev2.nas
File creation:                20220513054626423000
Export state:                 20220513054557816000
Export filter:                exclude-900,exclude-invalid
Startdate:                    20150101000000
Revision date:                20170718000000
Version:                      1
Version description:          initial revision, manually inspected
Data level:                   2
Period code:                  7mo
Resolution code:              1h
Sample duration:              1h
Orig. time res.:              4s
Station code:                 CV0001G
Platform code:                CV0001S
Station name:                 Cape Verde Atmospheric Observatory
Station GAW-ID:               CVO
Station GAW-Name:             Cape Verde Observatory
Station land use:             Gravel and stone
Station setting:              Coastal
Station GAW type:             G
Station WMO region:           1
Station latitude:             16.86403
Station longitude:            -24.86752
Station altitude:             10.0 m
Measurement height:           10.0 m
Regime:                       IMG
Component:                    carbon_monoxide
Unit:                         nmol/mol
Matrix:                       air
Laboratory code:              GB12L
Instrument type:              online_crds
Instrument name:              CVO_Picarro_G2301
Instrument manufacturer:      Picarro
Instrument model:             G2301
Instrument serial number:     2190-CFKADS2179
Method ref:                   GB12L_Picarro
Calibration scale:            WMO CO X2014A
Calibration standard ID:      NOAA, CB09507
Inlet type:                   Hat or hood
Inlet description:            Downward facing with hood
Volume std. temperature:      273.15 K
Volume std. pressure:         1013.25 hPa
Originator:                   Read, Katie, katie.read@ncas.ac.uk, National centre for Atmospheric Science, NCAS, WACL, University of York, Heslington, YO10 5DD, York, United Kingdom
Submitter:                    Read, Katie, katie.read@ncas.ac.uk, National centre for Atmospheric Science, NCAS, WACL, University of York, Heslington, YO10 5DD, York, United Kingdom
Acknowledgement:              In the event of publications using this data the author must contact the Atmospheric Measurement Facility (AMF), National Centre for Atmospheric Science (NCAS).
Comment:                      Sample not dried
starttime endtime CO CO CO CO flag
[from data line 582]
176.250000 176.291667   84.2   87.0   82.1   1.0 0.000
176.291667 176.333333   84.9   86.7   82.1   1.0 0.000
176.333333 176.375000   85.3   87.3   83.3   0.9 0.000
176.375000 176.416667   84.8   87.1   82.8   1.0 0.000
176.416667 176.458333   84.0   85.9   81.1   1.0 0.000
176.458333 176.500000   82.5   85.2   80.5   1.0 0.000
176.500000 176.541667   80.5   84.2   77.2   1.2 0.000
176.541667 176.583333   80.3   82.2   78.4   1.0 0.000
176.583333 176.625000   79.4   82.5   77.4   1.1 0.000
176.625000 176.666667   78.1   80.4   74.9   1.1 0.000
176.666667 176.708333   78.7   89.3   75.9   1.8 0.000
176.708333 176.750000   78.4   80.0   77.0   0.8 0.000
176.750000 176.791667   78.7   80.5   76.9   0.9 0.000
176.791667 176.833333   78.9   81.9   76.8   1.1 0.000
176.833333 176.875000   78.9   80.9   77.1   0.9 0.000
176.875000 176.916667   79.4   81.1   77.4   0.8 0.000
176.916667 176.958333   79.6   81.2   77.1   0.9 0.000
176.958333 177.000000   79.7   81.9   77.1   1.0 0.000
177.000000 177.041667   80.1   82.2   77.4   1.0 0.000
177.041667 177.083333   79.8   82.0   77.7   1.0 0.000
177.083333 177.125000   80.4   82.9   77.4   1.0 0.000
177.125000 177.166667   79.8   82.6   77.7   1.0 0.000
177.166667 177.208333   79.8   81.9   77.9   1.0 0.000
177.208333 177.250000   78.9   82.1   77.2   1.0 0.000
177.250000 177.291667   79.4   82.1   77.0   1.0 0.000
177.291667 177.333333   79.2   82.2   77.1   1.0 0.000
177.333333 177.375000   79.2   82.1   76.9   0.9 0.000
177.375000 177.416667   79.1  104.9   76.1   3.6 0.000
177.416667 177.458333   77.7   87.0   75.1   1.6 0.000
177.458333 177.500000   79.2   88.9   74.7   3.1 0.000
177.500000 177.541667   79.1   87.3   74.8   3.2 0.000
177.541667 177.583333   77.8   79.7   75.8   1.0 0.000
177.583333 177.625000   77.7   80.6   75.3   1.0 0.000
177.625000 177.666667   78.2   80.0   76.3   0.9 0.000
177.666667 177.708333   77.4   80.1   74.4   1.2 0.000
177.708333 177.750000   77.5   79.9   74.9   1.1 0.000
177.750000 177.791667   76.9   79.1   74.9   1.0 0.000
177.791667 177.833333   77.2   79.7   75.3   0.9 0.000
177.833333 177.875000   77.7   79.7   74.6   1.0 0.000
177.875000 177.916667   77.6   79.8   73.9   1.0 0.000
177.916667 177.958333   77.1   79.3   73.9   1.2 0.000
177.958333 178.000000   76.5   79.1   74.0   1.0 0.000
178.000000 178.041667   77.0   80.9   75.2   1.0 0.000
178.041667 178.083333   77.1   79.1   75.0   0.9 0.000
178.083333 178.125000   76.9   79.2   75.0   0.9 0.000
178.125000 178.166667   76.6   78.7   73.9   1.1 0.000
178.166667 178.208333   76.5   79.1   74.2   1.0 0.000
178.208333 178.250000   76.3   78.3   74.6   1.0 0.000
178.250000 178.291667   76.2   78.0   74.1   0.9 0.000
178.291667 178.333333   76.9   79.5   74.6   1.0 0.000
178.333333 178.375000   77.3   80.4   75.5   1.0 0.000
178.375000 178.416667   77.4   79.2   74.6   0.9 0.000
178.416667 178.458333   77.3   79.1   74.4   1.0 0.000
178.458333 178.500000   76.6   78.9   74.5   0.9 0.000
178.500000 178.541667   76.5   78.5   74.7   0.9 0.000
178.541667 178.583333   75.3   78.2   72.4   1.1 0.000
178.583333 178.625000   75.4   77.4   73.0   1.1 0.000
178.625000 178.666667   75.3   77.7   72.8   1.0 0.000
178.666667 178.708333   75.4   77.4   72.8   1.0 0.000
178.708333 178.750000   75.4   85.1   72.9   1.6 0.000
178.750000 178.791667   74.7   77.2   72.4   1.1 0.000
178.791667 178.833333   74.8   77.4   72.4   1.2 0.000
178.833333 178.875000   75.5   78.2   73.4   1.0 0.000
178.875000 178.916667   75.6   78.0   72.9   1.0 0.000
178.916667 178.958333   75.6   78.3   72.6   1.0 0.000
178.958333 179.000000   75.8   77.7   74.1   0.8 0.000
179.000000 179.041667   75.7   78.4   73.1   1.1 0.000
179.041667 179.083333   75.7   78.0   73.6   1.0 0.000
179.083333 179.125000   75.7   77.7   73.1   1.0 0.000
179.125000 179.166667   75.5   77.4   73.8   0.9 0.000
179.166667 179.208333   75.7   78.5   73.5   1.1 0.000
179.208333 179.250000   76.3   78.3   74.1   1.0 0.000
179.250000 179.291667   76.1   78.5   74.2   1.0 0.000
179.291667 179.333333   76.6   78.7   74.0   1.1 0.000
179.333333 179.375000   77.0   79.3   75.2   0.9 0.000
179.375000 179.416667   77.2   79.5   74.4   1.0 0.000
179.416667 179.458333   77.0   79.3   74.5   1.0 0.000
179.458333 179.500000   77.1   78.9   74.9   1.0 0.000
179.500000 179.541667   76.7   78.4   74.4   1.0 0.000
179.541667 179.583333   76.5   78.7   73.7   1.0 0.000
179.583333 179.625000   76.6   79.1   73.8   1.1 0.000
179.625000 179.666667   76.7   78.7   74.3   1.0 0.000
179.666667 179.708333   77.7   80.5   75.5   1.1 0.000
179.708333 179.750000   78.5   80.6   76.0   1.1 0.000
179.750000 179.791667   79.0   81.4   75.6   1.1 0.000
179.791667 179.833333   79.8   81.8   77.7   0.9 0.000
179.833333 179.875000   80.7   82.6   77.6   1.0 0.000
179.875000 179.916667   81.5   84.6   78.3   1.1 0.000
179.916667 179.958333   81.8   85.0   79.4   1.1 0.000
179.958333 180.000000   82.4   85.1   80.4   1.0 0.000
180.000000 180.041667   83.3   86.0   79.8   1.1 0.000
180.041667 180.083333   84.0   86.6   81.6   1.0 0.000
180.083333 180.125000   84.5   86.6   81.5   1.1 0.000
180.125000 180.166667   84.5   86.9   82.5   1.0 0.000
180.166667 180.208333   84.5   86.4   82.0   0.9 0.000
180.208333 180.250000   85.0   88.0   82.2   1.3 0.000
180.250000 180.291667   84.2   86.3   82.2   1.0 0.000
180.291667 180.333333   84.3   86.6   81.7   1.2 0.000
180.333333 180.375000   84.9   87.8   82.9   1.1 0.000
180.375000 180.416667   85.4   89.0   82.9   1.1 0.000
180.416667 180.458333   85.4   87.8   83.6   0.9 0.000
180.458333 180.500000   85.4   87.9   83.0   1.1 0.000
180.500000 180.541667   85.6   87.3   83.1   0.8 0.000
180.541667 180.583333   84.6   87.4   82.4   1.1 0.000
180.583333 180.625000   84.5   87.6   81.4   1.1 0.000
180.625000 180.666667   83.9   85.9   81.7   1.0 0.000
180.666667 180.708333   84.2   87.3   81.9   1.1 0.000
180.708333 180.750000   84.1   87.0   82.1   1.0 0.000
180.750000 180.791667   83.9   85.9   81.8   1.0 0.000
180.791667 180.833333   83.5   86.0   80.9   1.1 0.000
180.833333 180.875000   83.2   85.7   81.2   1.0 0.000
180.875000 180.916667   83.0   84.7   81.3   0.9 0.000
180.916667 180.958333   83.1   85.5   80.3   1.0 0.000
180.958333 181.000000   83.3   85.3   81.0   0.9 0.000
181.000000 181.041667   83.2   85.0   80.7   1.1 0.000
181.041667 181.083333   83.4   86.7   81.7   1.0 0.000
181.083333 181.125000   83.5   85.7   81.8   0.9 0.000
181.125000 181.166667   83.6   85.8   81.4   1.0 0.000
181.166667 181.208333   83.8   86.1   81.4   1.0 0.000
181.208333 181.250000   84.5   87.4   81.9   1.2 0.000
181.250000 181.291667   84.2   86.5   81.7   0.8 0.000
181.291667 181.333333   84.0   86.1   81.3   1.2 0.000
181.333333 181.375000   83.9   86.4   81.2   1.1 0.000
181.375000 181.416667   83.6   86.0   81.9   1.0 0.000
181.416667 181.458333   83.3   85.9   80.9   1.2 0.000
181.458333 181.500000   82.7   85.8   81.0   0.9 0.000
181.500000 181.541667   83.1   86.1   80.5   1.0 0.000
181.541667 181.583333   82.0   84.5   80.2   0.9 0.000
181.583333 181.625000   81.8   83.8   80.0   0.9 0.000
181.625000 181.666667   81.7   84.8   79.1   1.2 0.000
181.666667 181.708333   81.7   83.6   78.8   1.0 0.000
181.708333 181.750000   82.3   84.5   79.3   1.2 0.000
181.750000 181.791667   83.1   85.6   80.4   1.0 0.000
181.791667 181.833333   82.2   84.9   80.2   1.0 0.000
181.833333 181.875000   81.8   83.9   79.4   1.1 0.000
181.875000 181.916667   81.6   83.6   79.4   1.0 0.000
181.916667 181.958333   81.9   84.1   79.8   1.1 0.000
181.958333 182.000000   82.3   85.0   80.2   1.0 0.000
182.000000 182.041667   82.0   84.0   79.1   1.0 0.000
182.041667 182.083333   81.6   83.6   79.3   0.9 0.000
182.083333 182.125000   81.1   84.2   78.0   1.2 0.000
182.125000 182.166667   80.8   83.3   79.1   0.9 0.000
182.166667 182.208333   81.5   83.5   79.1   1.0 0.000
182.208333 182.250000   80.7   83.2   77.8   1.2 0.000
182.250000 182.291667   80.2   83.1   77.4   1.2 0.000
182.291667 182.333333   79.6   81.8   77.5   1.0 0.000
182.333333 182.375000   79.8   82.8   78.0   0.9 0.000
182.375000 182.416667   79.3   81.3   75.8   1.2 0.000
182.416667 182.458333   79.4   82.6   76.5   1.2 0.000
182.458333 182.500000   79.2   81.3   77.5   1.0 0.000
182.500000 182.541667   79.6   82.4   76.5   1.2 0.000
182.541667 182.583333   79.0   81.5   76.4   1.2 0.000
182.583333 182.625000   78.3   80.6   76.3   1.0 0.000
182.625000 182.666667   77.9   81.8   75.4   1.2 0.000
182.666667 182.708333   78.6   82.5   76.4   1.3 0.000
182.708333 182.750000   79.4   86.3   76.9   1.4 0.000
182.750000 182.791667   79.1  133.4   75.6   7.2 0.000
182.791667 182.833333   78.5   81.4   76.1   1.2 0.000
182.833333 182.875000   77.5   80.6   74.4   1.3 0.000
182.875000 182.916667   77.3   79.9   75.1   1.0 0.000
182.916667 182.958333   77.6   80.7   75.0   1.1 0.000
182.958333 183.000000   77.6   79.4   75.2   0.9 0.000
183.000000 183.041667   78.3   80.7   76.2   1.1 0.000
183.041667 183.083333   78.9   81.2   75.9   1.1 0.000
183.083333 183.125000   79.0   81.3   76.4   1.1 0.000
183.125000 183.166667   79.6   81.5   76.9   1.0 0.000
183.166667 183.208333   79.3   81.9   76.7   1.1 0.000
183.208333 183.250000   79.8   85.9   77.4   1.4 0.000
183.250000 183.291667   79.3   81.3   77.7   0.9 0.000
183.291667 183.333333   79.1   81.0   77.0   0.9 0.000
183.333333 183.375000   80.9   83.2   79.3   0.9 0.000
183.375000 183.416667   80.3   82.7   77.8   1.1 0.000
183.416667 183.458333   80.6   82.7   78.8   0.8 0.000
183.458333 183.500000   80.2   82.5   77.9   1.1 0.000
183.500000 183.541667   78.9   81.2   76.9   0.9 0.000
183.541667 183.583333   77.4   79.3   75.3   0.9 0.000
183.583333 183.625000   77.4   79.5   75.8   1.0 0.000
183.625000 183.666667   76.8   78.9   74.6   1.0 0.000
183.666667 183.708333   76.1   78.0   73.4   1.0 0.000
183.708333 183.750000   75.3   77.5   72.8   1.0 0.000
183.750000 183.791667   75.3   78.4   72.7   1.2 0.000
183.791667 183.833333   75.6   77.5   72.7   0.9 0.000
183.833333 183.875000   75.5   77.7   73.7   0.9 0.000
183.875000 183.916667   76.0   77.9   73.3   0.9 0.000
183.916667 183.958333   75.7   78.4   73.0   1.0 0.000
183.958333 184.000000   75.9   78.8   73.6   1.1 0.000
184.000000 184.041667   76.3   78.4   74.3   0.9 0.000
184.041667 184.083333   76.0   78.1   73.6   1.1 0.000
184.083333 184.125000   76.1   78.5   74.0   1.1 0.000
184.125000 184.166667   76.3   78.4   73.9   1.0 0.000
184.166667 184.208333   76.2   78.0   73.6   1.1 0.000
184.208333 184.250000   76.6   79.2   74.6   0.9 0.000
184.250000 184.291667   76.1   78.7   74.5   0.9 0.000
184.291667 184.333333   76.3   78.8   74.1   1.1 0.000
184.333333 184.375000   76.3   79.1   73.1   1.2 0.000
184.375000 184.416667   77.6   85.4   74.7   1.6 0.000
184.416667 184.458333   77.4   79.4   74.7   1.0 0.000
184.458333 184.500000   77.8   80.7   75.9   1.1 0.000
184.500000 184.541667   78.3   80.1   76.7   0.8 0.000
184.541667 184.583333   77.5   79.7   74.6   1.0 0.000
184.583333 184.625000   79.7   91.0   76.5   2.0 0.000
184.625000 184.666667   84.2   88.1   79.0   2.1 0.000
184.666667 184.708333   86.7   91.3   83.7   1.7 0.000
184.708333 184.750000   90.8   94.3   88.5   1.2 0.000
184.750000 184.791667   90.9   93.3   87.6   1.1 0.000
184.791667 184.833333   89.5   91.7   86.8   1.0 0.000
184.833333 184.875000   90.0   92.2   87.1   1.0 0.000
184.875000 184.916667   90.0   92.2   87.4   1.2 0.000
184.916667 184.958333   88.4   90.6   86.1   0.9 0.000
184.958333 185.000000   88.5   90.5   86.5   1.1 0.000
185.000000 185.041667   86.7   89.7   83.0   1.6 0.000
185.041667 185.083333   84.7   86.7   81.4   1.3 0.000
185.083333 185.125000   84.8   86.6   83.0   0.9 0.000
185.125000 185.166667   85.2   87.7   82.3   1.2 0.000
185.166667 185.208333   84.7   86.7   82.3   1.1 0.000
185.208333 185.250000   84.3   87.4   82.7   0.8 0.000
185.250000 185.291667   84.7   87.1   82.5   1.0 0.000
185.291667 185.333333   85.4   89.6   83.0   1.2 0.000
185.333333 185.375000   84.1   87.1   81.0   1.1 0.000
185.375000 185.416667   85.5   88.0   83.7   1.0 0.000
185.416667 185.458333   87.2   89.7   83.9   1.2 0.000
185.458333 185.500000   90.2   92.6   86.2   1.2 0.000
185.500000 185.541667   92.0   94.0   89.8   1.0 0.000
185.541667 185.583333   91.3   93.7   88.5   1.2 0.000
185.583333 185.625000   89.5   92.2   86.7   1.2 0.000
185.625000 185.666667   87.7   89.7   84.3   1.1 0.000
185.666667 185.708333   89.2   92.7   86.4   1.3 0.000
185.708333 185.750000   89.5   92.6   85.1   1.5 0.000
185.750000 185.791667   87.5   89.8   85.4   1.2 0.000
185.791667 185.833333   88.9   90.4   87.4   0.8 0.000
185.833333 185.875000   89.1   91.2   87.0   0.9 0.000
185.875000 185.916667   89.6   92.0   86.8   1.1 0.000
185.916667 185.958333   88.7   90.8   86.8   1.1 0.000
185.958333 186.000000   89.5   91.5   87.1   1.0 0.000
186.000000 186.041667   89.7   91.5   86.8   0.9 0.000
186.041667 186.083333   89.3   92.7   87.0   1.0 0.000
186.083333 186.125000   89.4   92.5   87.6   1.0 0.000
186.125000 186.166667   89.2   91.4   87.0   1.0 0.000
186.166667 186.208333   89.5   92.2   87.2   1.1 0.000
186.208333 186.250000   90.0   92.0   87.7   1.0 0.000
186.250000 186.291667   90.7   93.4   88.1   1.0 0.000
186.291667 186.333333   90.8   93.6   88.3   1.0 0.000
186.333333 186.375000   91.4   94.1   89.3   1.0 0.000
186.375000 186.416667   91.1   93.3   88.7   1.1 0.000
186.416667 186.458333   91.4   93.6   89.7   0.9 0.000
186.458333 186.500000   91.0   92.5   89.1   0.8 0.000
186.500000 186.541667   91.3   93.5   89.1   1.1 0.000
186.541667 186.583333   90.5   93.8   88.2   1.2 0.000
186.583333 186.625000   88.3   91.1   85.3   1.4 0.000
186.625000 186.666667   86.6   89.0   83.3   1.2 0.000
186.666667 186.708333   86.0   88.0   84.3   0.9 0.000
186.708333 186.750000   86.7   88.8   83.9   1.2 0.000
186.750000 186.791667   87.8   90.4   85.0   1.0 0.000
186.791667 186.833333   88.4   90.6   86.5   1.0 0.000
186.833333 186.875000   88.2   90.5   85.2   1.0 0.000
186.875000 186.916667   89.2   91.1   87.0   0.9 0.000
186.916667 186.958333   89.3   92.2   87.5   1.0 0.000
186.958333 187.000000   90.2   92.6   87.6   1.1 0.000
187.000000 187.041667   91.8   95.2   89.7   1.2 0.000
187.041667 187.083333   93.3   95.3   91.4   1.0 0.000
187.083333 187.125000   93.1   95.4   91.7   0.8 0.000
187.125000 187.166667   92.7   94.7   90.0   1.0 0.000
187.166667 187.208333   91.7   93.7   90.0   0.9 0.000
187.208333 187.250000   92.1   95.0   88.8   1.1 0.000
187.250000 187.291667   93.2   95.8   90.9   1.0 0.000
187.291667 187.333333   93.9   98.7   91.3   1.2 0.000
187.333333 187.375000   94.8   97.0   92.4   1.1 0.000
187.375000 187.416667   93.3   95.0   91.1   0.9 0.000
187.416667 187.458333   92.8   95.6   89.5   1.2 0.000
187.458333 187.500000   90.2   92.9   87.8   1.3 0.000
187.500000 187.541667   88.3   90.3   86.3   0.9 0.000
187.541667 187.583333   87.0   89.2   84.3   1.1 0.000
187.583333 187.625000   84.7   87.6   82.3   1.3 0.000
187.625000 187.666667   83.5   85.5   80.7   1.1 0.000
187.666667 187.708333   81.9   84.7   79.7   1.1 0.000
187.708333 187.750000   80.6   83.0   78.7   1.0 0.000
187.750000 187.791667   82.0   85.1   79.5   1.5 0.000
187.791667 187.833333   83.3   85.8   80.6   1.1 0.000
187.833333 187.875000   84.7   87.2   81.4   1.3 0.000
187.875000 187.916667   84.6   86.9   81.8   1.3 0.000
187.916667 187.958333   83.6   86.2   81.1   1.1 0.000
187.958333 188.000000   83.1   85.7   80.2   1.0 0.000
188.000000 188.041667   83.0   85.0   80.8   1.1 0.000
188.041667 188.083333   83.5   86.2   81.8   1.0 0.000
188.083333 188.125000   83.5   85.8   81.4   1.0 0.000
188.125000 188.166667   83.7   85.6   80.4   1.1 0.000
188.166667 188.208333   84.6   86.6   82.3   0.9 0.000
188.208333 188.250000   84.8   87.5   82.0   1.1 0.000
188.250000 188.291667   85.2   87.1   83.0   0.9 0.000
188.291667 188.333333   84.9   86.8   83.0   0.8 0.000
