CVAO_datasets/Ebas_220513_0745/CV0001G.20150602000000.20170718000000.online_crds.carbon_monoxide.air.7mo.1h.GB12L_CVO_Picarro_G2301.GB12L_Picarro.lev2.nas
71 1001
Read, Katie
GB12L, National Centre for Atmospheric Science, NCAS, , Department of Chemistry, University of York, YO10 5DD, York, United Kingdom
Read, Katie
Independent
1 1
2015 01 01 2017 07 18
0.041667
days from file reference point
6
1 1 1 1 1 1
999.999999 9999.9 9999.9 9999.9 999.9 9.999
end_time of measurement, days from the file reference point
carbon_monoxide, nmol/mol, Statistics=arithmetic mean, Measurement uncertainty=4.0 nmol/mol, Measurement uncertainty expl.="sqrt of bkgrd/sig/sens. Data accuracy = +/-2 nmol/mol."
carbon_monoxide, nmol/mol, Statistics=maximum
carbon_monoxide, nmol/mol, Statistics=minimum
carbon_monoxide, nmol/mol, Statistics=stddev
numflag, no unit
0
51
Data definition:              EBAS_1.1
Set type code:                TU
Timezone:                     UTC
File name:                    CV0001G.20150602000000.20170718000000.online_crds.carbon_monoxide.air.7mo.1h.GB12L_CVO_Picarro_G2301.GB12L_Picarro.lev2.nas
File creation:                20220513054626423000
Export state:                 20220513054557816000
Export filter:                exclude-900,exclude-invalid
Startdate:                    20150101000000
Revision date:                20170718000000
Version:                      1
Version description:          initial revision, manually inspected
Data level:                   2
Period code:                  7mo
Resolution code:              1h
Sample duration:              1h
Orig. time res.:              4s
Station code:                 CV0001G
Platform code:                CV0001S
Station name:                 Cape Verde Atmospheric Observatory
Station GAW-ID:               CVO
Station GAW-Name:             Cape Verde Observatory
Station land use:             Gravel and stone
Station setting:              Coastal
Station GAW type:             G
Station WMO region:           1
Station latitude:             16.86403
Station longitude:            -24.86752
Station altitude:             10.0 m
Measurement height:           10.0 m
Regime:                       IMG
Component:                    carbon_monoxide
Unit:                         nmol/mol
Matrix:                       air
Laboratory code:              GB12L
Instrument type:              online_crds
Instrument name:              CVO_Picarro_G2301
Instrument manufacturer:      Picarro
Instrument model:             G2301
Instrument serial number:     2190-CFKADS2179
Method ref:                   GB12L_Picarro
Calibration scale:            WMO CO X2014A
Calibration standard ID:      NOAA, CB09507
Inlet type:                   Hat or hood
Inlet description:            Downward facing with hood
Volume std. temperature:      273.15 K
Volume std. pressure:         1013.25 hPa
Originator:                   Read, Katie, katie.read@ncas.ac.uk, National centre for Atmospheric Science, NCAS, WACL, University of York, Heslington, YO10 5DD, York, United Kingdom
Submitter:                    Read, Katie, katie.read@ncas.ac.uk, National centre for Atmospheric Science, NCAS, WACL, University of York, Heslington, YO10 5DD, York, United Kingdom
Acknowledgement:              In the event of publications using this data the author must contact the Atmospheric Measurement Facility (AMF), National Centre for Atmospheric Science (NCAS).
Comment:                      Sample not dried
starttime endtime CO CO CO CO flag
152.000000 152.041667 9999.9 9999.9 9999.9 999.9 0.999
152.041667 152.083333 9999.9 9999.9 9999.9 999.9 0.999
152.083333 152.125000 9999.9 9999.9 9999.9 999.9 0.999
152.125000 152.166667 9999.9 9999.9 9999.9 999.9 0.999
152.166667 152.208333 9999.9 9999.9 9999.9 999.9 0.999
152.208333 152.250000 9999.9 9999.9 9999.9 999.9 0.999
152.250000 152.291667 9999.9 9999.9 9999.9 999.9 0.999
152.291667 152.333333 9999.9 9999.9 9999.9 999.9 0.999
152.333333 152.375000 9999.9 9999.9 9999.9 999.9 0.999
152.375000 152.416667 9999.9 9999.9 9999.9 999.9 0.999
152.416667 152.458333 9999.9 9999.9 9999.9 999.9 0.999
152.458333 152.500000 9999.9 9999.9 9999.9 999.9 0.999
152.500000 152.541667 9999.9 9999.9 9999.9 999.9 0.999
152.541667 152.583333 9999.9 9999.9 9999.9 999.9 0.999
152.583333 152.625000 9999.9 9999.9 9999.9 999.9 0.999
152.625000 152.666667 9999.9 9999.9 9999.9 999.9 0.999
152.666667 152.708333 9999.9 9999.9 9999.9 999.9 0.999
152.708333 152.750000 9999.9 9999.9 9999.9 999.9 0.999
152.750000 152.791667 9999.9 9999.9 9999.9 999.9 0.999
152.791667 152.833333   99.4  102.9   96.2   1.7 0.000
152.833333 152.875000   96.1   98.3   93.1   1.2 0.000
152.875000 152.916667   94.6   97.7   91.7   1.2 0.000
152.916667 152.958333   93.9   96.1   91.8   1.1 0.000
152.958333 153.000000   91.9   95.1   89.6   1.1 0.000
153.000000 153.041667   90.3   92.8   88.2   1.2 0.000
153.041667 153.083333   89.3   92.4   87.3   1.2 0.000
153.083333 153.125000   86.6   89.9   83.5   1.4 0.000
153.125000 153.166667   85.8   87.9   83.2   1.0 0.000
153.166667 153.208333   83.8   87.1   81.1   1.3 0.000
153.208333 153.250000   81.7   84.8   79.6   1.1 0.000
153.250000 153.291667   81.2   83.4   78.9   1.1 0.000
153.291667 153.333333   80.9   83.5   78.8   1.1 0.000
153.333333 153.375000   82.0   84.8   79.6   1.1 0.000
153.375000 153.416667   85.0   88.2   82.6   1.3 0.000
153.416667 153.458333   85.2   87.8   82.9   1.0 0.000
153.458333 153.500000   85.6   88.0   82.9   1.1 0.000
153.500000 153.541667   84.8   86.3   82.6   0.9 0.000
153.541667 153.583333   82.4   85.5   80.0   1.3 0.000
153.583333 153.625000   80.6   82.5   78.8   0.9 0.000
153.625000 153.666667   82.0   84.5   79.6   1.1 0.000
153.666667 153.708333   83.3   85.7   80.5   1.2 0.000
153.708333 153.750000   84.8   87.5   81.6   1.2 0.000
153.750000 153.791667   86.0   88.4   83.5   0.9 0.000
153.791667 153.833333   84.9   87.5   82.1   1.1 0.000
153.833333 153.875000   84.6   87.2   82.8   1.0 0.000
153.875000 153.916667   87.2   90.1   84.6   1.4 0.000
153.916667 153.958333   88.8   90.7   86.8   0.9 0.000
153.958333 154.000000   88.7   91.1   85.9   1.1 0.000
154.000000 154.041667   89.4   91.4   86.8   1.1 0.000
154.041667 154.083333   90.4   92.0   88.4   0.8 0.000
154.083333 154.125000   90.2   92.0   88.3   0.8 0.000
154.125000 154.166667   88.6   91.0   86.6   0.9 0.000
154.166667 154.208333   88.2   90.7   86.6   0.9 0.000
154.208333 154.250000   88.1   90.8   85.8   1.0 0.000
154.250000 154.291667   87.3   89.3   85.0   1.0 0.000
154.291667 154.333333   88.2   91.5   85.8   1.3 0.000
154.333333 154.375000   90.9  104.2   88.0   2.1 0.000
154.375000 154.416667   91.6  108.9   88.9   2.5 0.000
154.416667 154.458333   91.6   93.9   88.8   1.0 0.000
154.458333 154.500000   91.1   93.3   88.5   1.2 0.000
154.500000 154.541667   89.0   90.9   86.3   1.0 0.000
154.541667 154.583333   88.8   91.5   86.7   1.0 0.000
154.583333 154.625000   90.5  100.0   88.1   1.6 0.000
154.625000 154.666667   91.5   93.4   89.5   1.0 0.000
154.666667 154.708333   92.7  122.7   90.1   4.1 0.000
154.708333 154.750000   91.5   94.3   88.7   1.2 0.000
154.750000 154.791667   91.3   93.3   89.7   0.9 0.000
154.791667 154.833333   91.0   93.7   87.7   1.2 0.000
154.833333 154.875000   90.3   92.4   87.7   1.1 0.000
154.875000 154.916667   89.7   92.5   86.4   1.2 0.000
154.916667 154.958333   89.0   91.5   86.5   1.1 0.000
154.958333 155.000000   88.6   90.6   86.4   1.0 0.000
155.000000 155.041667   88.8   91.2   86.6   1.0 0.000
155.041667 155.083333   88.3   90.8   86.2   0.9 0.000
155.083333 155.125000   87.7   90.1   85.8   0.9 0.000
155.125000 155.166667   87.2   89.4   85.4   1.0 0.000
155.166667 155.208333   86.0   88.8   83.8   1.1 0.000
155.208333 155.250000   85.9   88.1   83.1   1.0 0.000
155.250000 155.291667   85.5   88.3   82.9   1.0 0.000
155.291667 155.333333   86.0   88.2   83.7   1.1 0.000
155.333333 155.375000   85.9   87.4   84.4   0.9 0.000
155.375000 155.416667   86.6   89.2   83.5   1.1 0.000
155.416667 155.458333   91.0  106.2   86.7   3.6 0.000
155.458333 155.500000   86.7   89.4   84.6   1.0 0.000
155.500000 155.541667   86.2   88.7   83.6   0.9 0.000
155.541667 155.583333   86.1   88.4   83.6   1.0 0.000
155.583333 155.625000   87.0   90.8   84.6   1.3 0.000
155.625000 155.666667   90.2   93.2   87.3   1.6 0.000
155.666667 155.708333   92.8   97.4   89.5   1.7 0.000
155.708333 155.750000   95.1   98.1   92.3   1.3 0.000
155.750000 155.791667   96.5   99.0   94.5   1.0 0.000
155.791667 155.833333   96.5   98.8   94.5   0.9 0.000
155.833333 155.875000   96.0   98.3   93.6   1.1 0.000
155.875000 155.916667   95.7   97.8   93.1   0.9 0.000
155.916667 155.958333   95.0   97.6   92.2   1.1 0.000
155.958333 156.000000   95.8   98.6   92.7   1.0 0.000
156.000000 156.041667   96.4   98.0   94.4   0.8 0.000
156.041667 156.083333   97.0  100.3   94.3   1.2 0.000
156.083333 156.125000   97.0   99.2   94.6   1.1 0.000
156.125000 156.166667   96.5   99.5   94.2   1.2 0.000
156.166667 156.208333   95.6   98.7   93.6   1.2 0.000
156.208333 156.250000   94.8   96.6   92.8   0.8 0.000
156.250000 156.291667   94.1   96.0   91.6   1.0 0.000
156.291667 156.333333   93.5   95.5   91.7   0.9 0.000
156.333333 156.375000   93.1   95.8   90.9   1.0 0.000
156.375000 156.416667   92.8   95.7   90.7   1.1 0.000
156.416667 156.458333   91.8   94.5   89.4   1.3 0.000
156.458333 156.500000   90.4   92.5   86.5   1.2 0.000
156.500000 156.541667   88.7   91.1   85.6   1.2 0.000
156.541667 156.583333   87.6   90.2   86.0   0.9 0.000
156.583333 156.625000   87.3   90.1   84.9   1.2 0.000
156.625000 156.666667   86.8   89.6   84.6   1.1 0.000
156.666667 156.708333   86.2   88.4   83.7   1.1 0.000
156.708333 156.750000   86.1   88.0   83.7   1.1 0.000
156.750000 156.791667   85.8   87.5   83.1   1.1 0.000
156.791667 156.833333   84.6   86.5   81.5   1.2 0.000
156.833333 156.875000   85.4   87.8   83.5   1.0 0.000
156.875000 156.916667   86.0   88.6   83.2   1.1 0.000
156.916667 156.958333   86.3   88.4   83.9   1.0 0.000
156.958333 157.000000   86.0   88.9   83.4   1.1 0.000
157.000000 157.041667   86.5   88.3   84.2   0.9 0.000
157.041667 157.083333   85.9   88.1   84.0   0.9 0.000
157.083333 157.125000   85.9   87.9   83.3   1.0 0.000
157.125000 157.166667   86.1   88.6   83.9   1.0 0.000
157.166667 157.208333   85.8   87.4   84.2   0.8 0.000
157.208333 157.250000   86.2   89.2   83.9   1.0 0.000
157.250000 157.291667   85.9   88.7   82.8   1.2 0.000
157.291667 157.333333   85.9   88.1   83.5   1.0 0.000
157.333333 157.375000   86.4   89.1   84.5   1.0 0.000
157.375000 157.416667   87.7   90.5   85.5   0.9 0.000
157.416667 157.458333   87.6   90.2   85.9   1.0 0.000
157.458333 157.500000   87.5   89.3   85.6   0.9 0.000
157.500000 157.541667   86.7   89.7   84.7   0.9 0.000
157.541667 157.583333   87.5   90.4   84.8   1.1 0.000
157.583333 157.625000   87.7   90.0   84.9   1.1 0.000
157.625000 157.666667   87.1   89.4   83.7   1.1 0.000
157.666667 157.708333   86.7   89.0   84.2   1.2 0.000
157.708333 157.750000   84.5   87.6   81.3   1.0 0.000
157.750000 157.791667   84.6   86.7   83.0   0.9 0.000
157.791667 157.833333   84.9   87.2   82.7   1.1 0.000
157.833333 157.875000   84.9   87.5   82.0   1.1 0.000
157.875000 157.916667   85.2   87.9   83.7   0.9 0.000
157.916667 157.958333   85.1   86.7   83.5   0.8 0.000
157.958333 158.000000   85.3   87.2   82.4   1.0 0.000
158.000000 158.041667   85.8   88.0   83.4   1.1 0.000
158.041667 158.083333   85.5   87.6   83.3   1.0 0.000
158.083333 158.125000   86.0   88.2   83.5   1.1 0.000
158.125000 158.166667   86.2   88.5   82.9   1.1 0.000
158.166667 158.208333   86.4   88.7   84.6   1.0 0.000
158.208333 158.250000   87.0   90.2   84.4   1.1 0.000
158.250000 158.291667   87.3   89.3   84.7   1.0 0.000
158.291667 158.333333   87.1   88.8   85.2   0.9 0.000
158.333333 158.375000   87.1   89.8   85.2   1.1 0.000
158.375000 158.416667   87.3   89.2   85.0   1.0 0.000
158.416667 158.458333   88.0   89.9   85.8   1.0 0.000
158.458333 158.500000   89.3   91.7   87.1   0.9 0.000
158.500000 158.541667   89.0   91.9   86.3   1.0 0.000
158.541667 158.583333   88.8   91.6   86.4   1.2 0.000
158.583333 158.625000   88.9   92.2   86.4   1.3 0.000
158.625000 158.666667   89.1   91.7   87.5   0.9 0.000
158.666667 158.708333   89.1   90.8   86.7   0.9 0.000
158.708333 158.750000   88.2   91.8   85.9   1.3 0.000
158.750000 158.791667   87.9   91.1   85.3   1.1 0.000
158.791667 158.833333   87.6   89.9   85.7   0.9 0.000
158.833333 158.875000   88.1   91.6   86.9   1.1 0.000
158.875000 158.916667   87.6   89.9   85.9   1.0 0.000
158.916667 158.958333   88.3   91.2   85.8   1.0 0.000
158.958333 159.000000   88.1   90.0   85.0   1.0 0.000
159.000000 159.041667   88.5   90.6   86.0   1.0 0.000
159.041667 159.083333   88.7   91.8   85.4   1.1 0.000
159.083333 159.125000   89.0   92.2   87.1   0.9 0.000
159.125000 159.166667   88.8   91.3   87.1   1.0 0.000
159.166667 159.208333   89.3   91.0   87.6   0.9 0.000
159.208333 159.250000   89.2   91.2   86.8   1.0 0.000
159.250000 159.291667   89.4   91.1   87.1   0.9 0.000
159.291667 159.333333   89.4   91.5   87.6   0.9 0.000
159.333333 159.375000   89.4   91.1   86.9   0.9 0.000
159.375000 159.416667   89.5   91.6   86.6   1.0 0.000
159.416667 159.458333   90.0   91.8   87.0   1.0 0.000
159.458333 159.500000   90.3   92.7   88.5   0.9 0.000
159.500000 159.541667   90.2   92.4   87.3   1.1 0.000
159.541667 159.583333   91.2  138.1   88.1   6.5 0.000
159.583333 159.625000   89.8   93.4   87.5   1.1 0.000
159.625000 159.666667   89.5   92.2   87.3   1.1 0.000
159.666667 159.708333   89.5   91.7   86.7   1.0 0.000
159.708333 159.750000   88.8   92.2   86.1   1.1 0.000
159.750000 159.791667   89.2   92.3   87.0   1.1 0.000
159.791667 159.833333   89.3   91.3   87.3   1.0 0.000
159.833333 159.875000   89.6   91.6   87.4   1.0 0.000
159.875000 159.916667   89.7   92.2   87.0   1.0 0.000
159.916667 159.958333   89.7   92.2   87.5   1.1 0.000
159.958333 160.000000   89.9   92.2   87.1   1.0 0.000
160.000000 160.041667   89.5   91.7   87.0   1.1 0.000
160.041667 160.083333   89.6   91.6   87.7   0.9 0.000
160.083333 160.125000   89.6   92.9   86.8   1.0 0.000
160.125000 160.166667   89.9   91.9   88.2   0.9 0.000
160.166667 160.208333   89.4   91.3   87.3   0.9 0.000
160.208333 160.250000   89.4   91.7   87.0   0.9 0.000
160.250000 160.291667   89.1   91.3   86.7   1.0 0.000
160.291667 160.333333   89.4   91.6   87.2   1.0 0.000
160.333333 160.375000   88.8   91.3   86.0   1.1 0.000
160.375000 160.416667   88.3   90.6   86.5   1.1 0.000
160.416667 160.458333   88.2   91.4   85.4   1.2 0.000
160.458333 160.500000   87.6   89.5   86.0   0.9 0.000
160.500000 160.541667   87.8   90.8   85.3   1.3 0.000
160.541667 160.583333   87.4   90.4   85.2   1.2 0.000
160.583333 160.625000   87.2   90.2   84.4   1.1 0.000
160.625000 160.666667   86.7   88.3   84.4   0.9 0.000
160.666667 160.708333   86.9   89.7   85.3   0.9 0.000
160.708333 160.750000   86.4   88.6   84.4   1.0 0.000
160.750000 160.791667   87.1   89.0   85.2   0.9 0.000
160.791667 160.833333   86.9   89.0   83.9   1.2 0.000
160.833333 160.875000   87.1   89.8   84.5   0.9 0.000
160.875000 160.916667   87.4   90.8   84.5   1.0 0.000
160.916667 160.958333   87.4   90.6   85.8   1.1 0.000
160.958333 161.000000   86.6   88.8   84.4   1.1 0.000
161.000000 161.041667   85.3   88.9   83.1   1.1 0.000
161.041667 161.083333   84.9   87.8   81.7   1.0 0.000
161.083333 161.125000   84.1   86.0   81.3   0.9 0.000
161.125000 161.166667   84.1   86.2   82.0   1.0 0.000
161.166667 161.208333   83.6   86.2   81.6   1.0 0.000
161.208333 161.250000   82.6   84.5   80.4   1.0 0.000
161.250000 161.291667   82.5   84.8   79.8   1.0 0.000
161.291667 161.333333   81.6   83.7   79.7   0.9 0.000
161.333333 161.375000   81.0   83.1   78.5   1.0 0.000
161.375000 161.416667   81.1   83.7   77.7   1.3 0.000
161.416667 161.458333   80.9   82.9   77.9   0.9 0.000
161.458333 161.500000   80.5   83.4   77.6   1.0 0.000
161.500000 161.541667   80.8   83.6   77.6   1.0 0.000
161.541667 161.583333   80.9   84.1   78.5   1.2 0.000
161.583333 161.625000   80.4   82.8   78.3   0.9 0.000
161.625000 161.666667   80.6   83.8   78.7   1.0 0.000
161.666667 161.708333   81.3   83.7   78.7   1.0 0.000
161.708333 161.750000   81.0   83.3   79.3   0.9 0.000
161.750000 161.791667   81.1   83.3   78.5   0.9 0.000
161.791667 161.833333   81.2   83.2   78.5   1.0 0.000
161.833333 161.875000   81.1   83.2   78.3   1.1 0.000
161.875000 161.916667   81.1   83.7   78.9   0.9 0.000
161.916667 161.958333   80.4   82.7   78.1   1.0 0.000
161.958333 162.000000   81.1   83.3   78.6   1.1 0.000
162.000000 162.041667   81.2   84.4   78.5   1.1 0.000
162.041667 162.083333   80.6   82.9   78.7   1.0 0.000
162.083333 162.125000   80.7   82.9   78.4   1.0 0.000
162.125000 162.166667   81.4   83.9   78.8   1.1 0.000
162.166667 162.208333   81.0   83.1   78.5   0.9 0.000
162.208333 162.250000   80.7   82.7   78.7   1.0 0.000
162.250000 162.291667   80.5   83.1   76.9   1.3 0.000
162.291667 162.333333   80.2   82.7   78.2   1.0 0.000
162.333333 162.375000   80.0   81.9   76.8   1.2 0.000
162.375000 162.416667   80.0   82.6   77.9   1.0 0.000
162.416667 162.458333   79.7   95.7   77.4   2.4 0.000
162.458333 162.500000   79.6   87.0   77.1   1.8 0.000
162.500000 162.541667   79.8   83.5   77.8   1.2 0.000
162.541667 162.583333   80.1   82.6   77.3   1.2 0.000
162.583333 162.625000   80.0   83.3   78.1   1.1 0.000
162.625000 162.666667   80.5   82.8   78.6   1.1 0.000
162.666667 162.708333   82.0   83.9   79.7   0.9 0.000
162.708333 162.750000   83.2   86.0   80.6   1.0 0.000
162.750000 162.791667   84.1   85.9   81.5   0.9 0.000
162.791667 162.833333   84.7   87.0   82.5   1.0 0.000
162.833333 162.875000   84.3   86.9   82.0   1.1 0.000
162.875000 162.916667   84.3   86.7   82.0   1.1 0.000
162.916667 162.958333   85.0   88.0   82.4   1.1 0.000
162.958333 163.000000   85.6   88.6   81.9   1.2 0.000
163.000000 163.041667   86.3   88.1   83.5   0.9 0.000
163.041667 163.083333   86.5   88.7   84.4   0.9 0.000
163.083333 163.125000   86.6   88.3   84.8   0.8 0.000
163.125000 163.166667   87.1   89.6   84.2   1.0 0.000
163.166667 163.208333   87.4   89.1   84.9   1.0 0.000
163.208333 163.250000   86.6   89.4   84.7   1.0 0.000
163.250000 163.291667   86.8   89.0   84.3   0.9 0.000
163.291667 163.333333   86.7   89.2   84.1   1.0 0.000
163.333333 163.375000   86.7   88.9   84.3   1.0 0.000
163.375000 163.416667   86.6   88.5   84.7   0.9 0.000
163.416667 163.458333   86.6   88.6   83.5   1.2 0.000
163.458333 163.500000   86.6   88.7   84.1   1.1 0.000
163.500000 163.541667   87.2  104.9   83.8   3.1 0.000
163.541667 163.583333   87.5  108.0   84.9   3.3 0.000
163.583333 163.625000   86.4   88.1   84.2   0.9 0.000
163.625000 163.666667   87.2   99.0   84.0   2.0 0.000
163.666667 163.708333   87.3   89.4   84.1   1.1 0.000
163.708333 163.750000   87.6   89.5   85.5   0.9 0.000
163.750000 163.791667   87.9   90.3   85.1   1.0 0.000
163.791667 163.833333   88.3   90.8   86.0   1.0 0.000
163.833333 163.875000   88.2   90.6   85.8   1.0 0.000
163.875000 163.916667   89.0   91.4   86.7   1.0 0.000
163.916667 163.958333   89.6   91.3   88.0   0.9 0.000
163.958333 164.000000   89.2   91.3   86.2   1.1 0.000
164.000000 164.041667   88.4   90.8   85.5   1.0 0.000
164.041667 164.083333   88.3   90.9   85.8   1.0 0.000
