CVAO_datasets/Ebas_220513_0745/CV0001G.20150602000000.20170718000000.online_crds.carbon_monoxide.air.7mo.1h.GB12L_CVO_Picarro_G2301.GB12L_Picarro.lev2.nas
71 1001
Read, Katie
GB12L, National Centre for Atmospheric Science, NCAS, , Department of Chemistry, University of York, YO10 5DD, York, United Kingdom
Read, Katie
Independent
1 1
2015 01 01 2017 07 18
0.041667
days from file reference point
6
1 1 1 1 1 1
999.999999 9999.9 9999.9 9999.9 999.9 9.999
end_time of measurement, days from the file reference point
carbon_monoxide, nmol/mol, Statistics=arithmetic mean, Measurement uncertainty=4.0 nmol/mol, Measurement uncertainty expl.="sqrt of bkgrd/sig/sens. Data accuracy = +/-2 nmol/mol."
carbon_monoxide, nmol/mol, Statistics=maximum
carbon_monoxide, nmol/mol, Statistics=minimum
carbon_monoxide, nmol/mol, Statistics=stddev
numflag, no unit
0
51
Data definition:              EBAS_1.1
Set type code:                TU
Timezone:                     UTC
File name:                    CV0001G.20150602000000.20170718000000.online_crds.carbon_monoxide.air.7mo.1h.GB12L_CVO_Picarro_G2301.GB12L_Picarro.lev2.nas
File creation:                20220513054626423000
Export state:                 20220513054557816000
Export filter:                exclude-900,exclude-invalid
Startdate:                    20150101000000
Revision date:                20170718000000
Version:                      1
Version description:          initial revision, manually inspected
Data level:                   2
Period code:                  7mo
Resolution code:              1h
Sample duration:              1h
Orig. time res.:              4s
Station code:                 CV0001G
Platform code:                CV0001S
Station name:                 Cape Verde Atmospheric Observatory
Station GAW-ID:               CVO
Station GAW-Name:             Cape Verde Observatory
Station land use:             Gravel and stone
Station setting:              Coastal
Station GAW type:             G
Station WMO region:           1
Station latitude:             16.86403
Station longitude:            -24.86752
Station altitude:             10.0 m
Measurement height:           10.0 m
Regime:                       IMG
Component:                    carbon_monoxide
Unit:                         nmol/mol
Matrix:                       air
Laboratory code:              GB12L
Instrument type:              online_crds
Instrument name:              CVO_Picarro_G2301
Instrument manufacturer:      Picarro
Instrument model:             G2301
Instrument serial number:     2190-CFKADS2179
Method ref:                   GB12L_Picarro
Calibration scale:            WMO CO X2014A
Calibration standard ID:      NOAA, CB09507
Inlet type:                   Hat or hood
Inlet description:            Downward facing with hood
Volume std. temperature:      273.15 K
Volume std. pressure:         1013.25 hPa
Originator:                   Read, Katie, katie.read@ncas.ac.uk, National centre for Atmospheric Science, NCAS, WACL, University of York, Heslington, YO10 5DD, York, United Kingdom
Submitter:                    Read, Katie, katie.read@ncas.ac.uk, National centre for Atmospheric Science, NCAS, WACL, University of York, Heslington, YO10 5DD, York, United Kingdom
Acknowledgement:              In the event of publications using this data the author must contact the Atmospheric Measurement Facility (AMF), National Centre for Atmospheric Science (NCAS).
Comment:                      Sample not dried
starttime endtime CO CO CO CO flag
[from data line 2328]
249.000000 249.041667 9999.9 9999.9 9999.9 999.9 0.999
249.041667 249.083333 9999.9 9999.9 9999.9 999.9 0.999
249.083333 249.125000 9999.9 9999.9 9999.9 999.9 0.999
249.125000 249.166667 9999.9 9999.9 9999.9 999.9 0.999
249.166667 249.208333 9999.9 9999.9 9999.9 999.9 0.999
249.208333 249.250000 9999.9 9999.9 9999.9 999.9 0.999
249.250000 249.291667 9999.9 9999.9 9999.9 999.9 0.999
249.291667 249.333333 9999.9 9999.9 9999.9 999.9 0.999
249.333333 249.375000 9999.9 9999.9 9999.9 999.9 0.999
249.375000 249.416667 9999.9 9999.9 9999.9 999.9 0.999
249.416667 249.458333 9999.9 9999.9 9999.9 999.9 0.999
249.458333 249.500000 9999.9 9999.9 9999.9 999.9 0.999
249.500000 249.541667 9999.9 9999.9 9999.9 999.9 0.999
249.541667 249.583333 9999.9 9999.9 9999.9 999.9 0.999
249.583333 249.625000 9999.9 9999.9 9999.9 999.9 0.999
249.625000 249.666667 9999.9 9999.9 9999.9 999.9 0.999
249.666667 249.708333 9999.9 9999.9 9999.9 999.9 0.999
249.708333 249.750000 9999.9 9999.9 9999.9 999.9 0.999
249.750000 249.791667 9999.9 9999.9 9999.9 999.9 0.999
249.791667 249.833333 9999.9 9999.9 9999.9 999.9 0.999
249.833333 249.875000   77.9   79.2   76.6   1.0 0.000
249.875000 249.916667   78.3   80.9   75.2   1.0 0.000
249.916667 249.958333   78.6   80.4   76.2   1.0 0.000
249.958333 250.000000   78.4   80.8   75.7   1.0 0.000
250.000000 250.041667   78.9   80.6   75.8   1.0 0.000
250.041667 250.083333   79.0   81.5   76.5   1.1 0.000
250.083333 250.125000   79.2   81.5   75.5   1.0 0.000
250.125000 250.166667   79.0   81.3   77.2   0.9 0.000
250.166667 250.208333   79.6   81.5   77.0   1.0 0.000
250.208333 250.250000   80.0   83.1   77.5   1.1 0.000
250.250000 250.291667   81.6   85.1   78.0   1.5 0.000
250.291667 250.333333   82.8   85.6   80.4   1.1 0.000
250.333333 250.375000   84.3   86.1   81.5   0.9 0.000
250.375000 250.416667   85.8   88.1   82.3   1.1 0.000
250.416667 250.458333   86.3   89.0   83.6   1.2 0.000
250.458333 250.500000   85.9   88.3   84.2   0.8 0.000
250.500000 250.541667   86.1   88.9   83.7   1.1 0.000
250.541667 250.583333   86.6   88.9   84.5   1.0 0.000
250.583333 250.625000   87.9   90.6   86.1   1.0 0.000
250.625000 250.666667   87.5   90.4   84.7   1.3 0.000
250.666667 250.708333   88.1  107.8   84.6   3.3 0.000
250.708333 250.750000   87.5   99.7   85.1   2.2 0.000
250.750000 250.791667   86.5   89.2   84.6   1.1 0.000
250.791667 250.833333   86.3   88.5   83.7   1.2 0.000
250.833333 250.875000   87.1   89.2   84.4   0.9 0.000
250.875000 250.916667   87.7   91.8   85.8   1.1 0.000
250.916667 250.958333   87.7   90.1   84.8   1.0 0.000
250.958333 251.000000   87.7   90.0   85.7   0.8 0.000
251.000000 251.041667   87.9   90.5   85.3   1.0 0.000
251.041667 251.083333   87.8   90.8   85.1   1.3 0.000
251.083333 251.125000   86.3   88.8   84.5   1.1 0.000
251.125000 251.166667   86.4   90.0   84.6   1.0 0.000
251.166667 251.208333   86.2   89.1   83.1   1.3 0.000
251.208333 251.250000   87.2   89.1   85.3   0.9 0.000
251.250000 251.291667   85.9   88.2   83.5   1.1 0.000
251.291667 251.333333   85.4   87.1   83.2   1.0 0.000
251.333333 251.375000   84.6   87.3   82.5   0.9 0.000
251.375000 251.416667   84.6   86.6   83.2   0.9 0.000
251.416667 251.458333   85.2   87.6   81.9   1.1 0.000
251.458333 251.500000   84.8   86.6   83.0   1.0 0.000
251.500000 251.541667   84.4   86.5   81.8   0.9 0.000
251.541667 251.583333   84.3   87.7   81.1   1.1 0.000
251.583333 251.625000   84.3   86.6   82.5   1.1 0.000
251.625000 251.666667   84.2   87.6   82.0   1.3 0.000
251.666667 251.708333   84.9   87.3   82.3   1.2 0.000
251.708333 251.750000   84.7   86.6   82.1   1.0 0.000
251.750000 251.791667   84.7   89.8   82.1   1.2 0.000
251.791667 251.833333   84.8   87.1   82.2   0.9 0.000
251.833333 251.875000   84.2   86.2   81.1   1.0 0.000
251.875000 251.916667   84.6   87.1   81.5   1.2 0.000
251.916667 251.958333   84.5   87.5   82.3   1.0 0.000
251.958333 252.000000   84.9   88.0   82.1   1.3 0.000
252.000000 252.041667   85.3   88.1   82.6   1.1 0.000
252.041667 252.083333   86.0   88.3   83.5   1.0 0.000
252.083333 252.125000   86.2   88.0   84.2   1.0 0.000
252.125000 252.166667   86.0   88.8   83.5   1.2 0.000
252.166667 252.208333   86.2   88.6   84.0   1.1 0.000
252.208333 252.250000   86.0   89.0   84.1   1.1 0.000
252.250000 252.291667   85.5   88.0   83.7   1.1 0.000
252.291667 252.333333   85.0   87.1   82.5   0.9 0.000
252.333333 252.375000   88.6  112.9   83.8   5.6 0.000
252.375000 252.416667   86.1  100.3   82.9   3.0 0.000
252.416667 252.458333   87.2  112.1   83.4   5.2 0.000
252.458333 252.500000   88.2  150.1   84.2   8.8 0.000
252.500000 252.541667   86.9   99.8   83.9   2.6 0.000
252.541667 252.583333   87.0   89.7   84.7   1.1 0.000
252.583333 252.625000   88.7  107.0   86.4   2.9 0.000
252.625000 252.666667   87.4   89.3   85.2   1.0 0.000
252.666667 252.708333   87.7   90.5   85.2   1.1 0.000
252.708333 252.750000   88.3   99.2   85.9   1.8 0.000
252.750000 252.791667   88.6   90.9   85.7   1.1 0.000
252.791667 252.833333   88.4   90.4   85.0   1.1 0.000
252.833333 252.875000   88.8   91.0   86.2   1.1 0.000
252.875000 252.916667   89.0   91.1   86.4   0.9 0.000
252.916667 252.958333   88.7   91.4   86.3   1.1 0.000
252.958333 253.000000   88.1   90.0   85.8   1.0 0.000
253.000000 253.041667   87.9   90.9   83.9   1.1 0.000
253.041667 253.083333   88.1   90.3   85.5   1.1 0.000
253.083333 253.125000   88.8   90.9   86.7   0.8 0.000
253.125000 253.166667   88.9   90.8   86.6   1.0 0.000
253.166667 253.208333   89.6   92.1   86.3   1.3 0.000
253.208333 253.250000   91.3   93.1   88.6   1.0 0.000
253.250000 253.291667   93.0   95.5   90.5   1.2 0.000
253.291667 253.333333   93.2   96.0   90.8   1.0 0.000
253.333333 253.375000   93.5   95.9   91.2   0.9 0.000
253.375000 253.416667   95.4  122.5   92.3   4.7 0.000
253.416667 253.458333   95.7   98.7   93.4   1.1 0.000
253.458333 253.500000   97.2   99.2   94.4   1.0 0.000
253.500000 253.541667   99.2  110.5   96.8   1.8 0.000
253.541667 253.583333   99.1  101.1   97.0   1.0 0.000
253.583333 253.625000   99.3  102.1   96.8   1.1 0.000
253.625000 253.666667   98.7  101.1   96.1   1.2 0.000
253.666667 253.708333   99.0  101.5   97.1   0.9 0.000
253.708333 253.750000   99.3  101.1   96.8   1.1 0.000
253.750000 253.791667   99.1  101.1   96.6   1.0 0.000
253.791667 253.833333  100.0  101.9   98.0   1.0 0.000
253.833333 253.875000   99.9  102.5   97.4   0.9 0.000
253.875000 253.916667   98.8  101.4   96.6   1.1 0.000
253.916667 253.958333   97.2  101.7   95.0   1.3 0.000
253.958333 254.000000   97.0   99.0   95.4   0.9 0.000
254.000000 254.041667   97.6  100.5   95.2   1.1 0.000
254.041667 254.083333   98.1  100.6   95.3   1.1 0.000
254.083333 254.125000   98.7  100.4   96.2   1.0 0.000
254.125000 254.166667   98.9  101.3   96.7   1.1 0.000
254.166667 254.208333  100.0  101.9   98.0   1.0 0.000
254.208333 254.250000  100.3  102.8   97.3   1.0 0.000
254.250000 254.291667  101.1  103.1   99.0   0.9 0.000
254.291667 254.333333  101.9  104.1   99.1   1.1 0.000
254.333333 254.375000  102.5  112.9   99.8   2.3 0.000
254.375000 254.416667  102.7  110.9   98.8   1.8 0.000
254.416667 254.458333  100.1  109.7   96.4   1.8 0.000
254.458333 254.500000  101.2  103.3   98.2   1.0 0.000
254.500000 254.541667  100.1  102.8   96.9   1.4 0.000
254.541667 254.583333   98.5  100.5   96.1   0.9 0.000
254.583333 254.625000   97.8  100.0   94.7   1.2 0.000
254.625000 254.666667   96.6   98.9   94.1   1.0 0.000
254.666667 254.708333   97.1   99.1   95.1   0.9 0.000
254.708333 254.750000   96.7   99.8   94.0   1.2 0.000
254.750000 254.791667   96.8   99.2   94.8   0.9 0.000
254.791667 254.833333   97.3   99.1   95.1   1.0 0.000
254.833333 254.875000   97.0   99.6   94.5   1.1 0.000
254.875000 254.916667   98.2  101.9   95.3   1.4 0.000
254.916667 254.958333   99.8  101.6   97.8   1.0 0.000
254.958333 255.000000   97.6  100.4   94.7   1.5 0.000
255.000000 255.041667   93.5   96.4   90.9   1.3 0.000
255.041667 255.083333   91.0   94.0   88.9   1.0 0.000
255.083333 255.125000   89.8   91.5   87.7   0.9 0.000
255.125000 255.166667   88.6   91.7   86.0   1.0 0.000
255.166667 255.208333   87.7   90.4   83.8   1.3 0.000
255.208333 255.250000   86.6   88.9   84.3   1.0 0.000
255.250000 255.291667   86.1   88.2   83.7   1.1 0.000
255.291667 255.333333   86.8   89.4   85.0   1.1 0.000
255.333333 255.375000   86.8   89.8   84.7   1.1 0.000
255.375000 255.416667   86.1   89.0   83.7   1.1 0.000
255.416667 255.458333   85.9   88.5   83.2   1.1 0.000
255.458333 255.500000   85.1   87.6   82.6   1.1 0.000
255.500000 255.541667   84.2   86.7   81.1   1.2 0.000
255.541667 255.583333   82.9   85.7   80.7   1.0 0.000
255.583333 255.625000   81.4   83.7   77.5   1.2 0.000
255.625000 255.666667   81.0   83.7   77.8   1.2 0.000
255.666667 255.708333   80.1   82.5   78.1   0.9 0.000
255.708333 255.750000   80.7   82.9   78.1   1.1 0.000
255.750000 255.791667   79.3   81.9   76.9   1.1 0.000
255.791667 255.833333   79.9   82.6   77.0   1.2 0.000
255.833333 255.875000   80.2   82.1   78.1   0.9 0.000
255.875000 255.916667   79.7   81.5   76.9   0.9 0.000
255.916667 255.958333   79.2   81.1   76.9   1.0 0.000
255.958333 256.000000   80.2   82.7   77.4   1.1 0.000
256.000000 256.041667   80.1   82.5   77.5   1.0 0.000
256.041667 256.083333   79.8   82.5   76.8   1.1 0.000
256.083333 256.125000   80.1   83.0   77.1   1.2 0.000
256.125000 256.166667   80.6   83.8   78.3   1.0 0.000
256.166667 256.208333   80.0   82.4   77.5   1.1 0.000
256.208333 256.250000   80.2   82.8   77.5   1.2 0.000
256.250000 256.291667   79.5   82.9   76.6   1.2 0.000
256.291667 256.333333   78.7   82.0   75.6   1.1 0.000
256.333333 256.375000   79.6   82.1   75.2   1.3 0.000
256.375000 256.416667   81.0   83.1   78.9   1.0 0.000
256.416667 256.458333   80.8   90.4   78.5   2.0 0.000
256.458333 256.500000   80.4   92.1   77.1   2.1 0.000
256.500000 256.541667   79.2   82.4   75.7   1.1 0.000
256.541667 256.583333   80.2   82.6   77.0   1.1 0.000
256.583333 256.625000   80.2   83.1   77.9   1.0 0.000
256.625000 256.666667   81.6   84.1   78.3   1.2 0.000
256.666667 256.708333   83.1   85.8   80.3   1.2 0.000
256.708333 256.750000   83.5   86.9   81.6   1.1 0.000
256.750000 256.791667   81.9   84.4   79.4   1.1 0.000
256.791667 256.833333   79.9   82.1   76.9   1.2 0.000
256.833333 256.875000   79.1   81.4   76.9   1.0 0.000
256.875000 256.916667   78.8   81.9   76.4   1.1 0.000
256.916667 256.958333   77.7   79.6   75.4   0.9 0.000
256.958333 257.000000   77.7   80.6   75.4   1.0 0.000
257.000000 257.041667   78.1   80.6   75.7   1.1 0.000
257.041667 257.083333   77.2   79.4   74.9   1.0 0.000
257.083333 257.125000   77.5   80.2   75.2   0.9 0.000
257.125000 257.166667   77.9   80.2   75.8   1.0 0.000
257.166667 257.208333   78.4   80.1   75.5   1.0 0.000
257.208333 257.250000   77.8   80.4   75.7   1.0 0.000
257.250000 257.291667   77.6   79.5   74.9   1.0 0.000
257.291667 257.333333   77.3   80.5   75.6   0.9 0.000
257.333333 257.375000   77.8   95.6   74.8   2.8 0.000
257.375000 257.416667   77.3   92.6   74.8   2.4 0.000
257.416667 257.458333   76.4   78.5   73.7   1.1 0.000
257.458333 257.500000   77.0   79.2   74.6   1.0 0.000
257.500000 257.541667   76.7   85.1   74.5   1.6 0.000
257.541667 257.583333   77.1   79.7   74.6   1.1 0.000
257.583333 257.625000   77.1   79.8   74.8   1.0 0.000
257.625000 257.666667   76.6   78.9   74.7   1.0 0.000
257.666667 257.708333   77.4   79.3   75.6   1.0 0.000
257.708333 257.750000   77.6   79.5   75.6   1.0 0.000
257.750000 257.791667   77.6   80.7   75.5   1.1 0.000
257.791667 257.833333   77.8   79.9   75.6   1.1 0.000
257.833333 257.875000   78.1   80.1   76.1   1.0 0.000
257.875000 257.916667   77.4   80.2   75.0   1.0 0.000
257.916667 257.958333   77.7   81.0   74.7   1.2 0.000
257.958333 258.000000   77.7   80.3   75.8   0.9 0.000
258.000000 258.041667   77.8   81.2   75.7   1.2 0.000
258.041667 258.083333   77.9   79.9   75.7   1.0 0.000
258.083333 258.125000   78.0   79.6   76.2   0.9 0.000
258.125000 258.166667   78.9   81.2   76.6   1.1 0.000
258.166667 258.208333   79.6   81.5   77.5   1.1 0.000
258.208333 258.250000   79.4   81.6   77.3   1.0 0.000
258.250000 258.291667   78.3   80.3   76.5   1.0 0.000
258.291667 258.333333   77.9   80.3   76.0   1.0 0.000
258.333333 258.375000   78.5   92.2   75.6   2.4 0.000
258.375000 258.416667   80.2   98.1   75.9   3.7 0.000
258.416667 258.458333   80.8   83.8   77.9   1.2 0.000
258.458333 258.500000   82.3   84.7   79.5   1.1 0.000
258.500000 258.541667   83.0   88.4   80.7   1.5 0.000
258.541667 258.583333   82.6   85.7   78.7   1.3 0.000
258.583333 258.625000   82.1   83.6   80.5   0.8 0.000
258.625000 258.666667   81.4   83.6   79.4   1.0 0.000
258.666667 258.708333   81.9   85.5   79.8   1.1 0.000
258.708333 258.750000   82.5   84.8   80.3   1.1 0.000
258.750000 258.791667   82.9   86.3   80.1   1.1 0.000
258.791667 258.833333   83.0   84.7   81.0   0.9 0.000
258.833333 258.875000   83.4   85.6   81.0   1.1 0.000
258.875000 258.916667   83.5   86.1   81.1   1.1 0.000
258.916667 258.958333   84.5   87.1   81.8   1.2 0.000
258.958333 259.000000   86.0   88.8   83.4   1.1 0.000
259.000000 259.041667   88.2   91.3   85.9   1.1 0.000
259.041667 259.083333   89.5   92.7   86.2   1.3 0.000
259.083333 259.125000   90.3   92.6   87.8   1.0 0.000
259.125000 259.166667   89.5   92.0   86.3   1.3 0.000
259.166667 259.208333   88.6   90.8   86.4   1.1 0.000
259.208333 259.250000   88.2   90.2   86.1   1.0 0.000
259.250000 259.291667   87.9   90.3   85.5   1.1 0.000
259.291667 259.333333   90.7  123.9   85.1   7.7 0.000
259.333333 259.375000   87.8   90.6   86.1   1.0 0.000
259.375000 259.416667   88.6  103.0   85.6   3.6 0.000
259.416667 259.458333   88.9  106.0   86.5   2.6 0.000
259.458333 259.500000   90.1  125.9   86.8   5.2 0.000
259.500000 259.541667   88.8   91.2   86.2   1.2 0.000
259.541667 259.583333   88.2   91.7   86.1   1.3 0.000
259.583333 259.625000   88.2   91.3   85.0   1.3 0.000
259.625000 259.666667   88.8   92.2   85.4   1.2 0.000
259.666667 259.708333   89.2   91.9   87.0   1.0 0.000
259.708333 259.750000   89.6   92.2   86.2   1.2 0.000
259.750000 259.791667   89.9   93.2   87.2   1.1 0.000
259.791667 259.833333   89.8   92.5   87.2   1.2 0.000
259.833333 259.875000   89.8   92.4   87.6   1.1 0.000
259.875000 259.916667   90.7   93.9   88.4   1.0 0.000
259.916667 259.958333   91.5   93.9   89.1   1.0 0.000
259.958333 260.000000   91.6   94.3   88.6   1.1 0.000
260.000000 260.041667   91.9   94.0   89.7   0.9 0.000
260.041667 260.083333   92.2   94.8   89.9   1.0 0.000
260.083333 260.125000   92.4   94.9   89.9   1.1 0.000
260.125000 260.166667   92.1   94.4   89.9   1.1 0.000
260.166667 260.208333   91.4   93.8   89.2   1.0 0.000
260.208333 260.250000   91.2   94.6   88.7   1.3 0.000
260.250000 260.291667   91.6   94.6   89.5   1.0 0.000
260.291667 260.333333   91.2  103.4   88.9   1.8 0.000
260.333333 260.375000   91.4   94.6   88.9   1.1 0.000
260.375000 260.416667   91.0   93.6   89.4   0.9 0.000
260.416667 260.458333   91.5  111.2   88.5   3.6 0.000
260.458333 260.500000   90.3   92.8   87.6   1.2 0.000
260.500000 260.541667   89.7   93.4   87.8   1.3 0.000
260.541667 260.583333   88.8   96.1   85.6   1.5 0.000
260.583333 260.625000   88.3   90.3   86.1   1.0 0.000
260.625000 260.666667   87.9   90.7   85.8   1.0 0.000
260.666667 260.708333   87.3   89.8   85.0   1.0 0.000
260.708333 260.750000   86.8   88.7   84.3   1.0 0.000
260.750000 260.791667   87.4   89.2   83.6   1.1 0.000
260.791667 260.833333   87.3   90.4   85.4   1.0 0.000
260.833333 260.875000   87.6   89.6   86.0   0.9 0.000
260.875000 260.916667   87.2   90.1   84.9   1.1 0.000
260.916667 260.958333   86.2   88.6   83.5   1.0 0.000
260.958333 261.000000   86.2   88.8   83.8   1.0 0.000
261.000000 261.041667   86.5   92.8   83.8   1.3 0.000
261.041667 261.083333   85.8   89.0   82.9   1.1 0.000
